250 1202
0 21 16
1 19 18
2 49 26
3 38 22
4 13 35
5 18 23
6 22 27
7 25 24
8 28 40
9 24 45
10 30 10
11 34 47
12 29 15
13 9 33
14 45 31
15 15 8
16 33 26
17 8 39
18 43 10
19 13 34
20 47 32
21 42 41
22 13 45
23 47 34
24 17 30
25 30 41
26 49 11
27 36 29
28 12 27
29 19 22
30 47 19
31 10 46
32 16 32
33 26 16
34 21 35
35 35 7
36 14 8
37 32 21
38 26 28
39 48 29
40 6 47
41 46 16
42 46 46
43 30 7
44 25 41
45 26 8
46 8 14
47 17 14
48 33 19
49 32 17
50 12 48
51 48 23
52 5 20
53 9 27
54 14 16
55 10 13
56 47 6
57 32 49
58 15 21
59 25 26
60 28 14
61 43 9
62 41 46
63 37 15
64 49 24
65 28 5
66 33 17
67 35 10
68 39 28
69 36 21
70 29 26
71 49 46
72 31 21
73 7 9
74 34 36
75 14 39
76 19 26
77 35 12
78 44 23
79 31 25
80 18 27
81 38 48
82 42 42
83 48 10
84 10 24
85 7 30
86 30 17
87 25 33
88 41 8
89 21 35
90 29 21
91 6 44
92 22 49
93 15 30
94 45 5
95 40 46
96 12 15
97 33 32
98 47 40
99 20 35
100 40 39
101 32 14
102 28 12
103 33 10
104 40 32
105 46 39
106 10 14
107 7 36
108 47 35
109 45 9
110 18 25
111 27 7
112 15 33
113 12 29
114 49 48
115 35 7
116 30 37
117 14 26
118 32 34
119 40 21
120 24 38
121 32 7
122 16 37
123 12 26
124 7 28
125 8 34
126 48 21
127 40 28
128 8 16
129 31 9
130 26 22
131 35 43
132 8 17
133 32 39
134 24 21
135 23 11
136 18 40
137 14 46
138 43 14
139 5 36
140 46 44
141 23 28
142 5 12
143 27 36
144 9 5
145 17 6
146 38 13
147 27 33
148 19 30
149 18 8
150 45 49
151 34 33
152 20 41
153 32 7
154 22 19
155 28 31
156 42 19
157 29 22
158 27 39
159 10 46
160 42 17
161 48 34
162 22 36
163 38 40
164 31 48
165 24 35
166 14 34
167 13 32
168 41 30
169 28 28
170 29 49
171 39 19
172 28 39
173 7 27
174 23 47
175 13 38
176 35 32
177 41 9
178 28 13
179 8 31
180 34 6
181 28 13
182 9 46
183 38 13
184 5 25
185 31 27
186 24 22
187 37 39
188 5 9
189 5 27
190 5 26
191 10 6
192 34 26
193 18 19
194 7 40
195 7 13
196 46 34
197 12 21
198 7 30
199 5 29
200 31 18
201 14 47
202 24 46
203 11 33
204 20 38
205 9 19
206 19 16
207 14 40
208 33 41
209 30 29
210 5 26
211 23 15
212 38 37
213 47 6
214 37 11
215 5 5
216 10 31
217 43 31
218 39 12
219 6 31
220 21 40
221 34 20
222 16 36
223 13 31
224 24 44
225 26 37
226 31 6
227 23 31
228 34 33
229 40 48
230 11 40
231 33 48
232 16 26
233 46 37
234 25 17
235 31 28
236 19 43
237 30 9
238 46 46
239 8 8
240 26 17
241 25 22
242 34 34
243 29 17
244 19 18
245 5 8
246 9 36
247 23 43
248 49 16
249 10 43
0 196
0 166
0 138
0 170
0 144
0 178
0 152
0 219
0 156
1 194
1 200
1 137
1 173
1 175
1 207
1 179
1 212
1 183
2 160
2 166
2 136
2 203
2 204
2 151
2 189
3 194
3 164
3 167
3 203
3 140
3 149
3 155
3 189
4 227
4 166
4 144
4 147
4 219
4 223
5 160
5 163
5 138
5 142
5 177
5 156
6 227
6 198
6 134
6 206
6 210
6 219
7 160
7 225
7 195
7 199
7 153
7 157
7 191
8 225
8 169
8 173
8 180
8 220
9 171
9 177
9 150
9 215
9 186
10 228
10 197
10 134
10 140
10 210
10 184
10 220
11 171
11 204
11 206
11 174
11 148
11 181
11 149
11 183
11 190
12 192
12 165
12 135
12 172
12 185
12 218
13 164
13 202
13 145
13 179
13 180
13 182
13 190
14 160
14 205
14 143
14 210
14 219
15 162
15 207
15 178
15 212
15 222
16 217
16 167
16 146
16 153
16 188
17 192
17 211
17 186
17 222
17 223
18 162
18 165
18 151
18 217
18 157
18 223
19 195
19 229
19 168
19 186
19 153
19 154
19 155
19 220
19 191
20 175
20 149
20 214
20 189
20 186
20 157
20 191
21 177
21 212
21 149
21 183
21 187
22 192
22 161
22 226
22 138
22 176
22 216
22 185
22 187
22 158
23 229
23 136
23 171
23 204
23 154
23 156
23 223
24 196
24 166
24 169
24 141
24 149
24 219
25 161
25 196
25 199
25 204
25 183
26 230
26 135
26 172
26 146
26 181
26 188
27 160
27 208
27 146
27 213
27 183
28 195
28 141
28 180
28 213
28 152
28 156
28 222
29 224
29 194
29 219
29 208
29 177
29 210
29 213
29 152
29 155
30 194
30 167
30 203
30 207
30 148
30 182
30 219
31 228
31 138
31 140
31 206
31 175
31 209
32 197
32 144
32 150
32 214
32 184
32 154
32 221
33 195
33 218
33 176
33 209
33 154
33 188
33 191
34 197
34 199
34 176
34 214
34 219
35 196
35 140
35 173
35 206
35 175
35 144
35 146
35 151
36 133
36 200
36 172
36 175
36 178
36 183
37 164
37 198
37 138
37 139
37 202
37 172
37 177
37 182
37 190
38 136
38 137
38 219
38 189
38 223
39 164
39 138
39 205
39 146
39 217
40 162
40 196
40 199
40 138
40 172
40 204
40 205
40 149
40 222
41 224
41 193
41 136
41 172
41 175
41 176
41 144
41 179
41 215
42 194
42 226
42 230
42 167
42 168
42 207
42 176
42 218
43 226
43 194
43 230
43 170
43 175
43 212
43 181
43 185
43 188
44 196
44 201
44 138
44 204
44 143
44 210
44 184
44 159
45 195
45 166
45 211
45 181
45 191
46 146
46 220
46 183
46 185
46 188
47 162
47 134
47 200
47 139
47 203
47 176
47 213
47 182
48 197
48 166
48 168
48 144
48 213
49 227
49 229
49 168
49 201
49 177
50 162
50 165
50 200
50 206
50 145
50 177
50 147
50 215
51 163
51 205
51 206
51 213
51 182
52 171
52 177
52 180
52 151
52 216
52 221
53 160
53 229
53 166
53 201
53 169
53 184
53 187
53 223
54 165
54 169
54 204
54 206
54 180
54 215
55 162
55 196
55 133
55 230
55 170
55 205
55 141
56 160
56 153
56 228
56 134
56 135
56 201
56 207
56 179
56 185
57 227
57 166
57 168
57 136
57 211
57 148
57 221
58 192
58 168
58 137
58 142
58 143
58 212
58 187
58 220
59 196
59 178
59 147
59 219
59 221
59 191
60 226
60 169
60 140
60 206
60 148
60 216
61 163
61 165
61 141
61 205
61 207
61 177
61 211
61 220
62 225
62 139
62 144
62 180
62 182
62 183
62 218
62 155
62 156
63 160
63 193
63 137
63 203
63 173
63 175
63 179
63 148
64 225
64 193
64 147
64 213
64 157
64 219
64 189
65 196
65 205
65 144
65 145
65 178
65 182
65 183
65 219
65 189
66 161
66 196
66 138
66 145
66 212
66 221
66 158
67 160
67 165
67 137
67 216
67 188
68 224
68 226
68 135
68 200
68 143
68 207
68 146
68 154
68 221
69 197
69 199
69 174
69 182
69 184
69 220
69 221
70 192
70 195
70 203
70 211
70 220
70 185
70 188
71 226
71 195
71 201
71 178
71 221
72 226
72 196
72 135
72 200
72 169
72 180
72 182
72 152
73 167
73 205
73 211
73 215
73 155
73 220
74 160
74 137
74 172
74 208
74 213
74 152
74 154
74 219
74 157
75 229
75 156
75 214
75 155
75 188
76 133
76 138
76 203
76 141
76 179
76 148
76 182
76 217
76 191
77 224
77 135
77 136
77 175
77 221
77 222
78 226
78 196
78 229
78 164
78 171
78 173
78 211
78 214
78 157
79 195
79 199
79 136
79 146
79 189
79 220
79 221
79 190
80 192
80 161
80 230
80 142
80 154
81 224
81 133
81 206
81 175
81 219
82 226
82 194
82 170
82 204
82 141
82 173
82 188
82 222
83 166
83 201
83 140
83 141
83 174
83 144
83 209
83 185
83 156
84 160
84 228
84 230
84 170
84 203
84 141
85 202
85 140
85 148
85 183
85 184
86 197
86 169
86 172
86 206
86 209
86 152
86 158
87 138
87 202
87 146
87 215
87 217
87 191
88 136
88 203
88 206
88 210
88 218
89 225
89 195
89 141
89 173
89 208
89 178
90 198
90 204
90 205
90 142
90 175
90 179
90 151
90 218
91 228
91 169
91 208
91 145
91 190
92 225
92 196
92 135
92 167
92 212
92 149
92 187
92 189
92 190
93 227
93 169
93 172
93 174
93 175
93 210
93 181
93 186
93 223
94 161
94 134
94 137
94 206
94 148
94 213
94 181
94 219
95 192
95 224
95 229
95 140
95 208
95 147
95 218
95 219
95 157
96 192
96 193
96 217
96 166
96 140
96 173
96 185
96 155
96 156
97 195
97 166
97 169
97 176
97 149
97 214
97 215
97 221
97 191
98 162
98 164
98 137
98 170
98 179
98 147
98 153
99 192
99 161
99 217
99 165
99 149
99 182
99 153
99 221
100 169
100 141
100 173
100 178
100 146
100 218
101 194
101 228
101 198
101 177
101 152
101 221
102 163
102 133
102 171
102 172
102 154
103 229
103 135
103 199
103 149
103 214
103 151
103 187
103 189
104 160
104 230
104 202
104 139
104 206
104 176
104 158
104 191
105 229
105 166
105 165
105 173
105 143
105 208
105 149
105 151
105 186
106 137
106 210
106 181
106 182
106 183
106 184
106 150
107 160
107 196
107 165
107 169
107 206
107 182
107 186
107 188
107 222
108 162
108 163
108 140
108 205
108 142
108 181
108 218
108 155
109 164
109 228
109 204
109 142
109 211
109 217
110 227
110 143
110 180
110 151
110 216
110 185
110 215
111 224
111 230
111 137
111 139
111 175
111 177
111 212
111 151
111 216
112 228
112 167
112 199
112 204
112 208
112 176
112 212
112 149
113 167
113 136
113 141
113 175
113 184
113 185
113 158
114 196
114 169
114 202
114 172
114 207
114 145
114 215
114 152
114 222
115 226
115 196
115 198
115 174
115 142
115 176
115 211
115 184
115 219
116 163
116 164
116 167
116 200
116 143
116 146
116 183
116 184
116 157
117 225
117 168
117 169
117 138
117 181
117 215
118 164
118 196
118 142
118 206
118 208
118 209
118 218
119 166
119 137
119 146
119 180
119 214
119 215
120 224
120 193
120 228
120 170
120 203
120 213
120 182
120 214
121 224
121 140
121 143
121 213
121 217
121 186
121 155
121 190
121 223
122 194
122 135
122 140
122 211
122 151
122 152
122 218
122 220
123 160
123 229
123 199
123 200
123 171
123 140
123 143
123 177
123 217
124 161
124 227
124 195
124 199
124 203
124 212
124 182
125 161
125 195
125 137
125 169
125 171
125 206
125 151
125 155
125 191
126 195
126 164
126 207
126 179
126 217
127 160
127 228
127 197
127 178
127 154
128 134
128 139
128 143
128 212
128 148
128 150
128 152
128 220
128 189
129 228
129 165
129 201
129 205
129 141
129 210
129 148
129 215
130 193
130 200
130 136
130 170
130 168
130 207
131 196
131 202
131 138
131 142
131 213
132 170
132 205
132 212
132 183
132 155
133 231
133 233
133 234
133 249
134 232
134 243
134 244
135 234
135 238
135 244
135 246
136 236
136 238
136 239
136 245
136 249
137 236
137 243
138 232
138 233
138 236
138 239
138 240
139 231
139 232
139 236
140 241
140 242
140 244
141 232
141 233
141 235
141 239
141 249
142 231
142 232
142 235
142 237
142 238
142 240
143 233
143 235
143 247
144 241
144 242
144 249
144 247
145 232
145 239
145 244
145 249
147 237
147 238
147 248
148 245
149 243
149 244
150 248
150 233
151 231
151 239
151 247
152 237
152 238
153 236
153 242
153 245
154 238
154 240
155 236
156 241
157 231
157 246
158 240
158 247
160 239
161 235
161 245
161 249
162 244
163 237
163 241
164 239
164 242
165 234
165 249
166 233
166 235
166 237
166 240
167 237
167 247
168 240
168 244
168 248
169 233
170 231
170 233
170 237
170 240
171 246
171 248
172 233
172 246
173 238
173 249
174 231
174 241
174 245
175 233
175 237
175 242
175 249
176 234
176 239
176 249
177 232
177 238
177 240
177 246
177 248
178 240
179 249
180 238
180 244
180 247
181 233
181 244
181 249
182 231
182 245
183 246
184 233
184 249
185 232
185 233
185 247
186 234
186 239
186 248
187 231
187 234
187 238
187 248
188 235
188 236
188 237
188 239
188 244
189 231
189 234
189 238
189 241
189 249
190 231
190 235
191 235
191 249
192 232
192 235
192 241
192 242
192 244
193 237
194 236
194 246
194 248
195 241
196 239
196 241
196 242
197 233
197 234
197 237
197 239
197 242
198 231
198 236
198 239
198 242
198 247
199 241
199 242
199 246
200 233
200 235
200 236
200 241
200 245
201 232
202 232
202 234
202 236
202 238
202 239
202 245
203 232
203 244
204 233
204 243
204 245
205 235
206 234
206 245
207 245
207 249
208 233
208 240
209 235
209 244
210 240
211 244
212 238
212 240
213 233
213 236
213 244
213 247
214 238
214 244
214 246
215 236
215 249
216 235
216 237
217 232
217 233
217 238
217 243
217 248
218 235
218 237
218 243
219 241
219 244
220 231
220 236
220 241
220 242
222 241
222 243
222 249
223 232
223 238
223 242
223 246
224 242
224 249
225 247
225 242
225 246
226 234
226 245
226 249
227 236
227 237
227 238
227 249
228 234
228 245
229 242
229 243
229 244
230 231
230 235
230 238
