617 760
0 8 6
1 30 50
2 7 10
3 30 30
4 30 30
5 50 50
6 10 10
7 10 9
8 6 7
9 10 5
10 9 9
11 6 9
12 9 10
13 6 10
14 9 7
15 9 9
16 50 40
17 10 7
18 50 30
19 20 50
20 10 10
21 50 40
22 10 5
23 40 50
24 7 5
25 10 7
26 50 30
27 9 8
28 8 7
29 20 50
30 7 7
31 9 5
32 50 30
33 6 6
34 10 9
35 30 50
36 10 5
37 9 9
38 6 5
39 8 6
40 40 30
41 40 20
42 6 8
43 10 10
44 50 40
45 40 50
46 9 6
47 10 10
48 5 6
49 5 8
50 10 9
51 10 6
52 9 10
53 50 20
54 10 10
55 6 6
56 9 6
57 9 6
58 5 10
59 10 6
60 5 7
61 6 6
62 9 7
63 5 5
64 6 6
65 7 10
66 9 8
67 30 20
68 9 8
69 7 5
70 30 50
71 6 8
72 20 50
73 5 10
74 5 10
75 30 20
76 20 20
77 6 5
78 5 9
79 7 5
80 10 6
81 9 7
82 10 6
83 5 6
84 10 8
85 7 6
86 50 30
87 7 6
88 10 5
89 8 8
90 8 8
91 6 6
92 7 10
93 6 7
94 10 7
95 5 10
96 6 10
97 7 9
98 40 50
99 10 7
100 10 8
101 8 7
102 10 8
103 7 8
104 40 40
105 30 30
106 9 5
107 50 30
108 6 8
109 6 8
110 8 9
111 40 20
112 5 7
113 30 30
114 5 7
115 20 20
116 9 7
117 5 5
118 7 10
119 8 6
120 8 7
121 30 20
122 40 20
123 30 30
124 6 7
125 8 9
126 30 50
127 10 9
128 9 5
129 20 30
130 5 10
131 9 5
132 10 7
133 7 6
134 50 40
135 5 5
136 10 7
137 30 50
138 7 8
139 50 30
140 9 7
141 10 9
142 20 20
143 40 30
144 5 7
145 5 5
146 20 30
147 40 20
148 7 7
149 7 7
150 5 8
151 10 8
152 5 6
153 20 40
154 50 50
155 30 20
156 20 20
157 30 30
158 5 8
159 7 6
160 5 7
161 40 40
162 5 10
163 20 50
164 8 9
165 40 20
166 6 10
167 6 5
168 8 7
169 10 8
170 20 40
171 6 8
172 6 6
173 7 7
174 8 7
175 30 30
176 9 7
177 40 50
178 9 8
179 20 30
180 10 5
181 30 20
182 9 10
183 50 40
184 9 7
185 6 7
186 7 6
187 7 6
188 8 5
189 7 10
190 6 7
191 10 5
192 50 50
193 6 10
194 50 50
195 10 6
196 30 50
197 7 6
198 30 30
199 7 6
200 40 30
201 7 10
202 9 8
203 30 30
204 5 9
205 6 5
206 5 6
207 6 6
208 10 5
209 6 7
210 7 8
211 7 9
212 7 7
213 10 6
214 50 40
215 6 10
216 20 20
217 30 30
218 8 7
219 10 10
220 9 6
221 20 40
222 6 10
223 6 8
224 10 5
225 20 20
226 20 50
227 10 10
228 9 10
229 8 10
230 30 40
231 6 6
232 20 50
233 30 20
234 9 6
235 50 50
236 6 10
237 8 8
238 5 7
239 40 20
240 6 6
241 30 40
242 5 6
243 7 10
244 6 7
245 9 9
246 40 40
247 10 10
248 8 7
249 20 20
250 7 7
251 7 8
252 6 5
253 8 7
254 5 5
255 6 7
256 20 20
257 5 9
258 8 5
259 7 6
260 20 50
261 5 6
262 7 9
263 10 6
264 5 6
265 10 8
266 40 50
267 8 7
268 10 6
269 10 6
270 7 7
271 20 30
272 30 50
273 50 20
274 7 9
275 9 8
276 30 30
277 5 9
278 9 8
279 6 6
280 10 8
281 10 5
282 20 20
283 40 20
284 7 8
285 8 5
286 10 10
287 9 5
288 10 5
289 10 9
290 8 8
291 6 5
292 20 20
293 8 6
294 7 10
295 9 9
296 6 10
297 8 5
298 8 10
299 5 8
300 8 5
301 8 6
302 50 50
303 5 7
304 8 8
305 8 7
306 8 5
307 9 10
308 30 30
309 6 10
310 5 7
311 50 40
312 20 30
313 40 50
314 9 5
315 8 10
316 10 10
317 5 9
318 30 50
319 5 6
320 50 20
321 20 20
322 7 5
323 10 8
324 10 6
325 7 7
326 5 6
327 40 30
328 7 10
329 20 30
330 6 6
331 30 20
332 9 5
333 8 7
334 50 30
335 6 6
336 6 10
337 10 9
338 5 10
339 9 10
340 6 7
341 5 7
342 6 9
343 10 7
344 9 8
345 50 30
346 5 10
347 10 8
348 50 40
349 30 20
350 20 50
351 30 30
352 5 9
353 9 10
354 5 7
355 7 8
356 10 6
357 6 7
358 40 20
359 9 9
360 30 20
361 50 30
362 9 8
363 6 10
364 7 7
365 9 8
366 50 40
367 6 9
368 9 10
369 8 8
370 8 9
371 8 8
372 7 10
373 50 50
374 10 8
375 20 30
376 9 9
377 40 50
378 30 20
379 10 7
380 40 20
381 8 5
382 5 10
383 8 8
384 6 9
385 40 30
386 10 8
387 8 7
388 5 8
389 10 10
390 8 6
391 7 5
392 9 5
393 10 6
394 40 30
395 20 50
396 5 8
397 8 6
398 5 8
399 7 9
400 7 7
401 10 7
402 20 50
403 40 30
404 40 40
405 10 9
406 20 40
407 7 7
408 50 40
409 20 50
410 40 30
411 30 50
412 8 6
413 30 30
414 5 9
415 8 7
416 5 9
417 6 6
418 9 9
419 8 6
420 30 50
421 6 8
422 9 5
423 50 30
424 5 5
425 8 7
426 10 10
427 9 6
428 30 30
429 10 10
430 10 6
431 9 5
432 5 10
433 7 9
434 30 40
435 20 30
436 8 9
437 10 5
438 7 9
439 7 5
440 30 20
441 20 40
442 9 6
443 20 20
444 6 9
445 10 8
446 30 50
447 10 6
448 20 40
449 5 6
450 8 5
451 50 40
452 6 8
453 7 7
454 10 9
455 9 5
456 8 5
457 5 10
458 40 40
459 6 9
460 7 7
461 9 7
462 20 20
463 20 50
464 8 8
465 9 5
466 6 10
467 40 30
468 5 7
469 5 8
470 6 5
471 40 20
472 10 10
473 9 6
474 50 50
475 9 7
476 8 6
477 9 8
478 9 6
479 10 5
480 9 10
481 6 10
482 7 8
483 7 7
484 5 6
485 8 10
486 20 20
487 6 10
488 7 8
489 40 20
490 40 50
491 6 10
492 8 10
493 8 9
494 40 30
495 30 20
496 8 5
497 6 8
498 8 8
499 6 9
500 5 10
501 30 30
502 50 50
503 5 9
504 10 8
505 40 40
506 50 50
507 6 5
508 5 5
509 10 9
510 8 5
511 50 40
512 30 50
513 40 20
514 9 10
515 7 7
516 9 5
517 6 7
518 30 40
519 30 30
520 7 8
521 9 6
522 9 10
523 7 6
524 30 50
525 7 5
526 9 10
527 8 8
528 5 7
529 9 7
530 7 5
531 6 6
532 6 5
533 7 7
534 10 8
535 6 10
536 6 10
537 7 10
538 10 10
539 30 30
540 9 7
541 6 8
542 20 50
543 5 9
544 20 30
545 5 9
546 7 9
547 7 9
548 7 7
549 5 8
550 9 10
551 20 20
552 9 6
553 7 10
554 40 50
555 9 5
556 10 5
557 6 6
558 5 9
559 30 50
560 6 7
561 30 20
562 5 8
563 8 6
564 20 30
565 10 5
566 6 7
567 7 9
568 10 6
569 9 6
570 30 50
571 30 50
572 50 40
573 5 8
574 10 7
575 30 40
576 20 30
577 8 5
578 6 10
579 10 6
580 30 40
581 5 9
582 6 9
583 7 6
584 7 9
585 50 20
586 5 8
587 8 9
588 10 9
589 40 20
590 40 40
591 9 10
592 20 20
593 8 7
594 50 50
595 10 5
596 10 5
597 7 7
598 30 30
599 5 6
600 6 9
601 5 9
602 5 8
603 40 30
604 10 6
605 50 40
606 7 7
607 40 20
608 6 8
609 9 9
610 8 10
611 8 6
612 9 7
613 20 40
614 6 8
615 40 20
616 50 30
575 387
442 105
294 589
105 575
589 575
197 354
564 0
341 77
0 197
77 197
574 2
497 1
3 374
1 3
2 3
444 4
5 436
283 62
62 5
4 5
607 389
305 6
347 399
6 607
399 607
218 7
475 292
8 496
7 8
292 8
319 45
9 525
9 493
98 161
45 9
161 9
202 303
10 383
75 28
28 10
303 10
13 170
49 11
356 12
11 13
12 13
486 48
486 87
486 382
47 14
495 15
14 486
15 486
145 171
145 266
584 16
201 17
16 145
17 145
63 364
477 511
322 18
511 63
18 63
286 36
106 40
488 19
19 106
36 106
258 431
131 20
345 246
20 258
246 258
21 513
44 276
579 99
276 21
99 21
478 553
108 22
23 92
23 109
23 335
23 236
22 23
553 23
24 146
497 216
584 547
216 24
547 24
570 348
274 141
223 151
141 570
151 570
327 25
462 209
287 424
287 567
186 26
34 27
27 287
26 287
25 287
209 287
390 30
39 450
342 29
29 39
30 39
71 31
254 284
598 245
284 598
31 598
144 33
560 517
544 32
33 34
32 34
517 34
136 179
357 168
88 35
35 357
179 357
433 279
37 221
323 393
393 37
279 37
38 545
510 447
447 38
40 38
42 385
592 41
283 369
41 42
369 42
108 43
193 599
44 85
44 139
44 290
43 44
599 44
175 46
47 114
47 140
47 309
47 427
47 280
47 491
97 608
46 47
608 47
378 602
49 361
49 310
49 539
602 49
48 49
304 244
285 324
324 75
244 75
217 366
520 70
401 126
70 217
126 217
332 522
332 240
584 51
201 50
50 332
51 332
296 502
207 439
207 194
207 250
502 207
383 207
465 532
52 198
317 203
203 52
532 52
412 53
54 379
288 377
377 54
53 54
444 263
249 483
334 147
147 249
263 249
55 340
397 169
323 137
169 55
137 55
56 370
616 118
262 57
118 56
57 56
212 58
221 97
58 97
353 604
60 358
529 59
59 60
604 60
68 330
515 271
295 487
271 68
487 68
64 251
333 528
89 61
61 64
528 64
301 67
66 159
66 523
601 65
65 66
67 66
554 69
496 296
69 296
580 384
71 176
361 580
176 580
71 73
71 143
71 180
71 277
71 188
156 583
583 71
426 72
272 199
72 272
73 272
218 74
281 76
78 174
74 78
76 78
423 233
110 79
291 343
79 423
343 423
218 80
312 484
581 172
80 581
484 581
596 163
88 558
214 81
81 88
163 88
386 116
120 82
298 538
298 256
116 298
82 298
248 84
155 83
83 353
84 353
574 86
122 571
85 122
86 122
472 239
89 178
89 531
89 507
239 89
87 89
412 200
91 238
264 90
90 91
200 91
579 93
94 100
92 94
93 94
317 96
341 95
95 98
96 98
101 196
288 102
100 101
102 101
283 411
526 135
268 134
134 526
411 526
294 104
211 512
352 103
103 211
104 211
356 107
124 315
538 108
315 108
107 108
574 541
109 110
541 110
112 225
595 111
433 113
111 112
113 112
497 318
318 397
114 397
115 160
574 165
530 269
269 115
165 115
422 117
403 559
351 273
273 403
117 403
584 119
574 234
536 190
190 120
234 120
119 120
405 227
123 500
295 121
121 123
227 123
124 461
124 360
501 125
559 124
125 124
158 232
127 392
388 259
259 127
232 127
434 154
223 128
128 301
154 301
408 503
129 542
610 519
519 129
503 129
426 130
333 563
130 131
563 131
270 132
133 549
345 414
414 133
132 133
302 138
136 320
135 136
138 136
142 454
139 142
140 142
356 213
144 451
143 144
213 144
148 406
444 255
146 148
255 148
304 299
329 153
405 149
149 329
299 329
253 568
253 504
253 337
495 481
481 253
309 253
438 346
585 150
304 152
150 438
152 438
155 157
153 155
450 155
167 293
156 363
156 380
195 349
293 156
349 156
157 158
159 158
162 362
268 164
160 162
164 162
189 166
417 573
220 367
367 417
166 417
172 167
168 167
479 278
434 489
170 479
489 479
173 470
522 173
171 173
551 177
174 175
177 175
443 537
178 443
180 443
579 321
530 514
514 616
321 616
218 485
242 614
485 529
614 529
347 440
341 572
572 610
440 610
590 508
322 208
208 319
508 319
333 609
451 462
609 462
461 462
342 456
345 606
606 408
456 408
560 372
426 605
605 515
372 515
465 395
347 603
603 601
395 601
262 368
600 441
455 494
494 600
368 600
223 593
597 505
322 306
306 597
593 597
591 407
412 446
513 591
446 591
218 588
308 445
586 466
588 586
445 586
464 432
584 516
584 449
584 237
282 582
432 584
582 584
218 314
350 557
314 351
557 351
579 540
579 391
579 550
325 415
392 579
415 579
560 205
333 577
576 331
576 192
205 576
577 576
574 241
358 574
573 574
378 569
254 566
254 612
254 365
569 254
568 254
333 565
566 564
565 564
455 398
561 534
323 562
562 561
398 561
218 611
328 420
611 510
420 510
560 527
560 473
560 435
560 261
360 560
286 506
558 554
506 554
333 191
333 219
544 552
552 333
248 490
231 482
549 248
482 248
492 224
313 543
590 546
543 492
546 492
544 480
545 544
542 544
470 386
427 386
540 386
356 469
356 419
356 204
356 381
439 356
535 355
390 533
537 535
533 535
587 265
531 587
527 587
524 476
525 524
523 524
185 396
270 521
199 185
521 185
335 520
280 520
401 400
288 518
518 596
400 596
530 184
184 592
516 592
507 585
469 585
505 501
500 501
193 613
260 499
497 467
499 497
613 497
391 495
493 551
490 551
488 425
534 488
483 488
478 210
480 478
277 478
466 464
476 464
310 274
473 274
472 229
424 472
266 472
243 457
465 471
384 243
471 243
289 429
463 437
294 468
468 463
429 463
460 230
352 226
571 460
226 460
297 421
342 459
251 297
459 297
453 376
264 404
454 453
404 453
290 442
449 442
228 448
467 228
550 228
437 282
436 282
612 477
435 477
338 509
267 428
289 452
428 338
452 338
425 422
320 422
556 402
455 187
448 556
187 556
238 286
512 286
390 300
181 615
270 182
182 181
300 181
434 458
590 474
474 202
458 202
539 305
191 305
183 316
410 416
285 371
416 183
371 183
260 344
530 336
344 530
210 530
268 359
334 578
578 189
359 189
291 311
352 339
339 220
311 220
331 186
419 186
363 186
192 327
194 327
188 327
262 235
433 394
394 302
235 302
615 195
198 195
257 373
405 409
265 257
409 257
241 201
379 325
441 325
365 313
204 313
336 595
491 595
247 275
317 430
245 247
430 247
218 548
307 206
548 388
206 388
401 498
264 252
252 212
498 212
426 413
229 426
504 426
289 215
291 326
326 214
215 214
337 536
382 536
380 193
219 193
285 594
295 222
222 231
594 231
236 267
237 267
567 378
240 378
256 260
261 260
250 260
418 375
334 555
374 418
555 418
413 410
381 410
