617 760
0 512 256
1 128 4
2 8 4
3 16 8
4 4 128
5 32 32
6 32 128
7 128 8
8 16 128
9 8 128
10 8 8
11 512 256
12 8 32
13 32 32
14 8 4
15 32 64
16 8 128
17 256 1024
18 1024 1024
19 1024 512
20 8 128
21 32 8
22 4 128
23 64 64
24 64 128
25 16 16
26 8 32
27 8 16
28 8 16
29 8 8
30 16 64
31 2048 1024
32 2048 512
33 4 128
34 4 8
35 8 4
36 4 128
37 256 2048
38 512 256
39 16 64
40 32 16
41 32 128
42 256 2048
43 8 8
44 128 8
45 1024 2048
46 128 32
47 128 16
48 1024 256
49 16 4
50 128 16
51 512 2048
52 4 64
53 16 4
54 128 32
55 8 64
56 16 128
57 4 32
58 2048 256
59 4 128
60 1024 2048
61 1024 256
62 1024 2048
63 32 4
64 64 64
65 1024 512
66 32 4
67 128 8
68 2048 256
69 4 16
70 64 8
71 512 512
72 8 64
73 2048 1024
74 8 64
75 256 1024
76 32 4
77 32 4
78 8 128
79 2048 512
80 128 16
81 8 128
82 16 16
83 4 64
84 64 32
85 4 64
86 128 4
87 16 32
88 32 16
89 128 32
90 16 64
91 1024 1024
92 32 4
93 1024 2048
94 4 8
95 32 8
96 64 64
97 8 128
98 32 64
99 8 128
100 2048 512
101 1024 2048
102 256 1024
103 4 16
104 8 16
105 2048 256
106 1024 2048
107 32 8
108 4 8
109 64 8
110 8 8
111 1024 512
112 8 4
113 1024 512
114 128 16
115 8 64
116 4 64
117 4 4
118 16 64
119 256 256
120 1024 512
121 8 4
122 32 4
123 2048 2048
124 64 8
125 512 1024
126 4 32
127 8 8
128 32 32
129 64 128
130 128 64
131 256 2048
132 16 64
133 64 128
134 128 8
135 4 8
136 8 4
137 2048 2048
138 16 64
139 4 64
140 16 16
141 512 256
142 4 64
143 4 128
144 256 2048
145 32 32
146 4 64
147 128 8
148 16 4
149 8 64
150 64 8
151 8 64
152 32 16
153 128 4
154 1024 512
155 8 128
156 128 16
157 256 2048
158 128 128
159 256 2048
160 256 1024
161 8 4
162 128 128
163 256 256
164 64 128
165 1024 1024
166 2048 512
167 64 8
168 16 4
169 128 8
170 128 128
171 32 4
172 4 8
173 32 64
174 128 4
175 128 128
176 2048 256
177 64 4
178 1024 2048
179 1024 1024
180 64 8
181 512 256
182 128 128
183 256 1024
184 64 64
185 256 512
186 64 64
187 16 64
188 32 16
189 32 32
190 4 32
191 16 128
192 4 4
193 32 128
194 128 16
195 32 4
196 64 128
197 16 16
198 256 2048
199 8 128
200 2048 512
201 256 256
202 4 64
203 4 128
204 8 4
205 4 64
206 4 64
207 16 128
208 8 32
209 1024 1024
210 4 16
211 4 4
212 8 8
213 256 512
214 64 32
215 8 8
216 4 32
217 32 128
218 128 64
219 4 32
220 32 64
221 256 512
222 64 64
223 128 128
224 8 4
225 64 32
226 2048 2048
227 256 256
228 128 8
229 16 8
230 256 256
231 8 32
232 128 8
233 256 512
234 1024 512
235 32 16
236 256 512
237 64 16
238 8 128
239 256 2048
240 2048 1024
241 512 2048
242 8 32
243 64 16
244 64 16
245 512 512
246 32 32
247 4 128
248 4 128
249 32 16
250 32 4
251 8 64
252 128 128
253 32 16
254 16 4
255 8 128
256 4 8
257 4 32
258 64 16
259 32 16
260 8 64
261 32 8
262 512 2048
263 256 2048
264 64 16
265 8 64
266 64 32
267 32 64
268 1024 2048
269 4 64
270 128 32
271 512 512
272 2048 512
273 64 64
274 512 2048
275 64 128
276 16 64
277 64 8
278 64 4
279 2048 512
280 8 64
281 32 32
282 32 4
283 4 4
284 8 8
285 8 8
286 2048 2048
287 8 64
288 512 512
289 16 4
290 256 1024
291 4 4
292 128 128
293 8 16
294 2048 256
295 32 128
296 2048 2048
297 16 16
298 32 4
299 1024 2048
300 1024 512
301 8 8
302 8 64
303 128 4
304 16 64
305 16 16
306 1024 1024
307 2048 512
308 64 64
309 16 128
310 4 128
311 8 32
312 256 1024
313 4 32
314 256 512
315 8 4
316 32 32
317 16 16
318 1024 1024
319 4 32
320 32 32
321 32 32
322 32 16
323 256 2048
324 64 16
325 16 64
326 64 8
327 256 2048
328 4 16
329 8 64
330 64 64
331 32 4
332 64 4
333 8 128
334 64 16
335 2048 512
336 32 4
337 2048 2048
338 2048 2048
339 64 8
340 16 8
341 4 4
342 4 4
343 8 64
344 16 8
345 16 128
346 256 2048
347 8 128
348 4 8
349 512 2048
350 4 128
351 8 4
352 8 16
353 512 2048
354 16 128
355 64 8
356 1024 2048
357 1024 1024
358 256 2048
359 128 16
360 4 32
361 8 64
362 512 1024
363 4 16
364 2048 2048
365 1024 2048
366 4 64
367 4 8
368 1024 512
369 128 32
370 8 32
371 16 32
372 32 16
373 4 8
374 64 128
375 128 64
376 64 64
377 32 128
378 32 8
379 32 32
380 8 128
381 128 4
382 1024 2048
383 16 32
384 16 32
385 8 4
386 2048 2048
387 16 4
388 32 128
389 64 64
390 32 64
391 512 2048
392 4 16
393 16 8
394 32 8
395 128 4
396 2048 1024
397 128 4
398 8 128
399 256 2048
400 16 16
401 8 4
402 4 32
403 2048 2048
404 16 128
405 128 64
406 1024 2048
407 16 32
408 8 32
409 32 64
410 4 16
411 256 2048
412 8 32
413 2048 512
414 32 32
415 256 512
416 8 16
417 64 32
418 512 2048
419 128 64
420 256 2048
421 2048 1024
422 64 64
423 8 4
424 64 32
425 16 16
426 128 16
427 16 16
428 32 16
429 16 4
430 128 4
431 32 128
432 4 4
433 16 4
434 256 256
435 64 128
436 32 32
437 256 2048
438 16 32
439 128 128
440 64 128
441 64 32
442 32 8
443 32 128
444 64 128
445 32 32
446 1024 256
447 1024 2048
448 32 8
449 512 2048
450 4 16
451 1024 1024
452 64 128
453 128 8
454 256 1024
455 32 16
456 4 16
457 16 32
458 128 128
459 4 8
460 32 128
461 8 32
462 128 64
463 128 4
464 64 64
465 128 64
466 2048 512
467 256 256
468 128 16
469 64 16
470 16 128
471 4 32
472 8 4
473 256 2048
474 4 64
475 1024 512
476 2048 2048
477 4 128
478 2048 512
479 32 4
480 4 16
481 128 16
482 32 32
483 16 64
484 8 4
485 128 32
486 128 64
487 2048 2048
488 256 2048
489 2048 2048
490 512 256
491 128 8
492 4 32
493 256 1024
494 512 256
495 4 16
496 2048 256
497 1024 512
498 128 32
499 64 64
500 16 64
501 64 4
502 256 256
503 2048 2048
504 256 512
505 4 4
506 64 4
507 256 512
508 8 64
509 128 8
510 2048 512
511 64 8
512 64 64
513 32 64
514 4 8
515 256 1024
516 4 32
517 4 4
518 128 8
519 1024 1024
520 512 2048
521 128 16
522 4 64
523 64 16
524 512 512
525 32 16
526 4 128
527 16 4
528 8 32
529 4 64
530 2048 1024
531 32 128
532 128 8
533 32 8
534 8 32
535 16 128
536 32 128
537 128 8
538 128 32
539 32 32
540 512 512
541 128 8
542 8 32
543 2048 256
544 16 8
545 32 32
546 64 64
547 512 256
548 64 64
549 2048 256
550 16 128
551 64 4
552 32 16
553 64 64
554 128 8
555 256 512
556 32 4
557 8 8
558 4 8
559 512 1024
560 64 32
561 64 8
562 64 8
563 2048 512
564 1024 512
565 4 16
566 32 16
567 4 64
568 256 512
569 64 8
570 8 32
571 32 128
572 256 256
573 32 4
574 64 8
575 32 4
576 16 16
577 8 16
578 64 8
579 16 16
580 8 64
581 32 64
582 8 32
583 4 8
584 64 128
585 8 128
586 64 4
587 1024 1024
588 1024 512
589 2048 1024
590 64 128
591 32 64
592 16 16
593 32 16
594 512 2048
595 16 4
596 16 64
597 2048 512
598 64 8
599 128 64
600 128 4
601 2048 512
602 1024 2048
603 32 16
604 8 64
605 16 8
606 8 16
607 32 16
608 256 1024
609 16 64
610 1024 2048
611 8 4
612 32 64
613 2048 2048
614 8 8
615 512 1024
616 128 4
575 387
442 105
294 589
105 575
589 575
197 354
564 0
341 77
0 197
77 197
574 2
497 1
3 374
1 3
2 3
444 4
5 436
283 62
62 5
4 5
607 389
305 6
347 399
6 607
399 607
218 7
475 292
8 496
7 8
292 8
319 45
9 525
9 493
98 161
45 9
161 9
202 303
10 383
75 28
28 10
303 10
13 170
49 11
356 12
11 13
12 13
486 48
486 87
486 382
47 14
495 15
14 486
15 486
145 171
145 266
584 16
201 17
16 145
17 145
63 364
477 511
322 18
511 63
18 63
286 36
106 40
488 19
19 106
36 106
258 431
131 20
345 246
20 258
246 258
21 513
44 276
579 99
276 21
99 21
478 553
108 22
23 92
23 109
23 335
23 236
22 23
553 23
24 146
497 216
584 547
216 24
547 24
570 348
274 141
223 151
141 570
151 570
327 25
462 209
287 424
287 567
186 26
34 27
27 287
26 287
25 287
209 287
390 30
39 450
342 29
29 39
30 39
71 31
254 284
598 245
284 598
31 598
144 33
560 517
544 32
33 34
32 34
517 34
136 179
357 168
88 35
35 357
179 357
433 279
37 221
323 393
393 37
279 37
38 545
510 447
447 38
40 38
42 385
592 41
283 369
41 42
369 42
108 43
193 599
44 85
44 139
44 290
43 44
599 44
175 46
47 114
47 140
47 309
47 427
47 280
47 491
97 608
46 47
608 47
378 602
49 361
49 310
49 539
602 49
48 49
304 244
285 324
324 75
244 75
217 366
520 70
401 126
70 217
126 217
332 522
332 240
584 51
201 50
50 332
51 332
296 502
207 439
207 194
207 250
502 207
383 207
465 532
52 198
317 203
203 52
532 52
412 53
54 379
288 377
377 54
53 54
444 263
249 483
334 147
147 249
263 249
55 340
397 169
323 137
169 55
137 55
56 370
616 118
262 57
118 56
57 56
212 58
221 97
58 97
353 604
60 358
529 59
59 60
604 60
68 330
515 271
295 487
271 68
487 68
64 251
333 528
89 61
61 64
528 64
301 67
66 159
66 523
601 65
65 66
67 66
554 69
496 296
69 296
580 384
71 176
361 580
176 580
71 73
71 143
71 180
71 277
71 188
156 583
583 71
426 72
272 199
72 272
73 272
218 74
281 76
78 174
74 78
76 78
423 233
110 79
291 343
79 423
343 423
218 80
312 484
581 172
80 581
484 581
596 163
88 558
214 81
81 88
163 88
386 116
120 82
298 538
298 256
116 298
82 298
248 84
155 83
83 353
84 353
574 86
122 571
85 122
86 122
472 239
89 178
89 531
89 507
239 89
87 89
412 200
91 238
264 90
90 91
200 91
579 93
94 100
92 94
93 94
317 96
341 95
95 98
96 98
101 196
288 102
100 101
102 101
283 411
526 135
268 134
134 526
411 526
294 104
211 512
352 103
103 211
104 211
356 107
124 315
538 108
315 108
107 108
574 541
109 110
541 110
112 225
595 111
433 113
111 112
113 112
497 318
318 397
114 397
115 160
574 165
530 269
269 115
165 115
422 117
403 559
351 273
273 403
117 403
584 119
574 234
536 190
190 120
234 120
119 120
405 227
123 500
295 121
121 123
227 123
124 461
124 360
501 125
559 124
125 124
158 232
127 392
388 259
259 127
232 127
434 154
223 128
128 301
154 301
408 503
129 542
610 519
519 129
503 129
426 130
333 563
130 131
563 131
270 132
133 549
345 414
414 133
132 133
302 138
136 320
135 136
138 136
142 454
139 142
140 142
356 213
144 451
143 144
213 144
148 406
444 255
146 148
255 148
304 299
329 153
405 149
149 329
299 329
253 568
253 504
253 337
495 481
481 253
309 253
438 346
585 150
304 152
150 438
152 438
155 157
153 155
450 155
167 293
156 363
156 380
195 349
293 156
349 156
157 158
159 158
162 362
268 164
160 162
164 162
189 166
417 573
220 367
367 417
166 417
172 167
168 167
479 278
434 489
170 479
489 479
173 470
522 173
171 173
551 177
174 175
177 175
443 537
178 443
180 443
579 321
530 514
514 616
321 616
218 485
242 614
485 529
614 529
347 440
341 572
572 610
440 610
590 508
322 208
208 319
508 319
333 609
451 462
609 462
461 462
342 456
345 606
606 408
456 408
560 372
426 605
605 515
372 515
465 395
347 603
603 601
395 601
262 368
600 441
455 494
494 600
368 600
223 593
597 505
322 306
306 597
593 597
591 407
412 446
513 591
446 591
218 588
308 445
586 466
588 586
445 586
464 432
584 516
584 449
584 237
282 582
432 584
582 584
218 314
350 557
314 351
557 351
579 540
579 391
579 550
325 415
392 579
415 579
560 205
333 577
576 331
576 192
205 576
577 576
574 241
358 574
573 574
378 569
254 566
254 612
254 365
569 254
568 254
333 565
566 564
565 564
455 398
561 534
323 562
562 561
398 561
218 611
328 420
611 510
420 510
560 527
560 473
560 435
560 261
360 560
286 506
558 554
506 554
333 191
333 219
544 552
552 333
248 490
231 482
549 248
482 248
492 224
313 543
590 546
543 492
546 492
544 480
545 544
542 544
470 386
427 386
540 386
356 469
356 419
356 204
356 381
439 356
535 355
390 533
537 535
533 535
587 265
531 587
527 587
524 476
525 524
523 524
185 396
270 521
199 185
521 185
335 520
280 520
401 400
288 518
518 596
400 596
530 184
184 592
516 592
507 585
469 585
505 501
500 501
193 613
260 499
497 467
499 497
613 497
391 495
493 551
490 551
488 425
534 488
483 488
478 210
480 478
277 478
466 464
476 464
310 274
473 274
472 229
424 472
266 472
243 457
465 471
384 243
471 243
289 429
463 437
294 468
468 463
429 463
460 230
352 226
571 460
226 460
297 421
342 459
251 297
459 297
453 376
264 404
454 453
404 453
290 442
449 442
228 448
467 228
550 228
437 282
436 282
612 477
435 477
338 509
267 428
289 452
428 338
452 338
425 422
320 422
556 402
455 187
448 556
187 556
238 286
512 286
390 300
181 615
270 182
182 181
300 181
434 458
590 474
474 202
458 202
539 305
191 305
183 316
410 416
285 371
416 183
371 183
260 344
530 336
344 530
210 530
268 359
334 578
578 189
359 189
291 311
352 339
339 220
311 220
331 186
419 186
363 186
192 327
194 327
188 327
262 235
433 394
394 302
235 302
615 195
198 195
257 373
405 409
265 257
409 257
241 201
379 325
441 325
365 313
204 313
336 595
491 595
247 275
317 430
245 247
430 247
218 548
307 206
548 388
206 388
401 498
264 252
252 212
498 212
426 413
229 426
504 426
289 215
291 326
326 214
215 214
337 536
382 536
380 193
219 193
285 594
295 222
222 231
594 231
236 267
237 267
567 378
240 378
256 260
261 260
250 260
418 375
334 555
374 418
555 418
413 410
381 410
