757 979
0 512 512
1 1024 2048
2 128 4
3 2048 1024
4 512 2048
5 16 128
6 64 4
7 1024 2048
8 256 2048
9 128 4
10 4 16
11 1024 1024
12 2048 1024
13 1024 256
14 4 4
15 128 4
16 32 16
17 16 4
18 64 128
19 2048 2048
20 512 1024
21 256 256
22 4 16
23 128 4
24 2048 512
25 32 32
26 512 2048
27 64 64
28 16 4
29 64 32
30 16 8
31 8 4
32 4 32
33 4 4
34 512 2048
35 1024 256
36 32 128
37 128 8
38 1024 2048
39 32 16
40 2048 1024
41 64 64
42 4 128
43 1024 1024
44 64 16
45 16 16
46 512 2048
47 256 256
48 8 128
49 8 128
50 32 16
51 4 128
52 8 128
53 16 32
54 128 4
55 64 4
56 8 128
57 512 2048
58 64 16
59 256 1024
60 64 64
61 16 32
62 32 32
63 4 128
64 1024 256
65 32 32
66 1024 512
67 16 128
68 4 4
69 8 16
70 16 128
71 128 128
72 8 4
73 1024 512
74 128 128
75 128 8
76 256 2048
77 8 128
78 32 4
79 256 256
80 32 4
81 4 8
82 1024 2048
83 8 32
84 8 4
85 64 8
86 64 8
87 4 8
88 8 4
89 2048 2048
90 1024 256
91 64 64
92 128 128
93 2048 1024
94 16 64
95 2048 256
96 2048 512
97 128 8
98 8 64
99 2048 256
100 8 4
101 8 128
102 128 64
103 256 512
104 64 128
105 2048 512
106 512 2048
107 64 16
108 8 16
109 8 64
110 16 64
111 256 256
112 64 8
113 2048 512
114 16 128
115 256 256
116 64 4
117 128 128
118 128 64
119 32 64
120 256 256
121 8 8
122 512 512
123 16 8
124 16 16
125 2048 2048
126 128 16
127 64 64
128 256 2048
129 128 32
130 32 32
131 32 128
132 512 512
133 4 32
134 128 16
135 256 1024
136 4 32
137 2048 512
138 1024 1024
139 256 1024
140 2048 1024
141 4 32
142 512 256
143 2048 512
144 128 128
145 512 2048
146 256 512
147 4 8
148 32 16
149 2048 512
150 256 512
151 4 4
152 32 128
153 8 32
154 8 128
155 1024 256
156 8 8
157 8 128
158 128 128
159 128 16
160 4 8
161 8 128
162 4 32
163 128 16
164 1024 256
165 16 8
166 256 256
167 64 64
168 8 32
169 4 32
170 4 8
171 16 128
172 32 4
173 16 128
174 1024 2048
175 2048 2048
176 2048 1024
177 128 16
178 32 8
179 16 64
180 4 8
181 1024 2048
182 64 32
183 256 512
184 16 32
185 512 2048
186 4 16
187 8 4
188 2048 512
189 8 128
190 8 4
191 16 16
192 8 8
193 32 4
194 8 128
195 64 128
196 8 4
197 1024 1024
198 32 64
199 2048 1024
200 4 128
201 512 1024
202 128 32
203 4 8
204 32 64
205 64 4
206 2048 1024
207 2048 512
208 512 1024
209 8 32
210 1024 1024
211 16 8
212 4 16
213 64 32
214 1024 2048
215 8 32
216 256 2048
217 32 16
218 4 64
219 32 64
220 128 64
221 32 4
222 64 4
223 128 64
224 32 64
225 256 2048
226 512 256
227 4 64
228 32 128
229 8 4
230 4 64
231 1024 256
232 512 1024
233 256 512
234 4 4
235 64 128
236 8 16
237 4 128
238 4 32
239 128 32
240 32 32
241 1024 2048
242 128 64
243 64 128
244 64 32
245 8 32
246 64 16
247 128 32
248 16 4
249 64 4
250 32 64
251 64 16
252 512 1024
253 32 4
254 16 16
255 64 32
256 512 256
257 2048 512
258 512 512
259 256 512
260 8 16
261 64 128
262 512 256
263 8 16
264 512 2048
265 512 512
266 1024 512
267 128 64
268 64 128
269 8 64
270 8 8
271 2048 1024
272 16 32
273 2048 1024
274 32 8
275 2048 2048
276 16 16
277 1024 2048
278 1024 512
279 8 64
280 128 64
281 16 64
282 8 8
283 32 8
284 16 128
285 8 64
286 128 4
287 128 32
288 16 32
289 64 64
290 4 16
291 4 4
292 64 8
293 8 4
294 16 64
295 16 64
296 16 4
297 2048 256
298 8 4
299 4 32
300 8 4
301 256 512
302 32 128
303 4 64
304 128 8
305 32 128
306 512 512
307 32 128
308 16 8
309 2048 2048
310 16 64
311 16 32
312 16 4
313 16 16
314 128 4
315 1024 512
316 64 8
317 4 64
318 8 8
319 512 2048
320 64 128
321 64 16
322 4 64
323 128 128
324 32 32
325 128 16
326 64 16
327 64 32
328 8 16
329 128 32
330 32 4
331 128 32
332 32 128
333 1024 256
334 4 16
335 128 64
336 512 2048
337 16 64
338 8 4
339 8 128
340 4 16
341 512 1024
342 1024 1024
343 8 64
344 64 32
345 128 8
346 4 64
347 128 32
348 4 128
349 2048 512
350 128 4
351 4 8
352 2048 512
353 2048 2048
354 4 16
355 32 64
356 1024 512
357 512 1024
358 16 32
359 2048 1024
360 1024 1024
361 64 128
362 8 8
363 1024 256
364 128 8
365 8 64
366 128 64
367 512 256
368 32 128
369 1024 512
370 2048 256
371 8 64
372 16 128
373 256 512
374 8 8
375 256 256
376 16 128
377 2048 2048
378 8 16
379 128 4
380 64 16
381 16 16
382 4 16
383 128 16
384 2048 512
385 128 64
386 8 16
387 8 8
388 2048 1024
389 32 8
390 8 128
391 4 64
392 64 8
393 64 16
394 128 32
395 32 8
396 512 2048
397 2048 2048
398 32 16
399 64 16
400 128 128
401 512 512
402 4 8
403 32 4
404 8 16
405 8 4
406 4 16
407 2048 1024
408 128 4
409 128 16
410 8 16
411 512 1024
412 4 16
413 32 64
414 512 256
415 8 32
416 64 128
417 64 64
418 64 64
419 2048 2048
420 16 64
421 32 64
422 256 256
423 4 16
424 128 8
425 8 4
426 32 32
427 64 64
428 32 8
429 128 4
430 1024 256
431 64 64
432 4 4
433 8 8
434 8 64
435 16 32
436 128 128
437 32 4
438 64 8
439 4 16
440 32 8
441 16 128
442 256 2048
443 16 32
444 256 256
445 64 128
446 512 2048
447 4 32
448 256 1024
449 2048 2048
450 2048 1024
451 8 8
452 2048 2048
453 1024 256
454 8 128
455 1024 256
456 32 32
457 512 512
458 512 2048
459 64 32
460 4 8
461 2048 1024
462 4 8
463 8 32
464 16 128
465 256 1024
466 16 128
467 4 4
468 32 128
469 16 4
470 32 8
471 128 32
472 8 16
473 1024 2048
474 512 512
475 8 128
476 128 16
477 128 8
478 4 4
479 64 8
480 1024 1024
481 128 4
482 4 64
483 8 16
484 64 32
485 64 8
486 1024 1024
487 256 512
488 16 64
489 32 128
490 2048 2048
491 128 16
492 128 64
493 16 128
494 32 64
495 64 128
496 64 32
497 32 32
498 16 64
499 256 512
500 8 8
501 64 128
502 16 8
503 8 64
504 64 16
505 128 4
506 8 64
507 32 16
508 512 256
509 128 16
510 4 4
511 32 128
512 128 4
513 64 16
514 32 32
515 512 2048
516 8 8
517 64 32
518 1024 256
519 16 32
520 64 32
521 1024 512
522 256 256
523 8 64
524 256 2048
525 1024 512
526 8 8
527 128 128
528 32 8
529 32 32
530 4 128
531 64 128
532 16 16
533 4 4
534 128 32
535 8 8
536 64 128
537 128 128
538 4 128
539 256 256
540 32 64
541 1024 1024
542 16 16
543 16 8
544 512 256
545 16 32
546 32 32
547 16 8
548 128 4
549 1024 2048
550 32 32
551 1024 2048
552 128 4
553 4 64
554 512 2048
555 128 16
556 512 512
557 512 1024
558 8 32
559 8 128
560 4 16
561 16 32
562 128 64
563 512 256
564 32 16
565 32 8
566 8 4
567 16 64
568 128 8
569 128 32
570 16 32
571 8 64
572 512 1024
573 512 1024
574 128 64
575 64 4
576 512 512
577 64 32
578 16 32
579 128 128
580 512 1024
581 1024 1024
582 1024 1024
583 256 1024
584 64 128
585 2048 2048
586 32 32
587 64 8
588 16 128
589 128 32
590 256 512
591 32 4
592 32 128
593 16 128
594 4 128
595 16 128
596 8 4
597 64 4
598 8 8
599 16 32
600 32 16
601 1024 1024
602 512 1024
603 8 128
604 256 2048
605 8 64
606 2048 1024
607 2048 2048
608 32 64
609 16 128
610 32 64
611 1024 256
612 8 32
613 128 16
614 128 8
615 16 64
616 16 8
617 512 256
618 512 256
619 32 8
620 1024 256
621 128 4
622 512 1024
623 256 256
624 64 128
625 16 8
626 2048 1024
627 2048 256
628 16 64
629 32 16
630 4 64
631 128 16
632 8 8
633 512 1024
634 4 16
635 32 16
636 2048 2048
637 1024 256
638 128 8
639 256 1024
640 1024 256
641 64 32
642 2048 256
643 32 64
644 64 128
645 4 64
646 32 64
647 256 1024
648 512 256
649 2048 256
650 512 1024
651 128 4
652 32 4
653 256 2048
654 8 128
655 128 8
656 32 32
657 2048 2048
658 16 64
659 512 1024
660 4 8
661 16 64
662 2048 256
663 64 16
664 2048 2048
665 8 4
666 256 1024
667 128 4
668 128 4
669 8 32
670 1024 1024
671 64 16
672 32 32
673 128 4
674 64 32
675 16 128
676 16 64
677 2048 512
678 16 128
679 16 32
680 128 4
681 64 128
682 32 64
683 1024 256
684 256 512
685 1024 512
686 128 128
687 1024 512
688 128 128
689 256 256
690 1024 2048
691 128 64
692 512 1024
693 32 128
694 128 4
695 4 8
696 32 4
697 32 8
698 32 64
699 4 8
700 4 16
701 128 32
702 1024 1024
703 8 16
704 16 128
705 2048 512
706 1024 512
707 256 256
708 16 8
709 2048 2048
710 32 32
711 1024 512
712 128 32
713 4 4
714 128 128
715 2048 512
716 4 4
717 16 8
718 512 512
719 16 128
720 64 16
721 128 16
722 1024 512
723 8 4
724 4 16
725 32 64
726 64 32
727 32 128
728 256 512
729 64 4
730 32 16
731 1024 1024
732 4 32
733 4 8
734 512 512
735 1024 1024
736 128 64
737 8 4
738 4 64
739 16 16
740 4 64
741 4 64
742 32 128
743 1024 512
744 32 128
745 2048 512
746 1024 1024
747 1024 256
748 16 32
749 64 4
750 2048 256
751 32 4
752 256 512
753 4 128
754 256 1024
755 8 8
756 512 2048
140 0
8 428
338 336
249 194
0 8
336 8
194 8
2 45
2 349
729 1
704 253
253 2
1 2
729 3
653 623
4 9
4 551
623 4
3 4
5 311
182 552
310 488
488 5
552 5
348 69
350 6
7 17
7 520
7 184
69 7
6 7
500 172
50 230
107 493
230 500
493 500
9 500
124 10
612 11
645 80
10 645
11 645
656 22
12 546
257 279
279 12
22 12
13 657
437 333
333 13
546 13
63 400
663 413
536 200
95 412
413 63
412 63
200 63
15 694
15 580
15 135
617 14
14 15
334 259
16 459
259 16
644 67
18 149
18 673
67 18
17 18
470 20
280 19
613 629
19 613
20 613
432 358
432 328
432 351
432 261
185 201
348 21
21 432
201 432
161 23
24 282
24 120
24 89
24 347
24 147
23 24
694 24
599 728
617 37
617 547
264 756
756 617
728 617
521 755
294 734
597 207
338 435
435 597
755 597
734 597
637 429
415 753
666 192
666 106
429 666
753 666
102 752
334 549
334 514
334 209
752 334
282 334
161 713
550 625
550 157
713 550
37 550
280 447
648 751
751 280
536 471
294 748
465 614
465 652
471 465
748 465
418 297
664 258
747 621
747 647
258 747
297 747
686 746
725 539
88 740
746 725
740 725
294 466
245 739
595 160
595 79
466 595
739 595
418 65
608 738
737 618
737 377
738 737
65 737
470 451
470 183
61 519
519 470
539 470
360 733
193 735
314 545
314 175
735 314
733 314
663 732
536 731
124 402
732 124
731 124
486 64
64 193
233 410
727 252
285 438
438 727
410 727
556 650
726 84
593 724
650 726
724 726
342 723
722 649
723 722
721 445
456 530
247 92
92 721
530 721
741 745
348 498
720 603
745 720
498 720
329 528
654 36
58 369
369 654
528 654
100 718
344 501
717 234
717 611
717 382
501 717
718 717
286 716
676 83
199 374
374 676
716 676
712 309
712 240
102 484
589 714
741 662
484 712
714 712
662 712
166 710
541 711
414 742
414 123
711 414
710 414
442 126
367 174
84 367
126 367
233 709
708 226
708 148
708 215
88 510
510 708
709 708
422 426
422 159
542 707
226 422
707 422
701 277
323 692
663 168
663 68
663 403
277 663
692 663
310 706
93 522
357 575
575 93
706 93
238 420
216 705
420 704
705 704
417 461
211 52
701 254
535 702
702 701
52 701
461 701
34 98
699 537
150 730
730 699
98 699
545 699
516 276
177 143
586 274
276 177
274 177
359 246
140 698
698 359
696 453
360 697
542 562
697 696
562 696
339 690
683 744
387 693
536 527
690 683
527 683
693 683
417 492
211 239
689 29
535 103
103 689
492 689
239 689
643 685
686 108
308 688
688 686
685 686
142 262
680 91
231 682
91 142
682 142
247 388
291 289
636 362
388 636
289 636
166 293
90 681
680 477
681 680
293 680
119 687
456 366
245 678
425 679
366 119
679 119
678 119
658 677
557 675
674 260
677 674
675 674
579 672
102 153
182 210
418 670
670 182
153 182
672 182
337 669
557 538
481 356
669 481
538 481
531 299
646 610
571 668
299 646
668 646
90 667
667 664
695 624
185 659
729 661
549 695
659 695
603 695
661 695
655 81
657 655
426 655
653 518
653 169
741 118
118 653
596 512
596 47
298 651
234 596
651 596
644 56
644 219
497 206
206 644
649 644
542 419
257 398
398 643
419 643
505 640
245 639
637 128
640 637
639 637
310 635
176 423
285 321
321 176
635 176
543 634
524 405
633 269
633 534
405 633
634 633
536 632
627 96
26 628
628 627
632 627
629 627
213 190
43 620
574 171
448 76
76 574
624 574
190 574
620 574
577 324
161 581
161 145
161 305
95 584
584 161
324 161
554 218
301 622
622 554
621 554
572 615
618 417
615 417
225 217
612 70
614 612
217 612
446 421
456 394
216 416
416 446
394 446
497 532
342 224
532 741
224 741
608 609
543 255
611 608
255 608
227 220
505 606
237 99
220 237
606 237
605 272
630 665
437 602
665 605
602 605
559 243
536 600
243 599
600 599
594 235
486 352
257 598
598 594
352 594
592 607
533 141
141 592
80 592
591 458
700 212
88 590
212 591
590 591
589 48
358 589
496 565
444 439
586 588
588 444
565 444
319 62
62 586
83 586
188 57
700 181
381 330
343 604
57 700
604 700
330 700
320 316
363 585
319 475
475 320
585 320
300 327
582 33
199 583
583 582
327 582
579 489
581 579
580 579
278 578
536 270
578 577
270 577
573 313
516 568
568 573
148 573
452 203
268 393
393 571
203 571
342 138
345 109
346 267
344 570
497 112
112 346
570 346
109 346
138 346
455 386
363 569
208 567
269 535
567 535
386 535
569 535
516 566
564 561
564 660
564 379
496 638
566 564
638 564
401 563
317 125
563 317
561 317
559 476
165 560
560 559
610 559
456 380
249 97
557 164
557 46
557 383
557 355
97 557
380 557
340 156
515 71
71 340
252 340
555 331
163 544
233 553
544 555
553 555
385 41
111 133
50 548
41 111
551 111
548 111
543 389
543 151
145 543
547 543
609 541
601 228
198 167
308 288
167 601
288 601
456 49
245 715
415 540
49 165
540 165
715 165
353 74
338 186
74 442
186 442
338 397
236 202
537 236
397 236
483 221
286 463
463 483
534 483
286 365
365 531
522 531
395 526
102 525
524 162
526 524
525 524
225 523
523 521
729 179
517 407
514 517
518 517
520 517
179 517
511 372
512 511
507 616
507 335
507 378
631 509
744 507
509 507
536 506
506 505
73 467
298 503
729 504
503 73
504 73
309 73
499 587
231 427
687 499
427 499
497 214
96 497
70 497
494 434
273 495
495 494
132 222
266 354
354 496
222 496
107 490
94 487
487 486
490 486
489 486
30 55
450 318
55 450
164 450
456 31
456 60
456 105
456 480
456 502
338 719
719 456
479 671
227 485
485 658
671 658
402 479
192 479
163 478
34 134
478 34
477 34
404 474
476 337
474 337
58 473
536 472
703 104
473 703
472 703
66 462
204 469
468 326
469 468
462 468
348 263
263 345
305 345
536 25
130 460
168 329
460 329
25 329
38 750
455 28
199 27
27 38
28 38
144 391
607 144
46 144
29 556
31 556
166 576
630 122
372 630
576 630
32 433
323 155
155 32
278 508
33 278
81 278
166 392
188 641
641 163
392 163
516 40
736 35
35 516
108 516
100 39
616 102
39 102
447 26
451 26
508 30
400 30
42 396
40 42
215 42
648 187
187 593
421 593
395 152
395 296
149 395
45 395
48 50
120 50
536 53
238 684
338 113
113 238
53 238
160 238
156 58
143 58
294 59
338 173
173 656
434 656
59 656
431 399
60 61
399 61
310 424
266 430
430 300
424 300
185 139
350 154
154 185
100 72
749 86
749 449
335 749
72 749
536 195
264 75
68 404
75 404
195 404
729 408
729 304
729 137
729 322
249 77
79 729
105 729
77 729
375 85
437 82
82 736
85 736
86 90
89 90
381 287
94 464
673 94
287 94
100 368
100 754
99 100
106 100
78 51
51 227
587 227
107 178
382 107
315 110
114 242
110 114
428 114
131 189
268 116
742 131
116 131
291 440
480 515
440 515
198 121
150 271
123 150
122 150
181 150
121 150
390 241
196 642
125 390
642 390
301 129
357 127
127 132
129 132
271 323
175 323
134 323
267 140
368 140
135 140
139 140
385 146
208 406
152 208
146 208
347 208
344 180
385 136
180 385
754 385
425 101
128 350
101 350
371 158
158 78
159 78
298 223
162 455
223 455
381 529
169 166
529 166
184 166
467 315
172 315
133 315
171 315
115 364
249 290
254 115
246 115
502 115
290 115
296 363
178 363
147 363
648 250
250 533
183 533
247 312
191 265
684 191
312 191
196 332
196 292
319 302
302 196
207 196
558 197
197 204
202 204
482 513
572 457
266 117
117 482
457 482
216 307
431 283
307 353
283 353
313 558
445 558
396 558
342 295
54 205
459 54
295 54
257 306
308 626
626 452
306 452
308 325
691 384
301 229
229 691
325 691
418 232
47 572
232 572
373 44
373 361
464 373
449 373
443 244
357 491
491 443
377 443
439 648
423 648
170 376
364 213
407 213
433 213
376 213
343 743
743 418
349 418
285 281
281 371
384 371
536 409
631 411
403 401
411 401
409 401
338 436
362 66
436 66
44 198
389 198
660 387
332 387
265 381
408 381
619 284
36 619
383 619
378 344
231 87
268 454
454 375
87 375
136 188
625 188
256 251
285 370
370 256
406 256
298 341
361 360
341 360
248 441
241 248
355 248
157 298
130 275
275 348
104 348
56 343
328 343
273 303
652 342
303 342
214 448
351 448
304 448
205 448
209 170
261 170
219 170
137 170
210 211
647 211
379 339
292 339
151 43
322 43
240 43
