757 979
0 10 7
1 10 7
2 5 10
3 7 10
4 50 50
5 8 6
6 6 8
7 6 7
8 10 8
9 40 50
10 7 10
11 10 10
12 9 5
13 5 7
14 8 8
15 9 10
16 9 8
17 40 50
18 40 30
19 40 20
20 9 10
21 8 8
22 5 6
23 5 7
24 6 8
25 7 5
26 30 20
27 5 6
28 7 10
29 9 8
30 9 6
31 10 6
32 9 7
33 7 8
34 9 8
35 20 50
36 10 9
37 10 9
38 9 8
39 50 40
40 10 5
41 6 10
42 5 6
43 7 6
44 7 7
45 7 7
46 7 9
47 8 5
48 6 7
49 8 5
50 8 6
51 40 40
52 10 7
53 7 7
54 9 5
55 9 9
56 20 40
57 7 5
58 10 6
59 7 7
60 40 40
61 6 9
62 5 6
63 7 9
64 50 30
65 10 7
66 6 9
67 10 7
68 6 7
69 10 8
70 50 30
71 40 20
72 10 9
73 9 7
74 10 5
75 9 9
76 8 8
77 6 5
78 6 9
79 40 40
80 40 20
81 50 40
82 30 20
83 7 9
84 9 5
85 5 9
86 9 5
87 10 6
88 5 7
89 9 6
90 30 20
91 6 9
92 8 5
93 10 7
94 6 5
95 8 6
96 9 6
97 5 9
98 30 30
99 6 7
100 9 7
101 10 7
102 9 7
103 30 30
104 10 6
105 20 20
106 10 10
107 5 10
108 9 10
109 7 5
110 9 9
111 6 8
112 20 40
113 7 8
114 7 10
115 9 7
116 7 6
117 8 10
118 8 5
119 5 6
120 8 10
121 30 20
122 6 10
123 50 30
124 40 40
125 50 40
126 6 5
127 10 9
128 50 40
129 50 20
130 9 8
131 20 40
132 5 5
133 20 20
134 5 9
135 20 40
136 9 5
137 10 6
138 5 9
139 8 8
140 7 8
141 5 9
142 7 6
143 50 20
144 50 40
145 10 10
146 5 10
147 10 6
148 8 8
149 8 6
150 8 5
151 6 8
152 6 6
153 20 20
154 40 30
155 50 40
156 7 9
157 10 10
158 6 10
159 6 6
160 5 7
161 7 6
162 10 9
163 40 30
164 50 30
165 5 5
166 8 6
167 20 30
168 8 9
169 20 40
170 6 6
171 7 9
172 9 5
173 9 8
174 6 9
175 9 10
176 5 6
177 8 9
178 6 9
179 20 50
180 50 20
181 10 9
182 7 5
183 40 50
184 7 6
185 20 40
186 40 20
187 8 5
188 9 7
189 8 7
190 6 8
191 10 7
192 8 9
193 6 10
194 9 10
195 5 10
196 8 10
197 8 6
198 6 6
199 50 50
200 10 5
201 30 20
202 9 8
203 10 6
204 30 50
205 8 6
206 30 40
207 9 10
208 10 9
209 5 5
210 7 8
211 40 30
212 9 6
213 6 10
214 30 50
215 40 20
216 9 7
217 8 5
218 8 9
219 5 9
220 7 9
221 50 40
222 5 5
223 20 40
224 9 7
225 40 30
226 9 8
227 8 9
228 7 5
229 6 10
230 6 10
231 10 9
232 40 40
233 10 8
234 50 40
235 10 5
236 10 10
237 7 7
238 40 20
239 20 20
240 6 5
241 20 20
242 5 7
243 6 6
244 30 20
245 50 20
246 40 40
247 7 6
248 10 9
249 10 8
250 10 8
251 50 40
252 6 10
253 8 6
254 30 50
255 7 9
256 8 10
257 7 7
258 10 6
259 10 6
260 50 20
261 6 8
262 50 40
263 7 6
264 30 30
265 7 7
266 9 9
267 10 7
268 40 30
269 30 40
270 9 7
271 50 20
272 40 50
273 8 5
274 9 10
275 8 9
276 10 6
277 30 50
278 50 40
279 10 9
280 8 5
281 7 7
282 5 7
283 10 7
284 20 20
285 30 20
286 40 50
287 5 7
288 8 6
289 20 40
290 50 40
291 7 9
292 5 8
293 5 10
294 6 5
295 6 6
296 20 20
297 8 8
298 10 10
299 5 9
300 8 8
301 30 30
302 20 50
303 6 5
304 6 6
305 5 8
306 30 20
307 30 50
308 50 50
309 40 20
310 7 9
311 6 6
312 30 40
313 8 5
314 20 20
315 5 10
316 6 5
317 6 5
318 5 5
319 6 10
320 5 5
321 7 6
322 9 6
323 5 10
324 10 8
325 20 40
326 40 50
327 6 7
328 7 9
329 30 40
330 30 20
331 20 20
332 10 10
333 20 30
334 6 10
335 6 5
336 30 50
337 7 5
338 7 9
339 5 9
340 6 7
341 10 6
342 10 8
343 50 30
344 10 9
345 5 6
346 6 9
347 10 7
348 8 6
349 30 20
350 50 40
351 5 10
352 8 5
353 50 30
354 40 40
355 40 30
356 20 40
357 50 30
358 10 10
359 30 20
360 9 6
361 6 10
362 40 30
363 10 8
364 50 50
365 10 7
366 8 9
367 20 50
368 8 10
369 8 6
370 6 10
371 8 7
372 7 8
373 5 5
374 9 10
375 10 10
376 40 40
377 6 9
378 50 20
379 40 20
380 40 30
381 7 5
382 40 50
383 9 10
384 40 40
385 9 10
386 40 30
387 20 50
388 30 40
389 9 9
390 9 5
391 10 5
392 20 40
393 5 5
394 30 50
395 6 8
396 20 50
397 6 5
398 20 50
399 6 7
400 40 30
401 30 50
402 5 9
403 8 8
404 7 8
405 8 5
406 30 30
407 6 10
408 9 6
409 9 9
410 10 6
411 7 6
412 9 7
413 5 9
414 7 5
415 9 10
416 9 6
417 8 6
418 7 5
419 5 6
420 5 9
421 40 20
422 50 30
423 6 10
424 20 50
425 20 30
426 6 5
427 7 5
428 30 30
429 7 5
430 40 40
431 6 9
432 7 8
433 6 10
434 5 9
435 5 9
436 6 5
437 6 5
438 6 7
439 30 20
440 9 9
441 5 9
442 6 9
443 8 7
444 30 50
445 20 20
446 6 5
447 10 5
448 30 40
449 10 7
450 6 10
451 10 10
452 8 6
453 50 30
454 5 9
455 50 30
456 5 7
457 30 50
458 6 5
459 9 8
460 20 20
461 10 9
462 9 5
463 10 7
464 5 7
465 9 6
466 8 10
467 9 7
468 8 8
469 7 6
470 40 20
471 5 5
472 20 20
473 5 7
474 9 9
475 20 50
476 8 6
477 7 7
478 7 5
479 50 30
480 50 50
481 10 5
482 10 5
483 40 30
484 50 40
485 7 10
486 5 10
487 20 40
488 40 40
489 5 8
490 40 40
491 5 6
492 30 30
493 5 8
494 5 10
495 7 10
496 9 7
497 20 40
498 5 6
499 7 7
500 8 7
501 7 7
502 7 5
503 10 9
504 5 7
505 8 5
506 10 8
507 7 7
508 8 9
509 6 10
510 7 6
511 30 20
512 40 50
513 20 50
514 50 50
515 20 20
516 40 40
517 20 30
518 5 9
519 10 8
520 5 9
521 7 7
522 9 10
523 8 8
524 5 5
525 7 5
526 30 40
527 7 6
528 6 8
529 7 8
530 10 6
531 8 7
532 50 20
533 10 8
534 7 9
535 6 7
536 10 9
537 7 9
538 7 6
539 5 7
540 50 20
541 6 7
542 30 40
543 9 7
544 5 9
545 7 5
546 50 50
547 9 10
548 50 20
549 40 50
550 8 6
551 7 6
552 8 6
553 30 30
554 6 10
555 6 6
556 10 8
557 6 6
558 20 40
559 5 7
560 20 30
561 40 40
562 8 7
563 6 8
564 10 6
565 8 7
566 6 5
567 40 20
568 6 8
569 20 30
570 5 6
571 7 10
572 7 8
573 5 9
574 40 30
575 5 8
576 7 10
577 9 5
578 9 5
579 9 6
580 9 5
581 7 5
582 40 30
583 30 30
584 30 20
585 50 50
586 9 7
587 7 8
588 5 8
589 5 8
590 6 9
591 9 10
592 10 5
593 6 6
594 7 7
595 40 20
596 5 6
597 5 6
598 8 7
599 8 8
600 10 7
601 30 40
602 5 9
603 20 20
604 10 8
605 8 9
606 7 6
607 8 7
608 8 8
609 10 8
610 6 5
611 30 30
612 7 6
613 5 8
614 10 6
615 5 9
616 9 9
617 10 9
618 8 5
619 7 10
620 30 50
621 8 8
622 10 9
623 9 9
624 30 40
625 50 40
626 6 9
627 8 10
628 8 6
629 20 50
630 9 8
631 9 8
632 10 9
633 20 40
634 50 30
635 7 9
636 8 6
637 20 20
638 6 7
639 40 30
640 10 10
641 30 40
642 40 20
643 5 6
644 9 9
645 5 9
646 50 30
647 6 9
648 10 7
649 7 7
650 7 6
651 8 9
652 30 40
653 50 40
654 8 8
655 30 20
656 30 50
657 8 7
658 30 50
659 10 6
660 40 20
661 5 7
662 8 9
663 10 5
664 10 7
665 50 20
666 6 9
667 7 6
668 30 20
669 9 7
670 10 6
671 5 5
672 50 20
673 20 40
674 20 40
675 5 5
676 30 40
677 9 7
678 20 50
679 20 20
680 10 5
681 8 9
682 7 6
683 50 40
684 5 5
685 7 6
686 7 7
687 20 20
688 10 6
689 8 7
690 20 20
691 6 6
692 9 6
693 50 20
694 9 9
695 5 5
696 30 50
697 6 9
698 6 7
699 10 5
700 6 6
701 6 9
702 6 5
703 5 10
704 9 5
705 50 50
706 10 7
707 6 7
708 10 7
709 8 9
710 6 8
711 20 30
712 50 30
713 7 7
714 6 10
715 9 7
716 5 8
717 50 30
718 6 6
719 6 10
720 10 9
721 20 50
722 40 20
723 20 20
724 10 9
725 20 30
726 7 10
727 9 7
728 50 40
729 8 7
730 30 50
731 10 5
732 7 7
733 7 7
734 30 20
735 40 30
736 6 9
737 6 7
738 20 20
739 20 30
740 7 5
741 7 7
742 8 7
743 6 8
744 9 7
745 6 8
746 30 30
747 7 6
748 40 50
749 5 6
750 7 5
751 10 10
752 8 7
753 5 5
754 9 5
755 20 40
756 10 5
140 0
8 428
338 336
249 194
0 8
336 8
194 8
2 45
2 349
729 1
704 253
253 2
1 2
729 3
653 623
4 9
4 551
623 4
3 4
5 311
182 552
310 488
488 5
552 5
348 69
350 6
7 17
7 520
7 184
69 7
6 7
500 172
50 230
107 493
230 500
493 500
9 500
124 10
612 11
645 80
10 645
11 645
656 22
12 546
257 279
279 12
22 12
13 657
437 333
333 13
546 13
63 400
663 413
536 200
95 412
413 63
412 63
200 63
15 694
15 580
15 135
617 14
14 15
334 259
16 459
259 16
644 67
18 149
18 673
67 18
17 18
470 20
280 19
613 629
19 613
20 613
432 358
432 328
432 351
432 261
185 201
348 21
21 432
201 432
161 23
24 282
24 120
24 89
24 347
24 147
23 24
694 24
599 728
617 37
617 547
264 756
756 617
728 617
521 755
294 734
597 207
338 435
435 597
755 597
734 597
637 429
415 753
666 192
666 106
429 666
753 666
102 752
334 549
334 514
334 209
752 334
282 334
161 713
550 625
550 157
713 550
37 550
280 447
648 751
751 280
536 471
294 748
465 614
465 652
471 465
748 465
418 297
664 258
747 621
747 647
258 747
297 747
686 746
725 539
88 740
746 725
740 725
294 466
245 739
595 160
595 79
466 595
739 595
418 65
608 738
737 618
737 377
738 737
65 737
470 451
470 183
61 519
519 470
539 470
360 733
193 735
314 545
314 175
735 314
733 314
663 732
536 731
124 402
732 124
731 124
486 64
64 193
233 410
727 252
285 438
438 727
410 727
556 650
726 84
593 724
650 726
724 726
342 723
722 649
723 722
721 445
456 530
247 92
92 721
530 721
741 745
348 498
720 603
745 720
498 720
329 528
654 36
58 369
369 654
528 654
100 718
344 501
717 234
717 611
717 382
501 717
718 717
286 716
676 83
199 374
374 676
716 676
712 309
712 240
102 484
589 714
741 662
484 712
714 712
662 712
166 710
541 711
414 742
414 123
711 414
710 414
442 126
367 174
84 367
126 367
233 709
708 226
708 148
708 215
88 510
510 708
709 708
422 426
422 159
542 707
226 422
707 422
701 277
323 692
663 168
663 68
663 403
277 663
692 663
310 706
93 522
357 575
575 93
706 93
238 420
216 705
420 704
705 704
417 461
211 52
701 254
535 702
702 701
52 701
461 701
34 98
699 537
150 730
730 699
98 699
545 699
516 276
177 143
586 274
276 177
274 177
359 246
140 698
698 359
696 453
360 697
542 562
697 696
562 696
339 690
683 744
387 693
536 527
690 683
527 683
693 683
417 492
211 239
689 29
535 103
103 689
492 689
239 689
643 685
686 108
308 688
688 686
685 686
142 262
680 91
231 682
91 142
682 142
247 388
291 289
636 362
388 636
289 636
166 293
90 681
680 477
681 680
293 680
119 687
456 366
245 678
425 679
366 119
679 119
678 119
658 677
557 675
674 260
677 674
675 674
579 672
102 153
182 210
418 670
670 182
153 182
672 182
337 669
557 538
481 356
669 481
538 481
531 299
646 610
571 668
299 646
668 646
90 667
667 664
695 624
185 659
729 661
549 695
659 695
603 695
661 695
655 81
657 655
426 655
653 518
653 169
741 118
118 653
596 512
596 47
298 651
234 596
651 596
644 56
644 219
497 206
206 644
649 644
542 419
257 398
398 643
419 643
505 640
245 639
637 128
640 637
639 637
310 635
176 423
285 321
321 176
635 176
543 634
524 405
633 269
633 534
405 633
634 633
536 632
627 96
26 628
628 627
632 627
629 627
213 190
43 620
574 171
448 76
76 574
624 574
190 574
620 574
577 324
161 581
161 145
161 305
95 584
584 161
324 161
554 218
301 622
622 554
621 554
572 615
618 417
615 417
225 217
612 70
614 612
217 612
446 421
456 394
216 416
416 446
394 446
497 532
342 224
532 741
224 741
608 609
543 255
611 608
255 608
227 220
505 606
237 99
220 237
606 237
605 272
630 665
437 602
665 605
602 605
559 243
536 600
243 599
600 599
594 235
486 352
257 598
598 594
352 594
592 607
533 141
141 592
80 592
591 458
700 212
88 590
212 591
590 591
589 48
358 589
496 565
444 439
586 588
588 444
565 444
319 62
62 586
83 586
188 57
700 181
381 330
343 604
57 700
604 700
330 700
320 316
363 585
319 475
475 320
585 320
300 327
582 33
199 583
583 582
327 582
579 489
581 579
580 579
278 578
536 270
578 577
270 577
573 313
516 568
568 573
148 573
452 203
268 393
393 571
203 571
342 138
345 109
346 267
344 570
497 112
112 346
570 346
109 346
138 346
455 386
363 569
208 567
269 535
567 535
386 535
569 535
516 566
564 561
564 660
564 379
496 638
566 564
638 564
401 563
317 125
563 317
561 317
559 476
165 560
560 559
610 559
456 380
249 97
557 164
557 46
557 383
557 355
97 557
380 557
340 156
515 71
71 340
252 340
555 331
163 544
233 553
544 555
553 555
385 41
111 133
50 548
41 111
551 111
548 111
543 389
543 151
145 543
547 543
609 541
601 228
198 167
308 288
167 601
288 601
456 49
245 715
415 540
49 165
540 165
715 165
353 74
338 186
74 442
186 442
338 397
236 202
537 236
397 236
483 221
286 463
463 483
534 483
286 365
365 531
522 531
395 526
102 525
524 162
526 524
525 524
225 523
523 521
729 179
517 407
514 517
518 517
520 517
179 517
511 372
512 511
507 616
507 335
507 378
631 509
744 507
509 507
536 506
506 505
73 467
298 503
729 504
503 73
504 73
309 73
499 587
231 427
687 499
427 499
497 214
96 497
70 497
494 434
273 495
495 494
132 222
266 354
354 496
222 496
107 490
94 487
487 486
490 486
489 486
30 55
450 318
55 450
164 450
456 31
456 60
456 105
456 480
456 502
338 719
719 456
479 671
227 485
485 658
671 658
402 479
192 479
163 478
34 134
478 34
477 34
404 474
476 337
474 337
58 473
536 472
703 104
473 703
472 703
66 462
204 469
468 326
469 468
462 468
348 263
263 345
305 345
536 25
130 460
168 329
460 329
25 329
38 750
455 28
199 27
27 38
28 38
144 391
607 144
46 144
29 556
31 556
166 576
630 122
372 630
576 630
32 433
323 155
155 32
278 508
33 278
81 278
166 392
188 641
641 163
392 163
516 40
736 35
35 516
108 516
100 39
616 102
39 102
447 26
451 26
508 30
400 30
42 396
40 42
215 42
648 187
187 593
421 593
395 152
395 296
149 395
45 395
48 50
120 50
536 53
238 684
338 113
113 238
53 238
160 238
156 58
143 58
294 59
338 173
173 656
434 656
59 656
431 399
60 61
399 61
310 424
266 430
430 300
424 300
185 139
350 154
154 185
100 72
749 86
749 449
335 749
72 749
536 195
264 75
68 404
75 404
195 404
729 408
729 304
729 137
729 322
249 77
79 729
105 729
77 729
375 85
437 82
82 736
85 736
86 90
89 90
381 287
94 464
673 94
287 94
100 368
100 754
99 100
106 100
78 51
51 227
587 227
107 178
382 107
315 110
114 242
110 114
428 114
131 189
268 116
742 131
116 131
291 440
480 515
440 515
198 121
150 271
123 150
122 150
181 150
121 150
390 241
196 642
125 390
642 390
301 129
357 127
127 132
129 132
271 323
175 323
134 323
267 140
368 140
135 140
139 140
385 146
208 406
152 208
146 208
347 208
344 180
385 136
180 385
754 385
425 101
128 350
101 350
371 158
158 78
159 78
298 223
162 455
223 455
381 529
169 166
529 166
184 166
467 315
172 315
133 315
171 315
115 364
249 290
254 115
246 115
502 115
290 115
296 363
178 363
147 363
648 250
250 533
183 533
247 312
191 265
684 191
312 191
196 332
196 292
319 302
302 196
207 196
558 197
197 204
202 204
482 513
572 457
266 117
117 482
457 482
216 307
431 283
307 353
283 353
313 558
445 558
396 558
342 295
54 205
459 54
295 54
257 306
308 626
626 452
306 452
308 325
691 384
301 229
229 691
325 691
418 232
47 572
232 572
373 44
373 361
464 373
449 373
443 244
357 491
491 443
377 443
439 648
423 648
170 376
364 213
407 213
433 213
376 213
343 743
743 418
349 418
285 281
281 371
384 371
536 409
631 411
403 401
411 401
409 401
338 436
362 66
436 66
44 198
389 198
660 387
332 387
265 381
408 381
619 284
36 619
383 619
378 344
231 87
268 454
454 375
87 375
136 188
625 188
256 251
285 370
370 256
406 256
298 341
361 360
341 360
248 441
241 248
355 248
157 298
130 275
275 348
104 348
56 343
328 343
273 303
652 342
303 342
214 448
351 448
304 448
205 448
209 170
261 170
219 170
137 170
210 211
647 211
379 339
292 339
151 43
322 43
240 43
