1365 1665
0 20 40
1 7 10
2 9 9
3 10 9
4 20 50
5 7 9
6 20 50
7 30 30
8 20 30
9 10 6
10 20 30
11 7 5
12 6 7
13 10 6
14 10 9
15 10 6
16 9 9
17 7 6
18 40 20
19 9 6
20 10 5
21 20 30
22 10 10
23 9 8
24 9 10
25 30 20
26 9 10
27 6 7
28 40 40
29 5 6
30 20 50
31 6 8
32 20 20
33 40 40
34 20 20
35 7 7
36 10 7
37 7 7
38 50 20
39 20 20
40 8 10
41 6 10
42 20 40
43 30 50
44 8 10
45 8 7
46 6 5
47 6 7
48 8 5
49 20 50
50 6 8
51 8 7
52 5 5
53 6 10
54 50 20
55 7 8
56 9 6
57 40 30
58 7 10
59 20 50
60 20 20
61 5 7
62 5 5
63 7 8
64 20 40
65 20 20
66 7 7
67 7 5
68 8 9
69 20 40
70 9 8
71 20 40
72 20 40
73 9 6
74 40 40
75 40 40
76 5 7
77 8 5
78 20 40
79 10 5
80 5 9
81 50 20
82 10 5
83 7 9
84 9 6
85 6 10
86 40 40
87 7 7
88 8 8
89 10 9
90 10 6
91 10 8
92 7 9
93 6 6
94 6 10
95 6 8
96 20 30
97 9 8
98 50 30
99 5 8
100 30 20
101 8 7
102 50 40
103 50 40
104 7 5
105 40 20
106 9 7
107 6 6
108 30 30
109 6 10
110 50 30
111 50 30
112 20 40
113 10 9
114 40 30
115 10 6
116 5 6
117 30 20
118 6 7
119 6 8
120 5 8
121 7 5
122 9 7
123 30 50
124 6 6
125 7 8
126 6 5
127 5 6
128 5 6
129 9 9
130 7 5
131 40 50
132 8 9
133 30 40
134 10 7
135 9 7
136 9 8
137 8 7
138 8 8
139 6 7
140 50 40
141 20 40
142 20 50
143 10 7
144 50 50
145 30 30
146 6 6
147 20 50
148 30 50
149 9 9
150 30 40
151 50 50
152 6 6
153 7 10
154 40 40
155 10 5
156 9 5
157 8 8
158 30 30
159 50 50
160 10 9
161 5 6
162 5 7
163 7 10
164 7 10
165 7 6
166 30 30
167 50 20
168 50 50
169 30 50
170 30 40
171 10 9
172 8 5
173 7 5
174 7 6
175 50 50
176 10 10
177 20 20
178 9 8
179 7 10
180 9 5
181 7 8
182 50 40
183 30 40
184 40 20
185 20 20
186 6 6
187 9 9
188 5 10
189 8 9
190 50 50
191 10 9
192 7 9
193 6 8
194 6 9
195 5 9
196 30 40
197 7 10
198 30 30
199 30 40
200 5 8
201 9 8
202 8 8
203 30 40
204 7 10
205 6 9
206 40 40
207 7 7
208 7 6
209 7 10
210 8 7
211 6 7
212 5 9
213 50 30
214 7 5
215 7 5
216 10 6
217 10 5
218 30 30
219 30 20
220 10 10
221 40 50
222 7 8
223 9 10
224 6 7
225 6 9
226 7 6
227 6 10
228 10 8
229 50 20
230 8 8
231 6 8
232 20 50
233 9 6
234 10 9
235 20 30
236 6 6
237 5 10
238 5 5
239 7 8
240 40 40
241 9 9
242 20 20
243 30 50
244 20 30
245 8 7
246 6 10
247 9 8
248 10 5
249 20 40
250 5 8
251 5 8
252 7 8
253 50 30
254 10 9
255 9 5
256 5 6
257 5 8
258 6 6
259 6 6
260 20 20
261 9 6
262 9 7
263 9 10
264 7 5
265 40 50
266 30 20
267 9 10
268 6 9
269 10 8
270 9 7
271 9 6
272 6 6
273 8 8
274 40 40
275 7 10
276 8 8
277 7 9
278 5 8
279 6 7
280 10 6
281 40 30
282 8 10
283 5 8
284 6 7
285 10 8
286 5 6
287 7 8
288 5 9
289 50 20
290 40 50
291 6 6
292 6 5
293 30 30
294 5 6
295 50 50
296 6 7
297 30 50
298 10 10
299 5 9
300 7 5
301 8 8
302 9 6
303 9 10
304 8 9
305 20 50
306 7 5
307 9 10
308 7 7
309 5 10
310 30 40
311 6 7
312 30 40
313 9 8
314 8 10
315 6 6
316 5 9
317 40 20
318 40 20
319 50 30
320 7 9
321 7 9
322 8 8
323 6 10
324 5 10
325 20 30
326 50 50
327 9 5
328 6 7
329 7 7
330 50 50
331 50 40
332 5 6
333 40 50
334 9 5
335 8 6
336 7 7
337 6 6
338 9 9
339 40 30
340 7 10
341 8 10
342 6 10
343 30 50
344 20 40
345 40 20
346 10 7
347 8 6
348 6 9
349 5 7
350 7 9
351 5 8
352 8 9
353 50 20
354 7 10
355 40 20
356 40 40
357 8 8
358 8 9
359 50 20
360 10 7
361 9 7
362 50 20
363 8 7
364 7 7
365 9 6
366 10 10
367 6 9
368 8 10
369 5 8
370 9 6
371 9 9
372 30 40
373 30 20
374 8 6
375 7 5
376 30 30
377 6 5
378 6 9
379 8 6
380 5 5
381 9 5
382 8 10
383 5 8
384 9 5
385 7 5
386 7 6
387 8 5
388 20 50
389 7 9
390 40 40
391 50 50
392 20 20
393 5 10
394 8 7
395 5 9
396 20 50
397 20 20
398 6 7
399 10 10
400 5 9
401 20 40
402 20 50
403 10 5
404 7 6
405 10 10
406 20 50
407 50 50
408 9 6
409 50 50
410 9 8
411 40 30
412 7 5
413 50 20
414 8 7
415 20 50
416 8 10
417 20 40
418 9 5
419 5 7
420 10 10
421 40 30
422 40 40
423 7 7
424 9 9
425 9 5
426 9 9
427 9 9
428 8 5
429 30 20
430 9 5
431 50 50
432 20 20
433 7 7
434 30 40
435 10 7
436 20 30
437 8 7
438 8 9
439 10 9
440 30 50
441 20 40
442 5 9
443 5 10
444 10 9
445 9 9
446 5 6
447 5 5
448 8 5
449 30 20
450 5 7
451 30 20
452 30 20
453 9 8
454 6 5
455 8 7
456 7 7
457 50 50
458 6 9
459 20 40
460 50 20
461 20 20
462 8 5
463 20 50
464 20 40
465 5 9
466 50 30
467 9 10
468 5 8
469 50 20
470 50 50
471 6 5
472 9 8
473 20 50
474 40 50
475 5 9
476 40 20
477 8 5
478 7 7
479 20 40
480 5 6
481 50 40
482 10 6
483 9 5
484 50 50
485 6 5
486 40 30
487 5 6
488 6 5
489 6 10
490 8 10
491 6 6
492 5 9
493 40 40
494 30 50
495 6 8
496 6 6
497 8 10
498 30 30
499 5 8
500 7 8
501 7 7
502 5 5
503 9 6
504 20 30
505 50 50
506 5 7
507 9 6
508 10 9
509 40 30
510 9 8
511 40 40
512 8 8
513 10 7
514 9 6
515 6 10
516 10 8
517 50 50
518 6 6
519 8 8
520 30 50
521 10 10
522 9 5
523 9 7
524 5 7
525 20 20
526 50 40
527 20 30
528 9 6
529 10 10
530 7 10
531 5 7
532 10 10
533 8 5
534 10 6
535 20 40
536 7 8
537 6 7
538 40 40
539 30 50
540 50 30
541 9 10
542 30 30
543 10 10
544 9 10
545 30 50
546 10 8
547 6 8
548 30 20
549 50 20
550 9 10
551 10 7
552 40 20
553 5 7
554 5 10
555 8 9
556 9 5
557 9 8
558 8 10
559 10 5
560 9 7
561 10 9
562 6 8
563 6 8
564 5 9
565 50 30
566 5 9
567 50 50
568 9 10
569 40 50
570 40 20
571 9 9
572 10 7
573 9 10
574 20 40
575 8 8
576 6 6
577 10 6
578 6 7
579 8 10
580 6 5
581 30 40
582 10 5
583 7 5
584 50 30
585 9 8
586 10 5
587 30 20
588 7 9
589 50 20
590 7 7
591 6 6
592 7 10
593 8 6
594 50 20
595 50 20
596 9 10
597 9 9
598 5 8
599 20 20
600 30 40
601 40 40
602 5 7
603 10 6
604 5 10
605 5 8
606 50 20
607 30 30
608 5 10
609 40 40
610 6 9
611 5 5
612 7 8
613 10 7
614 7 10
615 8 6
616 9 8
617 40 40
618 6 7
619 9 5
620 30 50
621 8 7
622 6 7
623 6 8
624 40 50
625 6 7
626 5 10
627 6 6
628 7 7
629 8 6
630 10 6
631 8 6
632 50 50
633 7 8
634 5 9
635 50 50
636 30 20
637 7 6
638 7 6
639 9 7
640 30 30
641 10 7
642 6 10
643 10 7
644 8 7
645 6 9
646 7 7
647 5 10
648 40 20
649 6 9
650 6 9
651 8 8
652 10 6
653 7 7
654 20 30
655 8 10
656 5 7
657 20 20
658 5 5
659 30 20
660 5 9
661 50 20
662 30 50
663 40 30
664 10 6
665 7 10
666 10 7
667 5 6
668 5 7
669 7 10
670 5 10
671 7 8
672 40 30
673 10 10
674 8 6
675 5 10
676 8 5
677 5 6
678 6 6
679 8 5
680 50 30
681 10 10
682 5 5
683 10 5
684 9 6
685 6 6
686 10 7
687 9 9
688 7 5
689 6 5
690 10 8
691 8 7
692 20 40
693 10 7
694 9 6
695 7 6
696 10 5
697 10 6
698 10 8
699 30 30
700 30 20
701 9 9
702 8 10
703 6 6
704 40 50
705 10 5
706 50 40
707 50 40
708 40 50
709 8 9
710 5 5
711 50 30
712 30 50
713 7 8
714 30 20
715 10 8
716 5 8
717 7 8
718 6 5
719 10 10
720 30 50
721 8 7
722 8 8
723 7 5
724 40 50
725 9 8
726 6 5
727 7 5
728 50 20
729 6 5
730 9 7
731 6 9
732 6 6
733 5 9
734 9 9
735 6 9
736 7 8
737 9 9
738 7 10
739 50 20
740 40 20
741 8 7
742 6 7
743 8 10
744 30 40
745 20 50
746 10 8
747 30 20
748 50 40
749 9 6
750 20 30
751 50 20
752 6 5
753 6 8
754 30 20
755 6 5
756 10 5
757 6 5
758 7 7
759 10 10
760 20 50
761 50 30
762 8 7
763 20 50
764 7 5
765 9 9
766 10 6
767 5 10
768 5 8
769 20 40
770 40 30
771 7 9
772 7 7
773 8 7
774 40 30
775 8 5
776 8 8
777 10 6
778 5 7
779 6 10
780 10 7
781 40 30
782 7 6
783 7 6
784 7 9
785 9 9
786 8 9
787 40 20
788 10 6
789 30 50
790 10 6
791 5 10
792 6 6
793 30 20
794 9 8
795 8 9
796 5 6
797 9 5
798 10 8
799 5 10
800 20 50
801 5 10
802 6 6
803 40 20
804 8 9
805 6 6
806 50 30
807 7 5
808 6 10
809 30 40
810 9 6
811 7 8
812 30 50
813 10 7
814 6 6
815 8 6
816 50 40
817 8 10
818 5 7
819 20 20
820 8 9
821 6 10
822 40 50
823 8 8
824 9 7
825 40 20
826 8 10
827 30 50
828 40 20
829 5 6
830 9 9
831 8 6
832 5 10
833 10 8
834 50 40
835 20 20
836 5 7
837 5 10
838 10 5
839 10 6
840 50 30
841 5 9
842 9 9
843 40 30
844 50 30
845 6 8
846 20 50
847 5 7
848 50 40
849 7 7
850 9 8
851 9 9
852 30 40
853 10 5
854 9 5
855 5 9
856 10 7
857 9 9
858 7 6
859 9 6
860 7 6
861 40 20
862 20 50
863 6 9
864 10 8
865 7 5
866 7 5
867 7 9
868 30 50
869 5 9
870 7 8
871 9 5
872 6 10
873 10 7
874 8 5
875 40 30
876 40 40
877 5 9
878 6 6
879 50 20
880 40 50
881 40 20
882 8 6
883 30 50
884 30 50
885 10 8
886 8 8
887 7 9
888 8 8
889 10 8
890 9 9
891 5 5
892 8 7
893 5 6
894 9 9
895 20 40
896 8 5
897 8 10
898 5 6
899 20 30
900 50 40
901 6 5
902 5 10
903 9 10
904 30 20
905 8 10
906 10 8
907 10 7
908 10 9
909 40 50
910 8 10
911 40 30
912 8 5
913 5 6
914 40 30
915 20 30
916 8 6
917 40 20
918 5 10
919 5 7
920 10 8
921 9 6
922 8 7
923 8 8
924 10 10
925 9 9
926 10 8
927 6 7
928 20 30
929 5 7
930 20 30
931 9 7
932 30 30
933 50 30
934 10 10
935 10 7
936 6 10
937 40 30
938 7 9
939 5 7
940 30 20
941 30 30
942 9 7
943 5 10
944 10 9
945 5 5
946 6 7
947 7 8
948 40 50
949 5 10
950 8 5
951 6 8
952 20 20
953 7 6
954 5 7
955 8 9
956 8 8
957 7 9
958 10 10
959 7 10
960 5 9
961 9 7
962 50 30
963 50 20
964 10 7
965 5 6
966 8 6
967 8 5
968 50 40
969 40 30
970 8 7
971 9 8
972 7 10
973 9 6
974 6 9
975 20 30
976 9 8
977 7 10
978 20 40
979 5 5
980 6 5
981 7 5
982 5 8
983 5 8
984 8 7
985 7 6
986 6 8
987 7 5
988 6 6
989 8 7
990 10 5
991 5 6
992 40 30
993 8 5
994 5 9
995 40 20
996 6 6
997 30 40
998 30 40
999 5 7
1000 50 20
1001 8 6
1002 8 6
1003 6 7
1004 8 10
1005 20 30
1006 7 5
1007 50 40
1008 9 8
1009 8 6
1010 30 40
1011 9 8
1012 50 30
1013 20 20
1014 7 6
1015 7 7
1016 7 9
1017 9 10
1018 7 9
1019 30 20
1020 10 6
1021 6 7
1022 8 8
1023 10 9
1024 20 50
1025 10 8
1026 20 20
1027 10 8
1028 40 50
1029 40 30
1030 5 8
1031 30 50
1032 40 50
1033 50 50
1034 8 6
1035 7 6
1036 10 6
1037 10 9
1038 6 8
1039 9 7
1040 5 7
1041 30 20
1042 30 20
1043 50 40
1044 7 7
1045 7 7
1046 8 9
1047 5 10
1048 7 8
1049 10 5
1050 6 6
1051 9 6
1052 7 8
1053 30 30
1054 40 50
1055 7 8
1056 9 9
1057 5 8
1058 10 10
1059 20 30
1060 10 6
1061 7 7
1062 9 5
1063 40 20
1064 6 7
1065 7 10
1066 50 50
1067 20 50
1068 6 7
1069 10 9
1070 10 7
1071 8 7
1072 5 9
1073 50 50
1074 20 30
1075 40 50
1076 9 5
1077 8 10
1078 8 5
1079 20 40
1080 7 7
1081 10 6
1082 7 6
1083 20 40
1084 8 5
1085 6 5
1086 30 50
1087 6 5
1088 10 6
1089 6 9
1090 10 6
1091 7 6
1092 5 8
1093 8 9
1094 9 10
1095 7 8
1096 50 50
1097 6 10
1098 9 5
1099 10 8
1100 8 8
1101 7 5
1102 10 8
1103 50 50
1104 6 7
1105 40 30
1106 40 20
1107 10 8
1108 50 40
1109 20 20
1110 8 10
1111 10 5
1112 5 9
1113 9 7
1114 5 10
1115 6 7
1116 7 10
1117 9 8
1118 9 7
1119 9 6
1120 10 9
1121 40 30
1122 30 50
1123 10 7
1124 10 7
1125 8 9
1126 8 9
1127 50 40
1128 10 10
1129 50 30
1130 8 7
1131 5 6
1132 40 50
1133 7 8
1134 10 7
1135 30 30
1136 8 10
1137 10 10
1138 40 30
1139 6 5
1140 10 6
1141 20 40
1142 40 20
1143 5 5
1144 50 20
1145 9 8
1146 8 9
1147 40 30
1148 8 10
1149 6 6
1150 7 7
1151 30 40
1152 20 40
1153 6 9
1154 7 7
1155 7 7
1156 9 8
1157 50 20
1158 6 10
1159 30 30
1160 20 30
1161 40 50
1162 8 8
1163 50 30
1164 5 9
1165 20 50
1166 7 8
1167 40 40
1168 7 5
1169 8 9
1170 10 6
1171 7 5
1172 10 7
1173 20 20
1174 6 10
1175 40 40
1176 50 50
1177 9 7
1178 6 6
1179 5 10
1180 9 7
1181 9 10
1182 30 50
1183 40 50
1184 9 6
1185 6 10
1186 6 6
1187 10 7
1188 40 30
1189 6 6
1190 50 50
1191 40 50
1192 8 9
1193 6 8
1194 6 6
1195 20 30
1196 40 50
1197 30 20
1198 10 5
1199 8 6
1200 20 50
1201 6 9
1202 7 10
1203 8 6
1204 50 20
1205 7 6
1206 50 50
1207 8 8
1208 8 8
1209 40 50
1210 9 5
1211 6 10
1212 20 30
1213 20 20
1214 8 8
1215 9 6
1216 40 40
1217 7 5
1218 6 7
1219 8 7
1220 7 8
1221 10 10
1222 9 9
1223 40 40
1224 9 7
1225 50 40
1226 8 6
1227 20 20
1228 6 6
1229 20 30
1230 50 30
1231 20 50
1232 10 10
1233 6 5
1234 10 7
1235 9 6
1236 9 8
1237 30 20
1238 20 30
1239 6 5
1240 5 9
1241 7 8
1242 50 50
1243 20 50
1244 8 7
1245 10 9
1246 6 5
1247 10 7
1248 7 6
1249 6 7
1250 6 9
1251 9 8
1252 6 7
1253 9 6
1254 6 10
1255 7 7
1256 8 9
1257 6 5
1258 6 5
1259 20 50
1260 6 9
1261 10 5
1262 9 8
1263 6 10
1264 10 9
1265 9 7
1266 10 9
1267 8 5
1268 6 7
1269 50 40
1270 50 30
1271 9 10
1272 7 6
1273 9 5
1274 9 10
1275 50 30
1276 10 5
1277 50 50
1278 40 50
1279 20 20
1280 5 8
1281 9 8
1282 5 8
1283 7 5
1284 6 9
1285 30 30
1286 10 6
1287 9 6
1288 8 6
1289 8 10
1290 9 7
1291 20 20
1292 10 9
1293 50 20
1294 8 7
1295 9 10
1296 7 5
1297 8 5
1298 30 30
1299 7 8
1300 6 5
1301 10 10
1302 40 20
1303 7 9
1304 10 6
1305 9 7
1306 9 9
1307 8 8
1308 8 10
1309 5 8
1310 7 6
1311 10 6
1312 9 8
1313 30 30
1314 7 7
1315 5 9
1316 10 7
1317 20 30
1318 10 5
1319 9 8
1320 10 9
1321 30 40
1322 6 10
1323 40 30
1324 5 7
1325 20 40
1326 30 40
1327 9 6
1328 40 30
1329 7 7
1330 6 7
1331 7 8
1332 6 10
1333 10 7
1334 20 40
1335 50 50
1336 50 50
1337 20 20
1338 8 8
1339 8 6
1340 6 9
1341 6 8
1342 10 7
1343 7 5
1344 9 7
1345 10 8
1346 6 8
1347 10 6
1348 9 9
1349 40 40
1350 7 9
1351 8 6
1352 8 6
1353 30 50
1354 7 5
1355 7 9
1356 6 8
1357 7 9
1358 40 40
1359 50 30
1360 10 9
1361 8 6
1362 5 7
1363 30 20
1364 10 8
22 0
3 504
1 1249
1 864
1 909
1 252
246 1074
1074 1
0 1
504 1
725 595
187 473
1322 677
51 634
383 2
677 187
595 187
634 187
2 187
518 159
893 441
159 3
441 3
361 4
865 5
1063 1206
4 1063
5 1063
765 397
776 18
6 1105
6 835
18 6
397 6
7 695
710 1058
1058 7
457 178
269 8
691 480
8 457
480 457
917 928
9 164
728 927
882 430
928 9
927 9
430 9
1094 10
12 52
881 552
742 11
11 12
10 12
552 12
14 571
1076 13
13 14
126 241
134 244
1236 1084
807 15
15 1236
244 1236
241 1236
1151 16
479 955
735 357
735 545
939 1129
1129 735
16 735
955 735
19 1057
269 775
854 17
775 19
17 19
811 1252
20 565
1252 20
714 21
483 470
21 22
470 22
1256 81
1256 108
1256 232
1256 713
1256 973
1256 637
728 23
23 1256
812 24
823 698
739 83
739 1186
1182 267
1003 25
25 739
267 739
24 739
698 739
1213 1037
1213 1259
170 26
26 1213
1076 77
763 27
536 932
536 1096
793 42
704 28
28 536
42 536
27 536
77 536
1085 313
30 179
30 1030
675 29
657 44
313 30
44 30
29 30
907 242
819 31
778 1016
242 778
31 778
716 435
248 236
32 641
304 33
1272 506
506 32
33 32
236 32
435 32
650 310
34 118
657 721
721 34
310 34
376 35
643 158
648 36
742 37
37 643
35 643
36 643
39 676
1006 1028
356 38
1226 338
1028 39
338 39
38 39
806 1338
731 40
918 1150
918 1077
1338 918
40 918
120 625
766 747
400 41
1263 601
625 766
41 766
601 766
958 46
929 592
929 398
1262 45
715 43
46 929
43 929
45 929
692 165
971 439
971 411
638 47
523 188
188 971
165 971
47 971
1085 1299
1065 1067
1299 1262
1067 1262
1280 48
656 1248
1161 49
742 712
712 656
48 656
49 656
50 842
630 322
322 50
1046 732
679 883
1139 649
732 1139
883 1139
1065 694
694 51
52 51
1283 53
354 54
55 276
55 941
55 1318
53 55
54 55
210 56
62 1153
523 1157
889 57
1157 62
56 62
57 62
757 256
753 1284
728 364
882 58
256 753
364 753
58 753
934 632
616 218
692 947
947 616
632 616
60 1292
366 772
752 59
772 60
59 60
937 226
61 460
728 1146
882 748
226 61
1146 61
748 61
1102 63
1352 1190
210 908
210 211
281 838
1156 64
64 210
838 210
63 210
1190 210
893 678
605 65
66 1362
66 1036
66 1027
65 66
678 66
1242 1315
161 585
1315 161
602 377
234 617
669 67
617 602
67 602
296 68
375 1273
309 653
68 375
653 375
729 903
1316 1111
1316 520
780 1017
523 880
880 1316
903 1316
1017 1316
351 70
82 69
1351 307
1351 960
1351 1355
1351 668
1351 1099
1351 871
578 71
71 1351
69 1351
70 1351
754 1266
797 73
1283 1343
893 72
73 754
72 754
1343 754
784 75
76 1308
497 74
74 76
75 76
97 373
618 658
1249 97
658 97
1009 836
626 299
299 1009
213 482
1085 79
730 78
697 832
79 213
832 213
78 213
390 80
1112 1275
808 233
80 1112
233 1112
882 872
718 393
81 82
393 82
872 82
788 223
474 1247
1247 788
665 84
85 1294
83 85
84 85
1283 635
1010 800
177 834
354 1068
1068 177
800 177
635 177
1283 87
998 86
1353 1228
354 88
88 1353
86 1353
87 1353
1226 1358
1226 1079
962 516
516 1226
1150 1226
361 89
865 90
91 853
89 91
90 91
680 983
92 200
92 306
983 92
1346 844
94 259
1073 93
93 94
844 94
806 95
679 263
174 607
174 489
95 174
263 174
98 1344
1192 96
908 98
96 98
117 99
100 247
138 121
99 100
121 100
102 287
102 967
102 1064
991 101
101 102
752 103
104 1309
104 452
701 305
305 104
103 104
409 895
823 1029
1029 409
743 135
743 936
180 1165
166 105
939 334
334 743
105 743
1165 743
109 1149
882 107
785 106
108 109
106 109
107 109
1046 110
679 343
111 594
110 111
343 111
1035 112
468 113
1107 1297
1107 803
112 1107
113 1107
115 420
427 114
293 116
610 885
667 540
116 115
114 115
540 115
885 115
332 736
736 117
118 117
1233 122
701 979
991 119
122 120
979 120
119 120
1292 120
124 1054
876 123
123 124
1344 124
980 572
217 125
180 557
572 126
125 126
557 126
471 801
288 192
680 127
127 288
801 288
1035 994
901 330
128 340
128 970
994 128
330 128
140 130
507 129
129 876
130 876
1117 172
618 519
864 1117
519 1117
1342 131
1225 990
193 502
990 193
131 193
1215 584
1003 132
132 1215
1361 221
731 133
689 993
221 689
133 689
1280 384
179 134
384 134
466 604
135 466
445 922
865 136
454 1333
922 454
136 454
744 271
808 137
137 138
271 138
1269 496
1103 1260
140 530
1302 139
1018 141
141 140
139 140
496 140
1260 140
956 144
729 149
729 948
1175 142
542 143
410 145
145 729
144 729
142 729
143 729
714 378
767 1193
378 1102
1193 1102
147 371
269 146
687 1336
146 147
1336 147
890 1345
369 740
867 148
740 890
148 890
1069 150
152 1337
152 1005
1085 151
151 152
149 152
150 152
605 153
154 954
1184 1053
820 509
153 154
509 154
1053 154
486 258
157 963
728 155
882 156
258 157
155 157
156 157
183 1141
744 160
158 183
160 183
358 1287
269 1012
1312 162
1012 358
162 358
1048 250
184 613
590 163
163 184
250 184
348 275
166 758
166 345
166 1080
166 1070
166 559
1159 167
603 708
167 166
275 166
708 166
164 166
805 169
610 168
170 870
168 170
169 170
1094 1024
583 829
1024 583
362 547
574 171
172 362
171 362
373 362
806 173
494 292
324 1288
324 355
173 324
292 324
176 554
812 175
175 176
185 181
180 199
180 415
180 727
180 824
180 633
180 521
1130 1239
942 1208
181 180
1239 180
178 180
1208 180
1056 182
674 264
182 185
264 185
444 186
189 1155
189 850
523 302
1136 1310
302 189
186 189
1310 189
214 1354
234 933
862 750
933 214
750 214
1069 1171
499 588
962 1131
1085 190
190 962
588 962
1171 962
1104 191
974 957
191 974
192 974
773 194
855 1244
276 855
194 855
1342 467
1225 195
1210 911
195 1210
467 1210
448 336
675 1047
1231 1328
336 1231
1047 1231
445 1359
764 706
1359 958
706 958
815 198
446 300
728 196
882 197
198 446
196 446
197 446
1169 664
1100 201
201 1169
199 1169
200 1169
699 203
878 433
1166 202
202 878
203 878
682 1245
354 647
605 205
746 204
647 682
204 682
205 682
1232 951
1088 206
206 1232
982 352
711 514
352 1175
514 1175
1092 915
710 892
892 1092
764 207
1285 1108
439 1285
207 1285
212 208
209 1350
208 209
1288 209
1069 407
212 548
1085 524
524 212
211 212
407 212
1085 770
217 1217
731 216
779 215
770 217
215 217
216 217
219 1253
219 1170
218 219
909 219
1069 821
1069 1110
424 222
930 220
223 1069
220 1069
222 1069
965 224
1298 225
1172 751
224 1172
225 1172
228 485
763 227
227 228
696 230
1218 512
675 229
229 1218
230 1218
882 231
234 386
234 1274
234 1163
234 491
231 234
232 234
237 541
793 235
235 237
672 238
243 1276
728 240
816 239
240 243
238 243
239 243
354 272
1283 245
535 1194
272 246
1194 246
245 246
1121 563
626 568
568 1121
1178 249
248 902
247 248
249 248
369 1158
611 251
359 798
1158 359
251 359
318 693
523 254
863 253
254 318
252 318
253 318
982 255
544 257
924 1023
255 924
257 924
366 261
262 1060
289 636
1233 260
636 262
261 262
259 262
260 262
857 265
742 266
266 390
758 390
265 390
728 700
882 268
269 321
269 849
269 975
269 1230
269 814
269 896
700 269
268 269
273 421
1265 270
479 274
270 273
274 273
1056 1090
1118 277
277 1056
1041 1204
376 278
278 1041
345 1041
893 1360
605 279
1126 280
280 281
1360 281
279 281
526 493
294 1277
779 282
493 294
282 294
764 284
285 447
865 286
696 283
675 1135
286 285
284 285
1135 285
283 285
1306 425
425 289
287 289
1084 289
875 290
1311 781
894 953
953 1311
290 1311
716 291
293 1011
293 737
291 293
296 450
1025 295
295 296
1251 413
517 724
692 436
1049 1270
995 476
476 692
1270 692
413 692
724 692
1002 298
1118 297
325 1264
1220 622
1220 1219
1220 985
1264 1220
300 1220
297 1220
298 1220
606 303
304 533
327 301
943 395
303 304
395 304
301 304
811 825
939 861
861 811
306 811
307 811
513 966
1040 308
309 1148
309 877
309 597
308 309
1354 309
966 309
893 311
605 312
569 314
314 1049
311 1049
312 1049
840 839
317 546
662 316
365 315
839 317
316 317
1328 317
315 317
1094 319
715 320
760 1216
760 1321
319 760
320 760
831 323
321 325
323 325
1052 326
326 327
1253 327
779 328
329 777
697 525
525 329
328 329
627 333
1065 331
331 332
333 332
472 337
710 335
598 550
335 598
337 598
991 341
342 769
396 339
341 342
339 342
340 342
605 347
628 952
972 346
1021 344
347 628
344 628
346 628
369 1286
629 976
1286 348
976 348
719 349
728 350
349 351
350 351
380 501
984 576
697 353
501 984
353 984
354 1303
354 408
354 986
354 488
893 935
935 354
356 642
548 356
355 356
1325 946
357 1325
934 1001
762 1187
523 360
360 361
1001 361
1187 361
558 1042
728 363
369 817
363 369
1042 369
1361 977
731 1081
977 365
1081 365
366 455
592 366
1216 366
868 404
841 367
742 368
368 868
622 868
367 868
696 370
1339 510
1155 1339
370 1339
968 374
376 381
376 508
376 456
376 1223
608 372
377 376
374 376
371 376
372 376
856 449
742 379
379 380
960 380
449 380
382 591
381 382
627 385
404 383
385 383
388 997
663 387
386 388
387 388
391 931
620 389
1037 391
389 391
1222 392
394 490
392 394
649 394
1035 538
627 431
396 1237
538 396
431 396
621 399
967 400
399 400
398 400
1321 400
1363 1188
481 1082
481 1008
471 401
401 481
1188 481
605 795
906 402
1303 517
402 517
795 517
1123 1050
710 403
403 1123
405 813
1013 612
1082 405
612 405
1283 406
723 659
408 410
659 410
406 410
685 580
432 858
432 759
502 432
580 432
911 432
764 412
414 1183
411 414
412 414
416 462
1355 416
415 416
879 418
1283 417
893 1033
418 1352
1033 1352
417 1352
1104 1364
1364 1363
1204 1363
796 1176
1362 995
1176 995
684 1019
859 539
1274 684
539 684
688 852
651 453
849 688
453 688
499 938
523 655
921 477
655 1361
938 1361
477 1361
507 1301
828 1319
474 1087
1301 474
1319 474
1349 1075
1358 1349
1350 1349
1085 1347
1346 1066
696 961
808 1348
1347 1346
1348 1346
961 1346
1289 1307
1131 1289
1077 1289
777 1342
1308 1342
1181 1072
1142 1340
1079 1181
1340 1181
1337 1181
574 1335
618 891
891 765
1335 765
745 1334
731 451
451 1048
1334 1048
531 615
1085 873
744 999
873 531
999 531
945 1313
975 603
1313 603
715 1330
1333 752
1330 752
615 752
1202 1331
887 437
809 1250
1250 887
1331 887
1113 1329
468 738
822 969
1329 822
738 822
827 1138
1327 717
941 1327
1138 1327
703 543
670 1282
817 670
543 670
465 1320
1324 1314
607 1324
1320 1324
1241 645
1182 600
600 1241
1006 1317
573 498
498 1298
1317 1298
1314 1298
1309 1306
893 1154
605 1305
866 1097
1097 1302
1154 1302
1305 1302
1140 1300
1300 991
1297 991
443 1296
661 644
1296 840
510 840
644 840
448 1179
846 522
523 1295
1295 448
530 448
522 448
1091 1293
1294 716
1293 716
1290 681
1083 1234
1100 1291
1234 1290
1291 1290
1280 1357
1280 631
1280 532
1280 690
1019 1280
1282 1280
1287 1280
1284 1280
916 492
792 782
882 1278
1278 719
492 719
782 719
904 1332
1275 1322
1141 1322
1332 1322
1277 1322
1013 1145
1013 884
537 847
1273 1013
847 1013
714 919
843 1271
919 1269
1271 1269
1140 596
587 1267
596 1263
1267 1263
764 791
865 1261
1261 590
791 590
652 564
665 1257
1259 652
1257 652
1323 553
630 1235
1235 1323
1255 1062
1255 1133
858 1255
1105 1255
641 1255
982 914
733 1026
914 1251
1026 1251
657 1246
1248 904
1246 904
934 423
1228 934
1244 934
1023 934
1245 934
1242 869
932 1242
1186 1242
965 794
1304 1240
1238 949
1240 1238
751 1238
794 1238
1233 1201
1237 1233
970 1233
920 1229
1230 578
1229 578
610 1227
851 1132
1326 1191
898 1055
1055 1326
1227 1326
1132 1326
527 673
781 1225
673 1225
1113 1224
468 987
1224 1222
987 1222
901 1031
1219 901
696 1164
774 992
850 774
1164 774
905 734
727 905
1217 905
1214 654
704 926
926 1214
605 1211
1207 646
860 1209
487 1212
1211 1207
1212 1207
1209 1207
950 900
714 1020
440 1205
1020 950
1205 950
957 1151
1145 1151
1034 1203
1203 965
1072 965
676 965
1307 965
882 1039
686 1200
713 1002
1200 1002
1039 1002
434 1199
893 1196
1196 1192
1199 1192
646 1192
989 1189
1185 1195
1183 1185
1206 1185
1189 1185
473 1185
1127 1180
830 1177
1180 1178
1177 1178
1052 1174
1174 606
1170 606
1357 471
824 471
1168 756
913 1122
814 1168
1122 1168
499 570
1167 720
948 1167
570 1167
1061 1160
1163 1159
1160 1159
624 845
1036 1156
845 1156
1283 593
893 1152
1152 714
593 714
1094 1032
1094 671
495 1147
1147 1094
1149 1094
1057 1094
963 1094
806 639
730 1144
1142 1356
639 1142
1144 1142
1035 577
577 1140
450 1140
1006 826
465 749
573 666
666 1034
489 1034
826 1034
749 1034
567 1134
728 1137
882 1093
1134 1130
1137 1130
1093 1130
730 1125
494 1128
1128 1127
1125 1127
558 1120
728 1119
1120 1118
1119 1118
1025 1116
683 1115
742 1114
1114 1113
1116 1113
1115 1113
730 1109
464 996
1111 464
1109 464
1106 707
576 1106
693 1106
1108 1106
1085 802
802 806
821 806
479 459
459 1104
668 1104
882 1101
1101 558
505 1143
630 1015
1015 505
980 1098
1098 807
734 807
482 807
1099 807
620 1095
1096 1091
1095 1091
786 910
899 529
1090 899
910 899
930 1089
1085 1198
1085 640
1085 463
424 1086
1086 1085
1089 1085
1087 1085
871 1083
1073 586
1080 1073
940 458
621 1071
1064 940
1066 940
1071 940
1070 940
771 581
1062 771
438 702
747 1304
769 1304
1060 1304
702 1304
1054 1052
720 1052
1272 555
1043 818
943 599
813 1272
599 1272
818 1272
1281 761
896 1040
761 1040
923 1007
742 1051
1051 1046
1148 1046
1007 1046
810 1038
1258 475
728 1045
882 1044
1038 1258
1045 1258
1044 1258
715 1341
1198 1035
1341 1035
1032 537
1031 537
631 980
1030 980
912 1022
1027 1018
1022 1018
667 1014
461 579
610 1243
1011 461
1243 461
1016 461
1014 461
1008 1043
884 1043
1356 1006
1005 1006
589 1000
1283 1004
893 1279
1000 1103
1279 1103
1004 1103
1088 575
993 1088
996 1088
1195 1088
546 1088
853 989
992 989
707 989
605 988
988 982
986 982
882 978
1173 981
973 968
981 968
978 968
944 959
1318 956
959 956
444 874
893 560
560 444
954 444
952 444
479 419
1124 1078
1100 469
469 1124
419 1124
421 1124
803 587
609 755
710 422
422 609
424 614
423 424
680 722
709 426
633 680
426 680
437 527
433 527
605 660
1221 549
833 551
660 434
551 434
549 434
507 556
874 507
442 562
436 442
675 428
1179 443
428 443
679 804
468 1254
1254 830
804 830
640 445
561 619
494 484
1153 561
484 561
722 1265
462 1265
1201 621
429 741
768 726
741 768
613 776
512 776
882 623
500 1162
637 942
1162 942
623 942
458 438
452 438
455 438
882 897
1276 513
897 513
1025 478
997 1025
1345 1025
756 1025
460 1025
463 465
877 465
1110 465
1075 573
642 573
852 479
798 479
529 479
475 479
605 1197
799 1268
488 542
1268 542
1197 542
490 725
969 725
619 725
594 725
1059 886
491 495
886 495
834 499
717 499
900 499
1266 499
715 503
508 701
503 701
605 515
783 511
789 837
515 518
837 518
511 518
730 582
520 662
582 662
888 925
742 790
790 526
521 526
925 526
964 534
728 787
882 528
534 608
787 608
528 608
605 848
848 1283
429 566
939 705
705 429
456 429
532 429
