1365 1665
0 4 8
1 256 1024
2 32 4
3 32 8
4 512 1024
5 2048 256
6 256 256
7 16 64
8 2048 1024
9 512 1024
10 128 8
11 64 64
12 16 4
13 16 128
14 1024 256
15 16 64
16 4 16
17 512 2048
18 128 128
19 16 4
20 16 128
21 32 16
22 4 64
23 128 16
24 8 4
25 128 16
26 32 16
27 4 4
28 64 8
29 512 256
30 32 32
31 16 64
32 8 64
33 4 128
34 128 8
35 64 128
36 32 64
37 128 4
38 8 4
39 4 128
40 32 4
41 8 8
42 128 64
43 16 16
44 64 64
45 32 8
46 32 32
47 2048 512
48 8 128
49 32 64
50 1024 256
51 128 64
52 128 8
53 32 32
54 4 16
55 32 64
56 1024 512
57 4 128
58 4 16
59 4 4
60 128 128
61 256 2048
62 128 4
63 4 8
64 8 128
65 16 64
66 512 256
67 128 128
68 16 4
69 512 2048
70 32 8
71 128 32
72 8 4
73 8 8
74 64 4
75 8 4
76 8 4
77 128 32
78 64 16
79 512 512
80 512 1024
81 8 16
82 16 128
83 1024 1024
84 256 1024
85 128 32
86 16 64
87 64 32
88 1024 256
89 512 256
90 128 16
91 4 32
92 4 16
93 8 128
94 16 16
95 4 64
96 256 2048
97 128 4
98 4 64
99 256 256
100 8 8
101 16 128
102 64 4
103 128 8
104 2048 512
105 256 2048
106 256 2048
107 4 8
108 64 32
109 4 8
110 8 64
111 256 256
112 1024 1024
113 1024 256
114 16 16
115 128 128
116 128 128
117 32 4
118 16 4
119 32 8
120 512 256
121 1024 1024
122 1024 2048
123 512 1024
124 4 8
125 32 4
126 2048 1024
127 32 128
128 32 64
129 64 64
130 2048 2048
131 8 4
132 4 16
133 64 32
134 32 64
135 256 256
136 2048 2048
137 128 4
138 128 16
139 128 32
140 128 16
141 16 64
142 2048 1024
143 1024 256
144 16 32
145 4 4
146 128 32
147 4 4
148 16 32
149 256 512
150 2048 256
151 1024 2048
152 2048 1024
153 512 512
154 1024 2048
155 8 4
156 64 32
157 2048 512
158 8 4
159 32 16
160 256 256
161 4 8
162 64 4
163 128 64
164 32 32
165 128 8
166 4 128
167 64 32
168 8 4
169 8 64
170 16 16
171 512 2048
172 256 2048
173 8 128
174 8 64
175 32 8
176 16 16
177 256 1024
178 4 16
179 128 64
180 8 32
181 8 128
182 8 32
183 512 2048
184 32 128
185 4 4
186 1024 2048
187 1024 2048
188 16 8
189 4 32
190 4 8
191 8 128
192 32 32
193 1024 256
194 512 2048
195 32 64
196 1024 512
197 1024 256
198 256 2048
199 512 512
200 1024 256
201 512 1024
202 2048 2048
203 32 64
204 32 64
205 16 16
206 2048 1024
207 128 64
208 1024 256
209 32 32
210 128 64
211 8 16
212 128 4
213 16 8
214 256 512
215 512 1024
216 4 16
217 1024 256
218 2048 512
219 512 2048
220 8 32
221 64 64
222 8 8
223 256 2048
224 256 512
225 256 256
226 8 64
227 8 16
228 512 2048
229 32 32
230 16 64
231 256 2048
232 64 4
233 16 16
234 512 1024
235 16 64
236 128 64
237 16 8
238 512 256
239 32 64
240 128 64
241 256 512
242 8 4
243 1024 512
244 16 8
245 8 16
246 128 8
247 64 8
248 64 8
249 16 8
250 128 4
251 4 4
252 4 8
253 2048 1024
254 16 16
255 256 2048
256 16 32
257 32 32
258 2048 2048
259 8 16
260 128 16
261 16 32
262 64 8
263 4 128
264 512 256
265 256 2048
266 1024 256
267 4 8
268 2048 1024
269 512 1024
270 8 64
271 64 8
272 16 64
273 128 4
274 4 4
275 2048 256
276 512 2048
277 512 2048
278 128 16
279 1024 512
280 16 8
281 16 128
282 8 16
283 16 8
284 1024 512
285 8 128
286 4 32
287 8 4
288 16 4
289 16 16
290 512 1024
291 16 64
292 8 8
293 4 128
294 64 4
295 4 4
296 16 64
297 4 32
298 512 2048
299 1024 2048
300 16 4
301 512 256
302 1024 256
303 1024 1024
304 8 64
305 2048 2048
306 2048 512
307 16 8
308 128 16
309 32 32
310 128 128
311 64 8
312 64 32
313 512 1024
314 32 128
315 16 32
316 8 4
317 64 32
318 16 8
319 4 4
320 256 2048
321 16 8
322 16 8
323 4 64
324 128 32
325 256 256
326 64 8
327 4 128
328 64 32
329 128 8
330 16 128
331 32 4
332 512 1024
333 2048 256
334 512 512
335 2048 256
336 128 128
337 2048 512
338 128 64
339 16 64
340 256 2048
341 4 64
342 16 16
343 32 64
344 512 512
345 16 4
346 2048 1024
347 8 16
348 16 16
349 8 16
350 1024 2048
351 2048 1024
352 4 8
353 1024 1024
354 256 2048
355 16 8
356 256 512
357 8 128
358 16 16
359 2048 1024
360 64 64
361 2048 2048
362 32 4
363 32 8
364 8 8
365 256 256
366 32 32
367 64 8
368 1024 1024
369 4 64
370 256 512
371 4 64
372 32 4
373 8 32
374 128 8
375 2048 256
376 64 8
377 32 16
378 2048 1024
379 8 8
380 32 4
381 4 16
382 16 4
383 128 128
384 512 1024
385 4 8
386 8 4
387 32 128
388 64 64
389 1024 256
390 2048 2048
391 2048 256
392 2048 512
393 32 128
394 16 16
395 16 16
396 1024 1024
397 128 4
398 512 1024
399 1024 512
400 256 512
401 512 512
402 256 512
403 128 128
404 256 2048
405 256 2048
406 64 128
407 512 1024
408 8 16
409 8 4
410 256 1024
411 2048 256
412 1024 1024
413 4 4
414 64 16
415 512 256
416 64 8
417 4 16
418 128 32
419 1024 1024
420 4 64
421 64 32
422 128 32
423 64 32
424 64 4
425 8 128
426 64 4
427 8 128
428 128 128
429 16 32
430 8 8
431 8 64
432 32 4
433 8 8
434 64 16
435 256 512
436 32 16
437 16 4
438 64 8
439 512 1024
440 8 8
441 64 16
442 8 32
443 32 4
444 64 64
445 64 4
446 128 16
447 256 512
448 8 8
449 16 8
450 256 2048
451 32 8
452 256 1024
453 64 32
454 128 128
455 32 64
456 256 1024
457 512 512
458 1024 1024
459 32 8
460 16 32
461 512 512
462 4 16
463 512 256
464 4 128
465 2048 2048
466 256 2048
467 8 32
468 512 1024
469 32 8
470 8 128
471 1024 2048
472 2048 1024
473 1024 256
474 256 256
475 4 128
476 32 4
477 1024 1024
478 512 2048
479 128 8
480 32 4
481 4 32
482 256 256
483 4 16
484 32 128
485 128 8
486 32 8
487 128 32
488 4 64
489 2048 256
490 16 64
491 16 4
492 32 128
493 2048 2048
494 128 16
495 128 128
496 32 64
497 8 16
498 1024 512
499 4 16
500 2048 512
501 64 64
502 16 32
503 1024 1024
504 128 8
505 1024 512
506 1024 2048
507 64 128
508 64 64
509 256 256
510 4 64
511 512 2048
512 64 128
513 8 8
514 32 16
515 128 16
516 16 8
517 16 8
518 128 16
519 1024 1024
520 1024 2048
521 8 32
522 512 1024
523 64 4
524 64 16
525 2048 512
526 128 8
527 4 16
528 2048 2048
529 1024 1024
530 32 16
531 8 64
532 64 16
533 32 64
534 2048 256
535 128 4
536 2048 512
537 8 8
538 4 64
539 32 64
540 4 64
541 128 64
542 16 32
543 128 128
544 4 8
545 512 512
546 128 16
547 256 1024
548 8 4
549 1024 512
550 512 2048
551 1024 512
552 256 256
553 8 64
554 16 4
555 4 8
556 16 128
557 32 8
558 4 4
559 16 128
560 64 32
561 256 1024
562 64 64
563 2048 1024
564 16 128
565 16 128
566 1024 2048
567 8 16
568 8 32
569 8 64
570 128 32
571 1024 1024
572 16 8
573 16 128
574 8 128
575 1024 256
576 16 64
577 64 64
578 256 2048
579 2048 512
580 256 256
581 32 4
582 32 8
583 2048 2048
584 1024 512
585 64 8
586 16 64
587 2048 256
588 1024 256
589 64 64
590 512 256
591 16 8
592 8 32
593 128 64
594 1024 512
595 8 4
596 8 8
597 8 64
598 1024 2048
599 512 512
600 256 1024
601 1024 1024
602 2048 512
603 4 32
604 256 512
605 256 1024
606 8 64
607 64 128
608 2048 512
609 128 32
610 2048 1024
611 4 128
612 4 32
613 8 128
614 256 512
615 16 64
616 16 32
617 256 2048
618 64 128
619 4 4
620 128 16
621 8 8
622 256 1024
623 64 4
624 256 1024
625 2048 512
626 128 4
627 32 8
628 32 4
629 2048 512
630 64 8
631 128 8
632 16 16
633 4 16
634 64 128
635 16 128
636 64 64
637 16 128
638 64 4
639 32 64
640 4 128
641 256 256
642 16 32
643 16 4
644 64 4
645 1024 256
646 4 4
647 16 8
648 1024 512
649 1024 256
650 128 4
651 512 256
652 512 2048
653 64 64
654 4 64
655 8 8
656 128 32
657 256 1024
658 16 128
659 8 8
660 32 16
661 64 128
662 256 1024
663 128 4
664 32 4
665 64 128
666 64 128
667 1024 512
668 8 8
669 64 8
670 16 32
671 16 4
672 64 128
673 16 64
674 4 64
675 128 32
676 128 32
677 4 32
678 32 16
679 64 8
680 4 64
681 8 32
682 1024 2048
683 256 512
684 64 8
685 2048 1024
686 512 2048
687 1024 1024
688 512 1024
689 2048 512
690 16 32
691 32 16
692 64 64
693 1024 2048
694 64 128
695 8 4
696 1024 256
697 512 256
698 8 64
699 8 8
700 16 8
701 1024 2048
702 2048 256
703 512 1024
704 8 64
705 64 16
706 64 32
707 32 64
708 64 128
709 64 8
710 2048 512
711 256 512
712 8 128
713 512 1024
714 1024 512
715 128 64
716 4 128
717 1024 2048
718 64 128
719 32 32
720 8 16
721 32 128
722 16 128
723 64 16
724 1024 256
725 32 128
726 128 8
727 16 8
728 512 512
729 128 32
730 16 64
731 256 512
732 4 32
733 8 32
734 4 64
735 4 32
736 8 16
737 1024 2048
738 4 32
739 1024 1024
740 64 16
741 64 16
742 8 64
743 2048 2048
744 512 256
745 16 16
746 64 8
747 512 1024
748 128 4
749 16 64
750 8 64
751 16 64
752 512 256
753 1024 512
754 64 8
755 128 8
756 64 128
757 2048 1024
758 2048 1024
759 64 64
760 2048 512
761 64 64
762 2048 2048
763 64 16
764 2048 512
765 16 16
766 512 1024
767 16 32
768 64 16
769 16 128
770 2048 2048
771 1024 1024
772 1024 2048
773 256 256
774 128 64
775 8 16
776 4 128
777 8 128
778 16 8
779 2048 256
780 1024 256
781 128 16
782 128 8
783 128 4
784 16 128
785 1024 256
786 2048 1024
787 128 128
788 4 32
789 128 64
790 1024 512
791 2048 1024
792 1024 512
793 32 8
794 2048 2048
795 4 32
796 1024 1024
797 64 128
798 64 16
799 512 2048
800 512 1024
801 64 16
802 1024 512
803 16 16
804 1024 1024
805 128 4
806 64 32
807 128 16
808 64 128
809 512 2048
810 128 32
811 128 128
812 4 64
813 256 512
814 2048 1024
815 4 16
816 128 64
817 32 4
818 4 32
819 128 32
820 512 512
821 8 128
822 128 128
823 16 16
824 256 2048
825 4 64
826 128 32
827 128 64
828 64 8
829 32 32
830 256 1024
831 16 16
832 32 64
833 8 128
834 2048 256
835 16 32
836 32 32
837 64 16
838 8 128
839 4 32
840 16 32
841 1024 256
842 1024 256
843 1024 2048
844 32 128
845 256 2048
846 32 4
847 8 16
848 512 256
849 32 16
850 512 512
851 128 64
852 64 8
853 64 128
854 32 32
855 16 32
856 16 32
857 16 4
858 256 1024
859 4 8
860 256 2048
861 256 1024
862 1024 1024
863 8 4
864 1024 1024
865 32 128
866 128 16
867 32 32
868 512 1024
869 16 128
870 1024 512
871 64 8
872 512 1024
873 32 64
874 32 64
875 16 64
876 2048 256
877 512 2048
878 16 64
879 1024 512
880 128 8
881 8 64
882 128 8
883 2048 512
884 32 4
885 64 4
886 16 4
887 256 256
888 256 2048
889 512 1024
890 4 4
891 4 4
892 32 64
893 8 64
894 4 64
895 32 32
896 64 16
897 4 32
898 8 64
899 32 128
900 64 64
901 512 1024
902 16 4
903 4 16
904 512 256
905 2048 1024
906 64 8
907 256 1024
908 1024 2048
909 32 64
910 4 8
911 32 16
912 4 8
913 256 2048
914 128 8
915 4 8
916 32 8
917 2048 512
918 16 4
919 32 64
920 16 64
921 128 8
922 32 128
923 16 64
924 64 128
925 64 32
926 512 256
927 8 8
928 32 8
929 16 64
930 8 16
931 512 1024
932 32 128
933 16 4
934 1024 2048
935 512 2048
936 32 8
937 256 256
938 16 64
939 1024 256
940 256 256
941 4 16
942 16 4
943 8 8
944 128 4
945 128 16
946 64 16
947 128 64
948 8 16
949 128 16
950 8 16
951 64 128
952 64 16
953 64 128
954 2048 256
955 128 4
956 64 32
957 4 8
958 512 512
959 64 128
960 4 8
961 512 1024
962 8 16
963 32 16
964 512 2048
965 64 4
966 2048 256
967 32 64
968 8 32
969 128 8
970 4 4
971 32 128
972 8 64
973 256 1024
974 32 4
975 8 128
976 2048 1024
977 64 64
978 2048 256
979 16 16
980 32 4
981 64 16
982 32 128
983 4 16
984 4 64
985 16 64
986 8 8
987 32 64
988 128 4
989 128 16
990 4 128
991 8 32
992 16 32
993 256 1024
994 512 256
995 64 64
996 128 16
997 128 8
998 8 128
999 32 128
1000 2048 256
1001 32 64
1002 16 128
1003 256 512
1004 512 1024
1005 64 128
1006 2048 1024
1007 64 32
1008 1024 2048
1009 1024 2048
1010 8 16
1011 64 128
1012 128 4
1013 512 1024
1014 64 64
1015 512 512
1016 1024 2048
1017 4 32
1018 4 32
1019 512 256
1020 2048 2048
1021 64 32
1022 1024 256
1023 64 32
1024 32 32
1025 128 16
1026 4 64
1027 4 128
1028 128 128
1029 4 128
1030 32 64
1031 256 2048
1032 32 8
1033 1024 2048
1034 4 8
1035 256 512
1036 1024 2048
1037 4 4
1038 128 128
1039 1024 1024
1040 64 16
1041 4 4
1042 1024 2048
1043 2048 2048
1044 1024 512
1045 8 16
1046 64 8
1047 64 4
1048 8 4
1049 128 128
1050 64 16
1051 32 64
1052 16 128
1053 8 32
1054 4 64
1055 64 128
1056 8 16
1057 8 16
1058 256 1024
1059 32 4
1060 512 256
1061 128 32
1062 32 64
1063 128 128
1064 128 8
1065 16 4
1066 4 8
1067 16 4
1068 32 64
1069 16 32
1070 1024 512
1071 8 8
1072 64 128
1073 64 64
1074 512 256
1075 128 64
1076 128 4
1077 32 64
1078 512 2048
1079 128 32
1080 8 32
1081 128 16
1082 8 128
1083 2048 256
1084 128 32
1085 2048 512
1086 4 64
1087 64 16
1088 256 256
1089 512 512
1090 64 128
1091 8 4
1092 8 16
1093 64 8
1094 4 4
1095 32 16
1096 2048 2048
1097 128 128
1098 256 512
1099 64 8
1100 16 128
1101 32 4
1102 256 2048
1103 16 64
1104 512 256
1105 8 128
1106 512 2048
1107 8 16
1108 1024 512
1109 32 8
1110 1024 256
1111 64 32
1112 128 16
1113 256 512
1114 1024 256
1115 256 512
1116 16 32
1117 4 32
1118 16 64
1119 4 32
1120 128 128
1121 32 64
1122 128 16
1123 128 16
1124 4 32
1125 16 64
1126 2048 1024
1127 4 8
1128 32 32
1129 2048 2048
1130 1024 2048
1131 128 32
1132 4 128
1133 8 32
1134 32 32
1135 64 64
1136 4 16
1137 64 32
1138 1024 2048
1139 128 16
1140 256 512
1141 4 8
1142 256 1024
1143 4 4
1144 32 4
1145 4 128
1146 8 64
1147 64 16
1148 64 128
1149 32 8
1150 8 32
1151 4 64
1152 8 128
1153 128 128
1154 32 128
1155 512 256
1156 32 32
1157 1024 1024
1158 512 1024
1159 4 64
1160 4 64
1161 1024 1024
1162 4 4
1163 8 128
1164 8 8
1165 1024 1024
1166 256 512
1167 128 8
1168 512 1024
1169 128 128
1170 256 256
1171 16 8
1172 64 32
1173 16 64
1174 8 128
1175 512 512
1176 8 4
1177 128 32
1178 256 2048
1179 1024 2048
1180 8 8
1181 4 64
1182 2048 512
1183 4 4
1184 128 128
1185 512 2048
1186 2048 2048
1187 256 512
1188 64 8
1189 16 4
1190 32 16
1191 128 4
1192 2048 2048
1193 128 16
1194 2048 256
1195 32 32
1196 64 16
1197 8 4
1198 256 256
1199 512 256
1200 256 256
1201 512 256
1202 256 1024
1203 256 1024
1204 512 2048
1205 16 16
1206 4 4
1207 32 32
1208 512 1024
1209 8 128
1210 32 4
1211 8 32
1212 8 16
1213 64 4
1214 8 4
1215 16 16
1216 8 64
1217 64 4
1218 64 16
1219 64 64
1220 4 32
1221 32 8
1222 8 128
1223 1024 256
1224 256 256
1225 128 16
1226 64 32
1227 4 16
1228 8 64
1229 8 32
1230 512 2048
1231 128 32
1232 8 4
1233 4 16
1234 64 8
1235 128 8
1236 64 8
1237 1024 256
1238 64 128
1239 4 4
1240 32 4
1241 32 128
1242 64 16
1243 16 64
1244 16 32
1245 16 8
1246 64 64
1247 128 32
1248 16 32
1249 128 64
1250 1024 1024
1251 16 16
1252 128 4
1253 32 64
1254 4 128
1255 32 32
1256 32 16
1257 256 2048
1258 4 8
1259 128 8
1260 32 16
1261 128 64
1262 2048 2048
1263 64 32
1264 4 8
1265 16 16
1266 256 512
1267 8 16
1268 16 16
1269 4 32
1270 32 32
1271 8 4
1272 1024 2048
1273 16 64
1274 512 2048
1275 2048 256
1276 32 8
1277 8 128
1278 4 32
1279 4 16
1280 32 8
1281 8 8
1282 32 16
1283 16 128
1284 8 8
1285 4 8
1286 8 32
1287 1024 2048
1288 1024 512
1289 4 4
1290 8 64
1291 64 4
1292 2048 512
1293 128 64
1294 512 2048
1295 2048 256
1296 4 32
1297 32 64
1298 16 32
1299 16 4
1300 256 2048
1301 256 2048
1302 4 128
1303 256 2048
1304 1024 512
1305 16 16
1306 4 8
1307 8 8
1308 128 16
1309 32 16
1310 2048 256
1311 16 64
1312 4 64
1313 256 256
1314 1024 1024
1315 1024 512
1316 128 32
1317 1024 256
1318 128 32
1319 256 1024
1320 256 512
1321 8 16
1322 128 64
1323 8 8
1324 256 2048
1325 256 512
1326 256 2048
1327 1024 2048
1328 1024 2048
1329 1024 2048
1330 128 4
1331 128 32
1332 512 2048
1333 512 2048
1334 8 128
1335 64 32
1336 128 32
1337 32 128
1338 64 128
1339 2048 2048
1340 32 4
1341 8 16
1342 512 2048
1343 16 64
1344 2048 1024
1345 1024 1024
1346 8 16
1347 16 8
1348 4 4
1349 16 64
1350 8 32
1351 16 64
1352 128 128
1353 4 16
1354 16 4
1355 64 4
1356 128 64
1357 8 32
1358 1024 2048
1359 8 32
1360 1024 1024
1361 4 8
1362 256 2048
1363 64 16
1364 32 64
22 0
3 504
1 1249
1 864
1 909
1 252
246 1074
1074 1
0 1
504 1
725 595
187 473
1322 677
51 634
383 2
677 187
595 187
634 187
2 187
518 159
893 441
159 3
441 3
361 4
865 5
1063 1206
4 1063
5 1063
765 397
776 18
6 1105
6 835
18 6
397 6
7 695
710 1058
1058 7
457 178
269 8
691 480
8 457
480 457
917 928
9 164
728 927
882 430
928 9
927 9
430 9
1094 10
12 52
881 552
742 11
11 12
10 12
552 12
14 571
1076 13
13 14
126 241
134 244
1236 1084
807 15
15 1236
244 1236
241 1236
1151 16
479 955
735 357
735 545
939 1129
1129 735
16 735
955 735
19 1057
269 775
854 17
775 19
17 19
811 1252
20 565
1252 20
714 21
483 470
21 22
470 22
1256 81
1256 108
1256 232
1256 713
1256 973
1256 637
728 23
23 1256
812 24
823 698
739 83
739 1186
1182 267
1003 25
25 739
267 739
24 739
698 739
1213 1037
1213 1259
170 26
26 1213
1076 77
763 27
536 932
536 1096
793 42
704 28
28 536
42 536
27 536
77 536
1085 313
30 179
30 1030
675 29
657 44
313 30
44 30
29 30
907 242
819 31
778 1016
242 778
31 778
716 435
248 236
32 641
304 33
1272 506
506 32
33 32
236 32
435 32
650 310
34 118
657 721
721 34
310 34
376 35
643 158
648 36
742 37
37 643
35 643
36 643
39 676
1006 1028
356 38
1226 338
1028 39
338 39
38 39
806 1338
731 40
918 1150
918 1077
1338 918
40 918
120 625
766 747
400 41
1263 601
625 766
41 766
601 766
958 46
929 592
929 398
1262 45
715 43
46 929
43 929
45 929
692 165
971 439
971 411
638 47
523 188
188 971
165 971
47 971
1085 1299
1065 1067
1299 1262
1067 1262
1280 48
656 1248
1161 49
742 712
712 656
48 656
49 656
50 842
630 322
322 50
1046 732
679 883
1139 649
732 1139
883 1139
1065 694
694 51
52 51
1283 53
354 54
55 276
55 941
55 1318
53 55
54 55
210 56
62 1153
523 1157
889 57
1157 62
56 62
57 62
757 256
753 1284
728 364
882 58
256 753
364 753
58 753
934 632
616 218
692 947
947 616
632 616
60 1292
366 772
752 59
772 60
59 60
937 226
61 460
728 1146
882 748
226 61
1146 61
748 61
1102 63
1352 1190
210 908
210 211
281 838
1156 64
64 210
838 210
63 210
1190 210
893 678
605 65
66 1362
66 1036
66 1027
65 66
678 66
1242 1315
161 585
1315 161
602 377
234 617
669 67
617 602
67 602
296 68
375 1273
309 653
68 375
653 375
729 903
1316 1111
1316 520
780 1017
523 880
880 1316
903 1316
1017 1316
351 70
82 69
1351 307
1351 960
1351 1355
1351 668
1351 1099
1351 871
578 71
71 1351
69 1351
70 1351
754 1266
797 73
1283 1343
893 72
73 754
72 754
1343 754
784 75
76 1308
497 74
74 76
75 76
97 373
618 658
1249 97
658 97
1009 836
626 299
299 1009
213 482
1085 79
730 78
697 832
79 213
832 213
78 213
390 80
1112 1275
808 233
80 1112
233 1112
882 872
718 393
81 82
393 82
872 82
788 223
474 1247
1247 788
665 84
85 1294
83 85
84 85
1283 635
1010 800
177 834
354 1068
1068 177
800 177
635 177
1283 87
998 86
1353 1228
354 88
88 1353
86 1353
87 1353
1226 1358
1226 1079
962 516
516 1226
1150 1226
361 89
865 90
91 853
89 91
90 91
680 983
92 200
92 306
983 92
1346 844
94 259
1073 93
93 94
844 94
806 95
679 263
174 607
174 489
95 174
263 174
98 1344
1192 96
908 98
96 98
117 99
100 247
138 121
99 100
121 100
102 287
102 967
102 1064
991 101
101 102
752 103
104 1309
104 452
701 305
305 104
103 104
409 895
823 1029
1029 409
743 135
743 936
180 1165
166 105
939 334
334 743
105 743
1165 743
109 1149
882 107
785 106
108 109
106 109
107 109
1046 110
679 343
111 594
110 111
343 111
1035 112
468 113
1107 1297
1107 803
112 1107
113 1107
115 420
427 114
293 116
610 885
667 540
116 115
114 115
540 115
885 115
332 736
736 117
118 117
1233 122
701 979
991 119
122 120
979 120
119 120
1292 120
124 1054
876 123
123 124
1344 124
980 572
217 125
180 557
572 126
125 126
557 126
471 801
288 192
680 127
127 288
801 288
1035 994
901 330
128 340
128 970
994 128
330 128
140 130
507 129
129 876
130 876
1117 172
618 519
864 1117
519 1117
1342 131
1225 990
193 502
990 193
131 193
1215 584
1003 132
132 1215
1361 221
731 133
689 993
221 689
133 689
1280 384
179 134
384 134
466 604
135 466
445 922
865 136
454 1333
922 454
136 454
744 271
808 137
137 138
271 138
1269 496
1103 1260
140 530
1302 139
1018 141
141 140
139 140
496 140
1260 140
956 144
729 149
729 948
1175 142
542 143
410 145
145 729
144 729
142 729
143 729
714 378
767 1193
378 1102
1193 1102
147 371
269 146
687 1336
146 147
1336 147
890 1345
369 740
867 148
740 890
148 890
1069 150
152 1337
152 1005
1085 151
151 152
149 152
150 152
605 153
154 954
1184 1053
820 509
153 154
509 154
1053 154
486 258
157 963
728 155
882 156
258 157
155 157
156 157
183 1141
744 160
158 183
160 183
358 1287
269 1012
1312 162
1012 358
162 358
1048 250
184 613
590 163
163 184
250 184
348 275
166 758
166 345
166 1080
166 1070
166 559
1159 167
603 708
167 166
275 166
708 166
164 166
805 169
610 168
170 870
168 170
169 170
1094 1024
583 829
1024 583
362 547
574 171
172 362
171 362
373 362
806 173
494 292
324 1288
324 355
173 324
292 324
176 554
812 175
175 176
185 181
180 199
180 415
180 727
180 824
180 633
180 521
1130 1239
942 1208
181 180
1239 180
178 180
1208 180
1056 182
674 264
182 185
264 185
444 186
189 1155
189 850
523 302
1136 1310
302 189
186 189
1310 189
214 1354
234 933
862 750
933 214
750 214
1069 1171
499 588
962 1131
1085 190
190 962
588 962
1171 962
1104 191
974 957
191 974
192 974
773 194
855 1244
276 855
194 855
1342 467
1225 195
1210 911
195 1210
467 1210
448 336
675 1047
1231 1328
336 1231
1047 1231
445 1359
764 706
1359 958
706 958
815 198
446 300
728 196
882 197
198 446
196 446
197 446
1169 664
1100 201
201 1169
199 1169
200 1169
699 203
878 433
1166 202
202 878
203 878
682 1245
354 647
605 205
746 204
647 682
204 682
205 682
1232 951
1088 206
206 1232
982 352
711 514
352 1175
514 1175
1092 915
710 892
892 1092
764 207
1285 1108
439 1285
207 1285
212 208
209 1350
208 209
1288 209
1069 407
212 548
1085 524
524 212
211 212
407 212
1085 770
217 1217
731 216
779 215
770 217
215 217
216 217
219 1253
219 1170
218 219
909 219
1069 821
1069 1110
424 222
930 220
223 1069
220 1069
222 1069
965 224
1298 225
1172 751
224 1172
225 1172
228 485
763 227
227 228
696 230
1218 512
675 229
229 1218
230 1218
882 231
234 386
234 1274
234 1163
234 491
231 234
232 234
237 541
793 235
235 237
672 238
243 1276
728 240
816 239
240 243
238 243
239 243
354 272
1283 245
535 1194
272 246
1194 246
245 246
1121 563
626 568
568 1121
1178 249
248 902
247 248
249 248
369 1158
611 251
359 798
1158 359
251 359
318 693
523 254
863 253
254 318
252 318
253 318
982 255
544 257
924 1023
255 924
257 924
366 261
262 1060
289 636
1233 260
636 262
261 262
259 262
260 262
857 265
742 266
266 390
758 390
265 390
728 700
882 268
269 321
269 849
269 975
269 1230
269 814
269 896
700 269
268 269
273 421
1265 270
479 274
270 273
274 273
1056 1090
1118 277
277 1056
1041 1204
376 278
278 1041
345 1041
893 1360
605 279
1126 280
280 281
1360 281
279 281
526 493
294 1277
779 282
493 294
282 294
764 284
285 447
865 286
696 283
675 1135
286 285
284 285
1135 285
283 285
1306 425
425 289
287 289
1084 289
875 290
1311 781
894 953
953 1311
290 1311
716 291
293 1011
293 737
291 293
296 450
1025 295
295 296
1251 413
517 724
692 436
1049 1270
995 476
476 692
1270 692
413 692
724 692
1002 298
1118 297
325 1264
1220 622
1220 1219
1220 985
1264 1220
300 1220
297 1220
298 1220
606 303
304 533
327 301
943 395
303 304
395 304
301 304
811 825
939 861
861 811
306 811
307 811
513 966
1040 308
309 1148
309 877
309 597
308 309
1354 309
966 309
893 311
605 312
569 314
314 1049
311 1049
312 1049
840 839
317 546
662 316
365 315
839 317
316 317
1328 317
315 317
1094 319
715 320
760 1216
760 1321
319 760
320 760
831 323
321 325
323 325
1052 326
326 327
1253 327
779 328
329 777
697 525
525 329
328 329
627 333
1065 331
331 332
333 332
472 337
710 335
598 550
335 598
337 598
991 341
342 769
396 339
341 342
339 342
340 342
605 347
628 952
972 346
1021 344
347 628
344 628
346 628
369 1286
629 976
1286 348
976 348
719 349
728 350
349 351
350 351
380 501
984 576
697 353
501 984
353 984
354 1303
354 408
354 986
354 488
893 935
935 354
356 642
548 356
355 356
1325 946
357 1325
934 1001
762 1187
523 360
360 361
1001 361
1187 361
558 1042
728 363
369 817
363 369
1042 369
1361 977
731 1081
977 365
1081 365
366 455
592 366
1216 366
868 404
841 367
742 368
368 868
622 868
367 868
696 370
1339 510
1155 1339
370 1339
968 374
376 381
376 508
376 456
376 1223
608 372
377 376
374 376
371 376
372 376
856 449
742 379
379 380
960 380
449 380
382 591
381 382
627 385
404 383
385 383
388 997
663 387
386 388
387 388
391 931
620 389
1037 391
389 391
1222 392
394 490
392 394
649 394
1035 538
627 431
396 1237
538 396
431 396
621 399
967 400
399 400
398 400
1321 400
1363 1188
481 1082
481 1008
471 401
401 481
1188 481
605 795
906 402
1303 517
402 517
795 517
1123 1050
710 403
403 1123
405 813
1013 612
1082 405
612 405
1283 406
723 659
408 410
659 410
406 410
685 580
432 858
432 759
502 432
580 432
911 432
764 412
414 1183
411 414
412 414
416 462
1355 416
415 416
879 418
1283 417
893 1033
418 1352
1033 1352
417 1352
1104 1364
1364 1363
1204 1363
796 1176
1362 995
1176 995
684 1019
859 539
1274 684
539 684
688 852
651 453
849 688
453 688
499 938
523 655
921 477
655 1361
938 1361
477 1361
507 1301
828 1319
474 1087
1301 474
1319 474
1349 1075
1358 1349
1350 1349
1085 1347
1346 1066
696 961
808 1348
1347 1346
1348 1346
961 1346
1289 1307
1131 1289
1077 1289
777 1342
1308 1342
1181 1072
1142 1340
1079 1181
1340 1181
1337 1181
574 1335
618 891
891 765
1335 765
745 1334
731 451
451 1048
1334 1048
531 615
1085 873
744 999
873 531
999 531
945 1313
975 603
1313 603
715 1330
1333 752
1330 752
615 752
1202 1331
887 437
809 1250
1250 887
1331 887
1113 1329
468 738
822 969
1329 822
738 822
827 1138
1327 717
941 1327
1138 1327
703 543
670 1282
817 670
543 670
465 1320
1324 1314
607 1324
1320 1324
1241 645
1182 600
600 1241
1006 1317
573 498
498 1298
1317 1298
1314 1298
1309 1306
893 1154
605 1305
866 1097
1097 1302
1154 1302
1305 1302
1140 1300
1300 991
1297 991
443 1296
661 644
1296 840
510 840
644 840
448 1179
846 522
523 1295
1295 448
530 448
522 448
1091 1293
1294 716
1293 716
1290 681
1083 1234
1100 1291
1234 1290
1291 1290
1280 1357
1280 631
1280 532
1280 690
1019 1280
1282 1280
1287 1280
1284 1280
916 492
792 782
882 1278
1278 719
492 719
782 719
904 1332
1275 1322
1141 1322
1332 1322
1277 1322
1013 1145
1013 884
537 847
1273 1013
847 1013
714 919
843 1271
919 1269
1271 1269
1140 596
587 1267
596 1263
1267 1263
764 791
865 1261
1261 590
791 590
652 564
665 1257
1259 652
1257 652
1323 553
630 1235
1235 1323
1255 1062
1255 1133
858 1255
1105 1255
641 1255
982 914
733 1026
914 1251
1026 1251
657 1246
1248 904
1246 904
934 423
1228 934
1244 934
1023 934
1245 934
1242 869
932 1242
1186 1242
965 794
1304 1240
1238 949
1240 1238
751 1238
794 1238
1233 1201
1237 1233
970 1233
920 1229
1230 578
1229 578
610 1227
851 1132
1326 1191
898 1055
1055 1326
1227 1326
1132 1326
527 673
781 1225
673 1225
1113 1224
468 987
1224 1222
987 1222
901 1031
1219 901
696 1164
774 992
850 774
1164 774
905 734
727 905
1217 905
1214 654
704 926
926 1214
605 1211
1207 646
860 1209
487 1212
1211 1207
1212 1207
1209 1207
950 900
714 1020
440 1205
1020 950
1205 950
957 1151
1145 1151
1034 1203
1203 965
1072 965
676 965
1307 965
882 1039
686 1200
713 1002
1200 1002
1039 1002
434 1199
893 1196
1196 1192
1199 1192
646 1192
989 1189
1185 1195
1183 1185
1206 1185
1189 1185
473 1185
1127 1180
830 1177
1180 1178
1177 1178
1052 1174
1174 606
1170 606
1357 471
824 471
1168 756
913 1122
814 1168
1122 1168
499 570
1167 720
948 1167
570 1167
1061 1160
1163 1159
1160 1159
624 845
1036 1156
845 1156
1283 593
893 1152
1152 714
593 714
1094 1032
1094 671
495 1147
1147 1094
1149 1094
1057 1094
963 1094
806 639
730 1144
1142 1356
639 1142
1144 1142
1035 577
577 1140
450 1140
1006 826
465 749
573 666
666 1034
489 1034
826 1034
749 1034
567 1134
728 1137
882 1093
1134 1130
1137 1130
1093 1130
730 1125
494 1128
1128 1127
1125 1127
558 1120
728 1119
1120 1118
1119 1118
1025 1116
683 1115
742 1114
1114 1113
1116 1113
1115 1113
730 1109
464 996
1111 464
1109 464
1106 707
576 1106
693 1106
1108 1106
1085 802
802 806
821 806
479 459
459 1104
668 1104
882 1101
1101 558
505 1143
630 1015
1015 505
980 1098
1098 807
734 807
482 807
1099 807
620 1095
1096 1091
1095 1091
786 910
899 529
1090 899
910 899
930 1089
1085 1198
1085 640
1085 463
424 1086
1086 1085
1089 1085
1087 1085
871 1083
1073 586
1080 1073
940 458
621 1071
1064 940
1066 940
1071 940
1070 940
771 581
1062 771
438 702
747 1304
769 1304
1060 1304
702 1304
1054 1052
720 1052
1272 555
1043 818
943 599
813 1272
599 1272
818 1272
1281 761
896 1040
761 1040
923 1007
742 1051
1051 1046
1148 1046
1007 1046
810 1038
1258 475
728 1045
882 1044
1038 1258
1045 1258
1044 1258
715 1341
1198 1035
1341 1035
1032 537
1031 537
631 980
1030 980
912 1022
1027 1018
1022 1018
667 1014
461 579
610 1243
1011 461
1243 461
1016 461
1014 461
1008 1043
884 1043
1356 1006
1005 1006
589 1000
1283 1004
893 1279
1000 1103
1279 1103
1004 1103
1088 575
993 1088
996 1088
1195 1088
546 1088
853 989
992 989
707 989
605 988
988 982
986 982
882 978
1173 981
973 968
981 968
978 968
944 959
1318 956
959 956
444 874
893 560
560 444
954 444
952 444
479 419
1124 1078
1100 469
469 1124
419 1124
421 1124
803 587
609 755
710 422
422 609
424 614
423 424
680 722
709 426
633 680
426 680
437 527
433 527
605 660
1221 549
833 551
660 434
551 434
549 434
507 556
874 507
442 562
436 442
675 428
1179 443
428 443
679 804
468 1254
1254 830
804 830
640 445
561 619
494 484
1153 561
484 561
722 1265
462 1265
1201 621
429 741
768 726
741 768
613 776
512 776
882 623
500 1162
637 942
1162 942
623 942
458 438
452 438
455 438
882 897
1276 513
897 513
1025 478
997 1025
1345 1025
756 1025
460 1025
463 465
877 465
1110 465
1075 573
642 573
852 479
798 479
529 479
475 479
605 1197
799 1268
488 542
1268 542
1197 542
490 725
969 725
619 725
594 725
1059 886
491 495
886 495
834 499
717 499
900 499
1266 499
715 503
508 701
503 701
605 515
783 511
789 837
515 518
837 518
511 518
730 582
520 662
582 662
888 925
742 790
790 526
521 526
925 526
964 534
728 787
882 528
534 608
787 608
528 608
605 848
848 1283
429 566
939 705
705 429
456 429
532 429
