2314 3124
0 50 20
1 30 20
2 7 8
3 6 6
4 6 10
5 40 50
6 9 9
7 7 6
8 8 6
9 5 7
10 9 8
11 5 5
12 40 40
13 30 50
14 20 30
15 30 40
16 6 7
17 8 10
18 7 6
19 7 10
20 8 6
21 8 8
22 50 20
23 10 7
24 40 30
25 10 10
26 7 6
27 40 50
28 40 50
29 5 7
30 9 6
31 5 5
32 20 50
33 5 5
34 50 30
35 50 50
36 10 5
37 10 10
38 10 7
39 9 7
40 9 7
41 20 40
42 8 8
43 7 5
44 30 20
45 5 10
46 50 30
47 6 5
48 10 6
49 9 7
50 5 10
51 8 7
52 5 5
53 7 5
54 6 7
55 10 5
56 5 7
57 20 30
58 8 9
59 10 5
60 8 6
61 40 30
62 7 6
63 5 9
64 10 7
65 50 30
66 6 6
67 50 50
68 10 7
69 8 10
70 9 8
71 50 20
72 30 20
73 20 20
74 9 6
75 9 10
76 10 6
77 9 9
78 9 10
79 7 9
80 5 10
81 10 5
82 5 5
83 10 7
84 9 7
85 10 8
86 5 9
87 9 8
88 10 5
89 8 9
90 10 9
91 20 20
92 8 6
93 50 30
94 50 40
95 8 8
96 20 20
97 10 6
98 30 20
99 6 10
100 6 9
101 6 9
102 20 30
103 9 7
104 5 6
105 6 7
106 9 9
107 8 9
108 20 20
109 20 30
110 7 5
111 6 10
112 50 20
113 40 50
114 30 20
115 6 8
116 6 5
117 30 30
118 50 20
119 7 10
120 20 40
121 9 9
122 9 5
123 9 6
124 5 10
125 8 8
126 30 50
127 6 7
128 10 10
129 7 5
130 20 50
131 10 6
132 7 9
133 40 50
134 6 8
135 30 50
136 9 6
137 8 7
138 20 30
139 9 9
140 50 40
141 40 30
142 8 5
143 50 40
144 6 5
145 10 6
146 6 9
147 8 5
148 9 5
149 5 7
150 10 10
151 40 50
152 9 9
153 5 6
154 20 40
155 30 20
156 40 20
157 7 5
158 7 9
159 9 7
160 8 5
161 9 9
162 6 10
163 7 5
164 20 20
165 40 40
166 8 5
167 30 30
168 50 40
169 30 20
170 8 7
171 9 6
172 30 20
173 10 5
174 5 6
175 5 7
176 7 7
177 8 9
178 50 50
179 8 5
180 30 20
181 9 5
182 5 7
183 8 5
184 8 7
185 30 20
186 7 9
187 7 9
188 7 6
189 40 30
190 50 20
191 10 9
192 40 50
193 7 5
194 5 8
195 20 40
196 30 40
197 50 30
198 6 7
199 8 6
200 6 6
201 5 7
202 50 50
203 9 10
204 50 20
205 5 9
206 40 50
207 40 20
208 30 20
209 8 7
210 5 5
211 8 5
212 7 10
213 10 7
214 8 7
215 5 7
216 6 8
217 10 9
218 7 7
219 7 9
220 9 9
221 30 50
222 7 6
223 8 7
224 40 30
225 10 10
226 7 7
227 8 9
228 20 30
229 8 10
230 7 6
231 7 8
232 10 8
233 8 9
234 7 6
235 9 5
236 50 40
237 30 20
238 9 6
239 10 6
240 6 5
241 8 10
242 9 10
243 10 10
244 10 8
245 6 8
246 6 8
247 6 9
248 20 40
249 40 40
250 6 9
251 10 10
252 9 7
253 9 5
254 5 9
255 30 30
256 10 7
257 6 9
258 40 30
259 40 20
260 20 30
261 20 20
262 20 20
263 10 9
264 30 30
265 40 40
266 7 6
267 9 5
268 7 5
269 10 10
270 50 50
271 50 20
272 7 7
273 8 5
274 5 10
275 50 20
276 7 8
277 5 5
278 8 10
279 7 6
280 40 20
281 10 6
282 5 9
283 50 30
284 10 10
285 9 9
286 9 9
287 9 6
288 5 10
289 5 8
290 5 9
291 10 8
292 40 30
293 5 8
294 9 7
295 6 6
296 8 5
297 30 30
298 8 9
299 5 5
300 7 8
301 20 50
302 8 5
303 10 9
304 50 40
305 30 50
306 8 8
307 50 50
308 9 8
309 5 8
310 5 5
311 40 50
312 50 50
313 10 8
314 10 9
315 8 5
316 9 5
317 5 6
318 5 6
319 20 50
320 6 7
321 7 7
322 10 8
323 5 6
324 50 20
325 40 30
326 5 6
327 9 5
328 30 20
329 9 7
330 10 10
331 5 5
332 6 6
333 7 7
334 9 8
335 5 8
336 40 30
337 50 30
338 50 50
339 10 8
340 50 50
341 20 20
342 6 6
343 5 5
344 6 7
345 9 5
346 8 7
347 5 7
348 7 7
349 7 10
350 5 9
351 40 30
352 20 20
353 6 7
354 6 9
355 20 20
356 6 6
357 7 5
358 9 5
359 5 7
360 40 30
361 30 30
362 8 9
363 30 40
364 6 9
365 7 10
366 7 8
367 8 10
368 8 10
369 10 5
370 10 9
371 8 5
372 6 7
373 30 50
374 5 7
375 8 6
376 6 10
377 8 9
378 5 8
379 9 9
380 7 5
381 5 10
382 9 7
383 9 9
384 20 20
385 30 40
386 40 20
387 9 7
388 5 7
389 6 6
390 6 6
391 8 8
392 7 7
393 5 9
394 9 6
395 8 10
396 10 9
397 6 9
398 5 8
399 30 20
400 50 50
401 6 9
402 7 5
403 40 40
404 8 5
405 9 9
406 10 5
407 5 6
408 5 6
409 5 5
410 9 9
411 6 8
412 9 9
413 5 5
414 30 40
415 5 6
416 9 5
417 6 8
418 6 8
419 6 9
420 9 5
421 5 8
422 5 5
423 10 5
424 30 40
425 40 40
426 5 7
427 7 6
428 9 7
429 40 20
430 9 8
431 20 40
432 50 50
433 6 8
434 20 40
435 8 9
436 9 7
437 10 7
438 8 6
439 5 7
440 40 50
441 40 20
442 9 7
443 20 30
444 5 5
445 10 10
446 5 5
447 6 10
448 10 8
449 10 7
450 10 10
451 30 40
452 8 7
453 5 9
454 10 5
455 6 5
456 10 8
457 5 5
458 10 6
459 5 7
460 9 9
461 6 5
462 7 9
463 40 20
464 40 30
465 8 5
466 8 9
467 5 9
468 6 5
469 50 50
470 10 7
471 7 5
472 5 5
473 9 7
474 8 9
475 8 7
476 6 5
477 30 50
478 20 20
479 7 7
480 5 10
481 6 9
482 7 9
483 5 6
484 5 5
485 9 9
486 10 10
487 7 10
488 20 50
489 6 7
490 6 8
491 6 10
492 5 5
493 6 5
494 8 5
495 5 7
496 30 30
497 6 9
498 7 7
499 40 20
500 50 30
501 9 9
502 7 7
503 8 10
504 7 10
505 9 10
506 6 9
507 8 5
508 5 8
509 40 20
510 9 10
511 6 5
512 50 40
513 7 8
514 8 9
515 30 50
516 9 9
517 8 8
518 7 9
519 8 6
520 9 7
521 9 7
522 6 7
523 8 9
524 8 7
525 10 9
526 10 9
527 8 8
528 30 50
529 8 10
530 9 9
531 8 9
532 30 50
533 50 40
534 30 30
535 9 8
536 40 20
537 50 40
538 9 6
539 9 10
540 6 10
541 6 8
542 9 9
543 9 8
544 6 8
545 6 9
546 30 20
547 8 10
548 10 5
549 10 8
550 8 5
551 8 8
552 40 40
553 50 50
554 20 20
555 50 40
556 8 7
557 8 5
558 8 10
559 7 5
560 5 8
561 7 8
562 8 10
563 20 40
564 8 6
565 5 10
566 50 30
567 9 8
568 8 9
569 6 10
570 6 6
571 8 10
572 8 10
573 5 6
574 20 50
575 9 6
576 40 20
577 6 10
578 8 9
579 40 30
580 6 8
581 7 5
582 6 6
583 8 10
584 10 6
585 50 40
586 20 40
587 5 6
588 9 10
589 20 40
590 7 8
591 7 7
592 20 40
593 9 9
594 6 8
595 50 50
596 5 6
597 9 8
598 6 7
599 30 50
600 10 9
601 5 7
602 40 30
603 30 40
604 30 30
605 9 8
606 7 10
607 6 9
608 30 50
609 8 5
610 50 30
611 20 50
612 9 5
613 8 7
614 5 7
615 7 7
616 50 50
617 8 9
618 9 5
619 9 5
620 40 40
621 10 5
622 5 6
623 9 6
624 10 9
625 7 5
626 50 40
627 20 50
628 5 5
629 40 50
630 50 20
631 7 9
632 8 8
633 8 6
634 6 7
635 8 10
636 20 40
637 6 9
638 6 10
639 5 9
640 5 10
641 50 30
642 7 9
643 50 20
644 20 50
645 9 10
646 7 6
647 50 50
648 40 40
649 10 6
650 8 6
651 10 7
652 30 30
653 7 10
654 50 30
655 7 6
656 50 50
657 10 10
658 30 50
659 10 7
660 20 20
661 30 50
662 9 10
663 9 8
664 7 9
665 8 10
666 8 5
667 20 20
668 10 7
669 10 6
670 8 6
671 6 7
672 6 6
673 7 8
674 6 10
675 8 10
676 30 40
677 9 10
678 8 5
679 6 7
680 10 5
681 20 40
682 5 8
683 8 9
684 7 9
685 6 10
686 10 5
687 40 20
688 50 50
689 6 8
690 7 7
691 10 5
692 10 9
693 5 6
694 40 20
695 5 7
696 9 6
697 7 10
698 5 9
699 6 8
700 50 40
701 6 9
702 7 7
703 9 6
704 9 10
705 40 30
706 40 20
707 10 7
708 5 7
709 8 5
710 40 30
711 7 5
712 9 9
713 8 9
714 6 7
715 30 40
716 5 8
717 9 9
718 8 9
719 6 10
720 20 50
721 5 7
722 50 40
723 7 7
724 10 5
725 40 30
726 40 30
727 30 30
728 30 40
729 10 9
730 50 40
731 9 7
732 50 20
733 9 9
734 9 6
735 5 10
736 6 6
737 8 8
738 10 10
739 6 8
740 20 40
741 7 10
742 8 10
743 9 10
744 40 30
745 6 7
746 10 9
747 6 9
748 5 7
749 30 40
750 8 10
751 20 40
752 6 7
753 6 7
754 10 5
755 7 7
756 20 40
757 10 8
758 10 7
759 30 50
760 10 5
761 5 5
762 5 8
763 6 6
764 7 9
765 5 7
766 50 30
767 10 9
768 6 8
769 5 10
770 9 7
771 6 5
772 8 7
773 40 20
774 5 9
775 6 10
776 9 10
777 7 8
778 50 40
779 10 8
780 30 50
781 40 20
782 40 20
783 30 20
784 5 8
785 6 9
786 8 7
787 50 30
788 6 10
789 9 10
790 10 8
791 10 5
792 6 8
793 50 20
794 5 6
795 9 7
796 40 50
797 6 6
798 10 5
799 8 6
800 6 6
801 10 7
802 7 5
803 7 10
804 50 30
805 20 40
806 8 7
807 10 10
808 8 5
809 9 10
810 20 20
811 7 5
812 6 6
813 9 8
814 5 8
815 7 7
816 30 40
817 8 6
818 8 7
819 9 7
820 5 5
821 10 10
822 30 20
823 10 8
824 6 10
825 5 5
826 10 8
827 6 6
828 6 10
829 5 5
830 30 20
831 5 9
832 6 6
833 6 8
834 7 9
835 6 8
836 50 40
837 40 40
838 10 9
839 30 20
840 10 6
841 40 30
842 7 10
843 8 9
844 8 10
845 50 40
846 9 7
847 9 6
848 10 8
849 30 40
850 10 6
851 6 7
852 10 8
853 10 9
854 7 7
855 20 40
856 8 8
857 9 9
858 9 10
859 50 40
860 50 20
861 5 7
862 5 10
863 9 8
864 9 9
865 7 8
866 20 20
867 40 20
868 7 9
869 9 5
870 10 10
871 5 5
872 8 8
873 40 40
874 40 50
875 20 20
876 9 7
877 8 10
878 30 40
879 9 6
880 6 7
881 5 7
882 6 5
883 30 40
884 40 20
885 8 5
886 10 10
887 5 10
888 8 7
889 10 10
890 5 7
891 10 10
892 40 50
893 10 8
894 20 30
895 7 6
896 10 7
897 5 10
898 30 20
899 30 30
900 5 10
901 8 9
902 6 5
903 8 7
904 40 40
905 30 30
906 6 6
907 5 10
908 7 5
909 9 6
910 9 5
911 10 6
912 8 7
913 5 6
914 10 5
915 30 40
916 7 8
917 9 5
918 40 50
919 10 10
920 6 10
921 20 20
922 20 50
923 5 9
924 8 7
925 10 7
926 30 20
927 7 5
928 10 5
929 7 10
930 20 50
931 30 40
932 8 9
933 10 5
934 9 8
935 7 6
936 30 20
937 7 7
938 10 9
939 5 5
940 30 30
941 10 5
942 7 5
943 40 30
944 40 20
945 9 6
946 20 50
947 7 7
948 10 6
949 9 8
950 6 6
951 30 40
952 8 6
953 40 20
954 50 40
955 30 30
956 9 10
957 10 8
958 7 9
959 10 10
960 9 10
961 8 7
962 5 7
963 40 20
964 10 10
965 5 8
966 7 10
967 10 7
968 6 8
969 20 50
970 20 50
971 9 7
972 6 7
973 6 5
974 8 6
975 40 40
976 40 30
977 8 7
978 40 30
979 5 10
980 7 5
981 9 7
982 8 10
983 10 6
984 7 8
985 5 9
986 6 7
987 8 7
988 40 50
989 8 5
990 10 8
991 20 30
992 10 8
993 10 7
994 40 20
995 5 9
996 10 5
997 8 9
998 8 7
999 50 50
1000 8 10
1001 8 9
1002 50 50
1003 8 6
1004 20 50
1005 6 10
1006 8 6
1007 20 20
1008 40 40
1009 40 50
1010 30 30
1011 20 50
1012 20 20
1013 10 5
1014 5 6
1015 20 30
1016 50 40
1017 50 20
1018 7 10
1019 40 50
1020 8 9
1021 7 9
1022 5 7
1023 5 7
1024 5 5
1025 5 10
1026 7 6
1027 5 7
1028 8 7
1029 9 9
1030 10 10
1031 6 7
1032 7 5
1033 5 10
1034 8 7
1035 7 9
1036 10 5
1037 50 50
1038 10 6
1039 6 6
1040 8 10
1041 20 30
1042 8 5
1043 7 7
1044 7 7
1045 10 6
1046 6 5
1047 6 6
1048 10 6
1049 30 50
1050 30 40
1051 8 7
1052 40 50
1053 8 9
1054 20 50
1055 8 7
1056 6 7
1057 20 30
1058 6 7
1059 8 8
1060 9 8
1061 5 6
1062 8 8
1063 8 8
1064 7 8
1065 40 30
1066 20 30
1067 6 7
1068 50 50
1069 7 8
1070 10 5
1071 9 5
1072 8 9
1073 20 30
1074 10 10
1075 50 40
1076 30 40
1077 9 6
1078 6 8
1079 7 6
1080 50 40
1081 10 9
1082 5 7
1083 5 9
1084 5 6
1085 50 50
1086 8 8
1087 40 40
1088 7 10
1089 9 9
1090 9 8
1091 9 5
1092 7 6
1093 6 7
1094 30 40
1095 8 7
1096 6 10
1097 7 5
1098 50 30
1099 30 30
1100 5 8
1101 10 9
1102 50 50
1103 30 40
1104 6 9
1105 40 30
1106 40 30
1107 5 8
1108 20 40
1109 8 8
1110 9 8
1111 50 40
1112 5 7
1113 9 5
1114 20 50
1115 8 6
1116 8 6
1117 8 10
1118 50 30
1119 10 9
1120 7 6
1121 6 8
1122 10 5
1123 5 6
1124 30 30
1125 8 7
1126 40 50
1127 20 30
1128 7 8
1129 10 7
1130 5 7
1131 8 7
1132 50 20
1133 7 6
1134 20 30
1135 10 7
1136 20 20
1137 6 7
1138 7 8
1139 30 20
1140 10 10
1141 7 7
1142 20 40
1143 9 9
1144 5 8
1145 7 7
1146 9 9
1147 6 5
1148 50 40
1149 30 30
1150 7 7
1151 40 30
1152 5 8
1153 5 9
1154 10 10
1155 5 8
1156 5 8
1157 6 5
1158 10 10
1159 8 8
1160 6 5
1161 6 8
1162 8 6
1163 5 8
1164 6 5
1165 8 7
1166 30 40
1167 8 9
1168 10 9
1169 9 5
1170 6 7
1171 30 20
1172 5 10
1173 9 7
1174 5 7
1175 7 9
1176 6 10
1177 9 6
1178 8 10
1179 5 9
1180 7 8
1181 10 5
1182 6 5
1183 9 9
1184 8 5
1185 50 40
1186 5 9
1187 10 6
1188 8 9
1189 7 8
1190 40 40
1191 10 6
1192 50 20
1193 9 8
1194 7 6
1195 30 40
1196 10 5
1197 5 9
1198 40 20
1199 40 40
1200 9 5
1201 10 6
1202 20 20
1203 5 9
1204 30 20
1205 6 7
1206 8 6
1207 7 8
1208 8 10
1209 8 9
1210 30 30
1211 7 9
1212 30 50
1213 50 40
1214 7 10
1215 10 9
1216 5 5
1217 6 8
1218 7 9
1219 5 5
1220 6 7
1221 6 9
1222 50 50
1223 10 5
1224 6 5
1225 50 50
1226 20 30
1227 7 6
1228 5 9
1229 40 30
1230 6 7
1231 20 40
1232 8 5
1233 50 50
1234 50 20
1235 9 6
1236 8 10
1237 7 5
1238 8 6
1239 7 6
1240 9 8
1241 6 9
1242 9 6
1243 9 7
1244 50 20
1245 40 40
1246 40 20
1247 6 8
1248 40 20
1249 6 9
1250 7 6
1251 5 6
1252 8 6
1253 8 8
1254 9 8
1255 50 20
1256 5 8
1257 10 7
1258 9 5
1259 40 30
1260 30 30
1261 8 5
1262 9 7
1263 20 30
1264 50 20
1265 10 10
1266 30 50
1267 5 7
1268 7 7
1269 8 9
1270 50 30
1271 8 8
1272 6 8
1273 6 6
1274 5 6
1275 50 20
1276 5 10
1277 50 50
1278 8 9
1279 8 9
1280 6 6
1281 50 20
1282 9 9
1283 40 50
1284 9 6
1285 30 30
1286 5 5
1287 7 6
1288 9 6
1289 5 7
1290 10 5
1291 7 5
1292 5 7
1293 50 20
1294 50 30
1295 10 5
1296 6 8
1297 10 9
1298 6 8
1299 5 10
1300 6 7
1301 6 6
1302 8 7
1303 40 40
1304 9 6
1305 10 9
1306 5 5
1307 50 40
1308 10 5
1309 6 8
1310 8 6
1311 40 50
1312 6 8
1313 5 10
1314 10 5
1315 30 20
1316 20 20
1317 8 7
1318 9 7
1319 7 7
1320 9 6
1321 7 5
1322 9 6
1323 7 7
1324 50 30
1325 40 50
1326 5 6
1327 40 50
1328 9 10
1329 7 10
1330 40 20
1331 30 50
1332 5 5
1333 10 5
1334 9 8
1335 7 5
1336 30 30
1337 8 10
1338 20 20
1339 20 30
1340 5 7
1341 6 9
1342 5 7
1343 9 7
1344 8 7
1345 20 50
1346 10 7
1347 30 20
1348 6 10
1349 10 10
1350 5 8
1351 5 5
1352 5 8
1353 30 40
1354 50 30
1355 9 5
1356 5 7
1357 6 7
1358 20 40
1359 8 8
1360 6 5
1361 7 9
1362 8 7
1363 6 5
1364 40 50
1365 8 6
1366 9 6
1367 40 20
1368 6 7
1369 7 7
1370 9 5
1371 30 20
1372 30 30
1373 5 8
1374 9 6
1375 8 7
1376 10 7
1377 50 30
1378 9 10
1379 8 9
1380 20 50
1381 8 5
1382 8 10
1383 5 6
1384 6 10
1385 40 30
1386 7 6
1387 40 40
1388 40 40
1389 30 30
1390 8 9
1391 30 50
1392 6 8
1393 5 5
1394 20 40
1395 50 30
1396 7 7
1397 5 8
1398 6 10
1399 30 20
1400 5 7
1401 7 7
1402 5 8
1403 10 9
1404 50 50
1405 9 10
1406 20 20
1407 7 9
1408 9 5
1409 50 20
1410 50 40
1411 6 7
1412 8 5
1413 5 8
1414 10 9
1415 9 8
1416 40 50
1417 6 8
1418 5 7
1419 8 9
1420 9 8
1421 9 8
1422 9 8
1423 10 9
1424 6 5
1425 8 9
1426 20 50
1427 8 7
1428 30 30
1429 7 6
1430 30 30
1431 40 50
1432 6 5
1433 20 40
1434 5 5
1435 30 20
1436 10 6
1437 9 9
1438 40 50
1439 6 6
1440 9 6
1441 50 20
1442 5 7
1443 9 5
1444 20 20
1445 5 8
1446 10 6
1447 10 8
1448 8 8
1449 7 10
1450 5 7
1451 30 50
1452 8 8
1453 20 30
1454 50 50
1455 40 50
1456 5 5
1457 7 5
1458 5 6
1459 7 8
1460 20 20
1461 7 8
1462 50 40
1463 5 10
1464 5 10
1465 10 8
1466 50 30
1467 50 20
1468 20 50
1469 30 50
1470 40 50
1471 7 6
1472 10 8
1473 40 50
1474 9 5
1475 7 6
1476 5 9
1477 10 10
1478 6 8
1479 40 30
1480 30 40
1481 40 40
1482 50 30
1483 5 6
1484 40 50
1485 40 20
1486 30 50
1487 40 40
1488 7 10
1489 7 6
1490 5 7
1491 9 6
1492 20 40
1493 7 8
1494 7 8
1495 9 8
1496 5 7
1497 5 9
1498 10 9
1499 5 5
1500 40 20
1501 8 7
1502 7 9
1503 9 6
1504 6 9
1505 7 8
1506 7 5
1507 8 7
1508 10 6
1509 40 20
1510 40 40
1511 10 6
1512 50 50
1513 6 6
1514 20 50
1515 9 9
1516 20 30
1517 8 10
1518 6 5
1519 7 5
1520 5 7
1521 7 10
1522 20 30
1523 5 8
1524 5 8
1525 50 20
1526 5 6
1527 6 5
1528 7 9
1529 7 8
1530 8 10
1531 7 9
1532 7 10
1533 40 20
1534 20 20
1535 50 50
1536 7 6
1537 8 8
1538 10 8
1539 7 10
1540 9 8
1541 20 20
1542 7 6
1543 9 7
1544 8 7
1545 40 30
1546 40 50
1547 5 6
1548 10 6
1549 9 10
1550 7 8
1551 8 10
1552 8 7
1553 6 10
1554 9 7
1555 9 5
1556 6 7
1557 10 7
1558 50 50
1559 20 20
1560 10 5
1561 6 6
1562 40 20
1563 10 5
1564 10 5
1565 20 50
1566 7 6
1567 7 7
1568 7 10
1569 40 20
1570 9 8
1571 5 8
1572 8 7
1573 8 7
1574 7 7
1575 8 6
1576 9 6
1577 10 8
1578 10 5
1579 30 40
1580 6 7
1581 30 50
1582 6 8
1583 9 9
1584 6 10
1585 50 30
1586 40 20
1587 40 40
1588 8 5
1589 9 9
1590 40 30
1591 20 50
1592 6 6
1593 40 40
1594 40 40
1595 5 9
1596 8 7
1597 20 40
1598 50 40
1599 10 10
1600 7 5
1601 5 5
1602 8 6
1603 7 9
1604 20 20
1605 10 8
1606 50 30
1607 10 10
1608 20 30
1609 8 9
1610 7 6
1611 30 30
1612 40 30
1613 6 9
1614 6 10
1615 8 9
1616 20 50
1617 10 9
1618 40 30
1619 10 9
1620 20 50
1621 8 8
1622 5 6
1623 40 40
1624 6 9
1625 8 7
1626 50 30
1627 40 40
1628 9 7
1629 9 6
1630 20 50
1631 9 8
1632 5 10
1633 5 10
1634 8 5
1635 10 10
1636 9 7
1637 8 6
1638 5 8
1639 9 10
1640 6 8
1641 10 8
1642 10 10
1643 10 5
1644 10 10
1645 7 6
1646 9 6
1647 6 7
1648 30 30
1649 20 50
1650 7 5
1651 8 7
1652 9 5
1653 7 6
1654 9 7
1655 6 10
1656 40 50
1657 5 9
1658 10 5
1659 7 5
1660 50 20
1661 5 6
1662 5 7
1663 8 5
1664 9 10
1665 6 6
1666 7 10
1667 50 20
1668 50 50
1669 40 30
1670 7 7
1671 10 7
1672 40 20
1673 8 7
1674 7 8
1675 7 5
1676 8 9
1677 6 10
1678 5 6
1679 5 7
1680 5 9
1681 6 7
1682 5 5
1683 5 10
1684 6 6
1685 9 7
1686 50 40
1687 6 5
1688 20 40
1689 5 8
1690 30 30
1691 10 6
1692 6 9
1693 7 8
1694 10 8
1695 6 7
1696 20 50
1697 7 9
1698 9 8
1699 8 10
1700 7 5
1701 8 7
1702 30 40
1703 9 10
1704 5 10
1705 7 6
1706 40 20
1707 20 40
1708 5 6
1709 6 5
1710 7 8
1711 50 50
1712 7 6
1713 10 9
1714 50 50
1715 20 20
1716 6 6
1717 6 6
1718 30 50
1719 30 20
1720 5 5
1721 50 50
1722 6 10
1723 5 9
1724 20 50
1725 7 5
1726 50 30
1727 5 8
1728 30 40
1729 7 6
1730 7 10
1731 6 6
1732 40 20
1733 6 7
1734 10 8
1735 8 7
1736 7 6
1737 7 6
1738 10 7
1739 5 6
1740 7 9
1741 7 6
1742 8 10
1743 40 20
1744 5 8
1745 40 50
1746 7 9
1747 40 40
1748 9 7
1749 8 8
1750 7 7
1751 7 7
1752 9 10
1753 9 9
1754 7 6
1755 9 6
1756 50 30
1757 30 30
1758 20 30
1759 10 7
1760 7 8
1761 9 9
1762 8 7
1763 6 5
1764 40 40
1765 8 5
1766 20 20
1767 9 10
1768 8 6
1769 9 9
1770 6 7
1771 10 5
1772 9 9
1773 30 40
1774 9 6
1775 30 50
1776 10 9
1777 30 30
1778 40 30
1779 50 20
1780 7 6
1781 30 20
1782 9 9
1783 9 5
1784 8 10
1785 6 7
1786 50 30
1787 7 5
1788 20 20
1789 8 9
1790 5 6
1791 40 30
1792 9 8
1793 40 50
1794 10 10
1795 5 5
1796 9 5
1797 7 7
1798 5 5
1799 5 5
1800 8 5
1801 5 10
1802 40 50
1803 9 5
1804 6 6
1805 10 6
1806 50 30
1807 10 8
1808 9 8
1809 5 9
1810 10 7
1811 6 8
1812 9 8
1813 40 30
1814 7 8
1815 6 8
1816 5 7
1817 9 5
1818 9 7
1819 5 6
1820 7 5
1821 40 30
1822 30 40
1823 6 8
1824 30 40
1825 5 5
1826 5 7
1827 5 5
1828 5 5
1829 6 7
1830 7 6
1831 5 6
1832 5 8
1833 30 50
1834 30 40
1835 6 10
1836 9 10
1837 30 50
1838 20 40
1839 9 5
1840 9 5
1841 50 40
1842 20 30
1843 50 30
1844 9 10
1845 7 9
1846 8 8
1847 10 8
1848 10 10
1849 30 20
1850 30 40
1851 5 9
1852 40 40
1853 50 40
1854 7 6
1855 20 20
1856 5 6
1857 8 5
1858 7 8
1859 50 40
1860 40 40
1861 9 7
1862 9 5
1863 20 20
1864 20 30
1865 8 6
1866 7 10
1867 40 20
1868 30 20
1869 50 40
1870 10 6
1871 9 5
1872 6 6
1873 7 9
1874 20 20
1875 8 9
1876 9 5
1877 5 10
1878 50 30
1879 5 5
1880 40 20
1881 8 5
1882 9 10
1883 6 10
1884 40 20
1885 50 40
1886 5 6
1887 9 7
1888 10 7
1889 7 7
1890 10 9
1891 50 40
1892 7 10
1893 50 50
1894 6 10
1895 8 6
1896 6 7
1897 8 5
1898 9 7
1899 20 50
1900 8 9
1901 8 8
1902 7 10
1903 5 5
1904 50 20
1905 9 10
1906 10 7
1907 10 8
1908 20 50
1909 40 20
1910 30 50
1911 5 10
1912 50 20
1913 5 6
1914 5 9
1915 40 50
1916 6 5
1917 5 10
1918 8 6
1919 6 9
1920 5 10
1921 9 9
1922 30 40
1923 9 9
1924 20 30
1925 40 20
1926 8 5
1927 8 5
1928 5 8
1929 50 40
1930 5 6
1931 6 10
1932 20 50
1933 9 9
1934 30 40
1935 40 20
1936 5 6
1937 8 5
1938 9 5
1939 6 7
1940 40 30
1941 40 50
1942 9 7
1943 8 6
1944 50 50
1945 20 50
1946 6 7
1947 40 20
1948 50 30
1949 8 10
1950 7 5
1951 6 7
1952 7 5
1953 8 10
1954 6 9
1955 7 6
1956 50 30
1957 5 8
1958 5 9
1959 6 8
1960 5 8
1961 5 6
1962 50 50
1963 8 5
1964 40 50
1965 6 7
1966 30 50
1967 30 40
1968 5 10
1969 6 6
1970 20 50
1971 20 50
1972 40 30
1973 8 7
1974 9 5
1975 10 6
1976 6 7
1977 8 7
1978 20 30
1979 50 20
1980 5 6
1981 9 10
1982 10 7
1983 50 20
1984 8 6
1985 30 20
1986 7 5
1987 9 7
1988 50 50
1989 8 5
1990 8 8
1991 10 5
1992 50 30
1993 50 40
1994 7 6
1995 6 8
1996 10 6
1997 10 9
1998 40 30
1999 20 40
2000 50 50
2001 7 7
2002 5 10
2003 40 50
2004 20 50
2005 30 30
2006 8 8
2007 30 50
2008 10 7
2009 9 5
2010 20 40
2011 5 9
2012 6 5
2013 5 8
2014 7 7
2015 8 8
2016 6 6
2017 6 5
2018 30 40
2019 9 10
2020 6 8
2021 9 9
2022 30 30
2023 5 7
2024 5 6
2025 20 40
2026 9 6
2027 6 6
2028 8 10
2029 20 50
2030 10 10
2031 5 7
2032 8 7
2033 6 9
2034 5 5
2035 9 6
2036 20 40
2037 9 8
2038 20 40
2039 6 7
2040 7 5
2041 8 7
2042 6 6
2043 9 7
2044 9 7
2045 30 50
2046 50 50
2047 7 6
2048 10 9
2049 7 9
2050 50 20
2051 40 50
2052 7 7
2053 40 40
2054 7 9
2055 7 8
2056 40 30
2057 9 10
2058 5 7
2059 5 9
2060 20 40
2061 10 10
2062 50 30
2063 7 8
2064 10 10
2065 7 9
2066 10 9
2067 8 8
2068 8 5
2069 50 50
2070 9 10
2071 9 7
2072 6 9
2073 6 6
2074 20 30
2075 50 50
2076 7 5
2077 8 10
2078 8 10
2079 8 8
2080 8 5
2081 40 30
2082 30 40
2083 20 40
2084 5 9
2085 30 20
2086 50 50
2087 9 7
2088 5 7
2089 8 5
2090 50 30
2091 5 6
2092 40 40
2093 9 7
2094 10 8
2095 9 7
2096 10 5
2097 8 9
2098 9 5
2099 8 9
2100 7 8
2101 9 5
2102 8 10
2103 50 50
2104 6 6
2105 9 5
2106 7 9
2107 8 6
2108 7 10
2109 5 5
2110 8 5
2111 9 7
2112 20 40
2113 30 50
2114 9 10
2115 10 6
2116 6 6
2117 10 8
2118 5 7
2119 10 10
2120 5 9
2121 9 6
2122 8 10
2123 9 10
2124 30 30
2125 9 9
2126 7 7
2127 10 6
2128 7 9
2129 6 10
2130 7 7
2131 6 9
2132 9 5
2133 6 9
2134 5 6
2135 6 5
2136 20 20
2137 30 30
2138 7 7
2139 5 6
2140 6 5
2141 30 50
2142 8 10
2143 50 20
2144 10 10
2145 10 8
2146 9 9
2147 9 6
2148 7 9
2149 5 7
2150 8 7
2151 9 9
2152 9 10
2153 7 5
2154 5 8
2155 10 8
2156 7 5
2157 30 30
2158 5 7
2159 9 8
2160 9 6
2161 10 9
2162 7 5
2163 5 8
2164 10 5
2165 9 5
2166 7 7
2167 40 50
2168 8 6
2169 8 9
2170 40 20
2171 10 7
2172 20 20
2173 10 6
2174 8 10
2175 7 6
2176 8 8
2177 20 50
2178 5 9
2179 50 30
2180 9 9
2181 10 10
2182 6 8
2183 9 7
2184 6 5
2185 20 40
2186 5 9
2187 8 5
2188 6 6
2189 10 8
2190 6 5
2191 20 40
2192 5 6
2193 5 8
2194 5 5
2195 9 5
2196 30 20
2197 50 30
2198 7 8
2199 7 9
2200 9 8
2201 9 7
2202 40 30
2203 20 40
2204 7 6
2205 20 20
2206 40 30
2207 6 10
2208 9 9
2209 20 50
2210 8 7
2211 6 9
2212 30 40
2213 5 7
2214 10 9
2215 20 30
2216 8 9
2217 30 30
2218 10 9
2219 40 40
2220 6 8
2221 5 10
2222 5 8
2223 40 30
2224 7 6
2225 9 5
2226 6 10
2227 10 8
2228 8 8
2229 6 8
2230 50 30
2231 5 5
2232 9 10
2233 5 6
2234 5 8
2235 20 50
2236 9 8
2237 7 10
2238 10 10
2239 10 9
2240 50 20
2241 7 9
2242 9 5
2243 40 30
2244 20 50
2245 50 50
2246 40 50
2247 6 6
2248 5 9
2249 20 20
2250 6 6
2251 30 50
2252 40 20
2253 50 50
2254 6 6
2255 7 9
2256 10 6
2257 8 5
2258 6 7
2259 40 50
2260 10 5
2261 7 9
2262 50 30
2263 10 6
2264 5 6
2265 10 8
2266 40 30
2267 50 50
2268 8 9
2269 50 30
2270 9 10
2271 50 40
2272 30 50
2273 7 10
2274 50 50
2275 30 50
2276 50 20
2277 20 40
2278 7 5
2279 9 9
2280 5 9
2281 9 10
2282 30 20
2283 30 30
2284 40 30
2285 30 30
2286 8 10
2287 40 40
2288 5 7
2289 6 8
2290 6 5
2291 50 30
2292 30 40
2293 50 40
2294 30 40
2295 7 8
2296 7 9
2297 10 6
2298 10 8
2299 10 9
2300 6 7
2301 6 6
2302 7 10
2303 50 20
2304 30 40
2305 5 9
2306 6 8
2307 9 6
2308 6 7
2309 6 9
2310 30 50
2311 30 30
2312 6 9
2313 8 8
1784 0
1116 2101
1 2148
1 560
1 1596
1699 1155
1155 1
2101 1
0 1
1368 3
2 463
163 1532
1532 2
3 2
4 202
553 370
1597 1852
370 4
1852 4
6 2197
2058 699
473 5
699 6
5 6
1288 987
1642 1936
488 7
509 733
1186 1630
7 1642
987 1642
733 1642
1630 1642
9 1843
1898 1250
223 8
1250 9
8 9
1337 1745
719 720
10 1708
10 850
1745 10
720 10
652 11
780 12
1498 381
1498 1313
1498 1563
11 1498
12 1498
1000 426
1112 292
13 330
426 13
292 13
71 14
2027 2096
1274 15
16 576
16 1662
16 1297
15 16
2096 16
14 16
136 1907
275 1645
1873 2189
1436 224
1186 1729
2189 275
1907 275
224 275
1729 275
280 1692
1337 1164
1240 17
1164 280
17 280
20 506
1364 19
1930 2310
1661 18
19 20
2310 20
18 20
1784 21
1116 465
1669 2262
1669 2090
1669 1782
1669 743
1228 1753
1753 1669
465 1669
21 1669
710 22
1186 23
24 1787
22 24
23 24
234 142
25 1870
1800 106
1672 918
142 25
918 25
106 25
27 1903
1198 26
1149 2098
2098 27
26 27
662 1443
792 28
2023 29
28 662
29 662
1540 762
924 30
2294 1698
762 2294
30 2294
360 191
32 622
32 368
32 1064
507 31
31 32
191 32
2113 1303
914 33
637 242
33 2113
242 2113
1568 889
933 525
578 199
525 578
889 578
1189 34
894 35
1048 818
34 1048
35 1048
61 36
1580 1696
37 1586
36 37
1696 37
264 62
813 1768
841 38
1768 264
38 264
914 1015
1929 39
40 478
40 2277
1015 40
39 40
41 1286
738 579
1982 1517
579 41
1517 41
141 584
1751 42
43 600
42 43
584 43
141 48
1614 44
1714 1309
44 1714
48 1714
517 45
1291 1602
47 1137
134 46
46 47
1602 47
45 47
613 888
1362 1548
141 49
1548 613
49 613
747 353
2250 518
1211 50
518 747
50 747
1838 1666
481 633
1211 51
633 1838
51 1838
1646 52
910 53
54 797
52 54
53 54
222 55
1888 1980
537 2286
598 56
56 537
1980 537
55 537
59 427
2058 57
1395 58
57 59
58 59
453 394
223 1075
985 1853
985 464
985 1023
985 2233
394 985
1075 985
169 937
884 2040
122 60
60 169
2040 169
2043 1949
61 1067
61 704
1949 61
62 61
2170 63
158 722
64 651
1931 791
1285 65
65 64
791 64
63 64
722 64
1230 66
719 2210
67 253
66 67
2210 67
1104 356
804 268
1614 925
1614 1269
937 1614
268 1614
356 1614
2091 69
879 68
1355 557
1355 1401
68 1355
69 1355
379 1132
1611 70
1132 71
70 71
431 73
880 72
1521 820
72 1521
73 1521
453 1210
640 694
74 1287
694 74
1210 74
2281 75
992 76
77 455
77 2037
75 77
76 77
80 810
2116 79
992 778
1422 78
79 80
778 80
78 80
1261 2218
1261 2159
1261 531
1694 1879
1879 1261
1337 81
1211 82
81 2170
82 2170
84 1851
473 1875
1597 83
1875 84
83 84
85 1535
914 703
1014 1267
703 85
1267 85
1231 1088
2299 86
88 1019
88 750
88 1651
688 87
87 88
1088 88
86 88
279 90
1528 89
91 2071
91 2253
91 1749
91 1944
89 91
90 91
2175 830
2250 92
878 93
92 2175
93 2175
1413 94
982 95
2258 741
741 640
94 640
95 640
606 225
2181 96
1995 97
96 606
97 606
2245 1089
99 1637
1091 98
1107 1804
1089 99
1804 99
98 99
1792 1044
1452 100
101 749
1044 101
100 101
917 1179
1969 383
1179 1969
104 116
1133 102
1107 103
102 104
103 104
1059 107
1186 105
109 612
1374 108
108 109
105 109
107 109
1901 1263
1008 325
110 1977
1263 110
325 110
674 1429
1895 1657
745 619
619 674
1657 674
1008 111
421 348
421 2139
421 1086
1014 1218
1218 421
111 421
2296 955
112 301
973 113
955 112
113 112
114 1570
236 1561
1561 114
1646 115
637 1270
115 598
1270 598
1362 118
1764 789
1764 1076
2129 117
118 1764
116 1764
117 1764
1672 1797
1031 119
120 247
120 1900
120 1169
119 120
1797 120
1606 2034
160 2124
626 121
121 122
2124 122
2034 122
1393 123
124 2303
124 430
124 2016
1113 1412
1636 1705
123 124
1412 124
1705 124
336 2230
686 125
1618 126
125 336
126 336
1209 1683
1403 492
917 127
127 1403
1683 1403
129 1987
129 1349
129 1726
129 1248
129 1332
1198 128
691 192
192 129
128 129
1583 130
131 1522
2064 132
130 131
132 131
2008 1512
1597 133
1512 134
133 134
1513 996
622 1513
1522 1513
914 135
1008 1096
136 851
135 136
1096 136
2117 239
137 183
137 1305
2283 1372
1372 137
239 137
2125 411
481 1462
1008 138
1462 2125
138 2125
1316 308
139 1277
308 139
1853 139
1244 1677
1473 1223
279 864
1223 1244
864 1244
1393 140
141 448
141 1339
141 1365
140 141
2302 287
1646 2290
1856 1038
2290 2302
1038 2302
585 414
1646 538
1014 143
538 585
143 585
899 144
145 334
144 145
147 931
1302 146
146 147
1987 147
2281 2114
2155 148
2015 895
2015 736
148 2015
2114 2015
2264 1290
1199 1886
946 2193
1288 149
1592 150
150 946
149 946
1886 946
1290 946
365 151
1090 152
919 1643
151 919
152 919
572 581
1781 154
1198 153
1958 1542
1122 155
155 572
154 572
153 572
1542 572
1437 2285
792 935
1858 395
935 1437
395 1437
250 803
156 1854
1694 231
803 156
231 156
2250 1829
1858 157
1829 158
157 158
1929 329
1597 159
329 160
159 160
201 162
2108 161
163 1877
161 163
162 163
691 164
710 165
313 1258
313 298
313 1391
313 1774
164 313
165 313
1196 314
1000 166
828 167
166 1196
167 1196
170 854
1901 168
719 2053
168 170
2053 170
710 171
1186 2232
628 2204
628 1815
171 628
2232 628
1985 1565
1757 172
924 173
172 1985
173 1985
1725 174
480 175
705 2306
174 705
175 705
1005 1947
1005 607
1005 1226
1128 340
1699 858
340 1005
858 1005
2251 2266
1133 1306
1133 1141
1133 615
1133 734
1784 176
827 243
176 1133
243 1133
2266 1133
2248 1959
725 177
1802 1935
2295 1255
1255 1802
177 1802
1959 1802
1922 235
1922 1788
1922 1629
1922 2177
1149 454
454 1922
228 2069
2174 178
178 228
706 180
277 1319
960 2041
476 179
180 277
179 277
2041 277
998 181
1203 1703
182 636
181 182
1703 182
1611 184
343 1837
183 343
184 343
187 1074
792 185
591 186
185 187
186 187
1119 1523
1337 188
910 318
188 1119
318 1119
841 189
461 190
880 1279
880 1785
2303 880
189 880
190 880
1616 193
1509 530
1149 1574
193 1509
1574 1509
1258 1509
217 1114
481 563
2087 194
563 217
194 217
1757 195
1557 1066
1957 1330
597 196
196 1957
195 1957
1066 1957
210 197
691 198
1544 1950
199 1544
197 1544
198 1544
828 200
473 805
805 652
200 652
1783 2300
201 601
2173 296
2256 320
296 201
2300 201
320 201
1677 201
204 311
1061 203
203 204
202 204
253 204
1186 205
1153 206
686 351
686 779
686 2240
686 1760
686 521
686 582
686 1795
686 800
205 686
206 686
859 2212
637 1981
207 1499
2212 207
1981 207
877 1275
916 208
1279 877
208 877
730 503
1597 209
210 303
210 347
210 1562
503 210
209 210
212 2142
859 1884
564 211
1884 212
211 212
278 1056
1741 213
780 751
213 278
751 278
216 1978
1488 214
1107 215
214 216
215 216
1057 219
220 587
1189 218
218 220
219 220
1219 221
1474 588
1106 1659
1645 222
221 222
1659 222
588 222
223 2048
223 1346
873 1769
1769 223
227 1807
227 1604
227 1590
2211 226
226 227
2262 227
225 227
233 1647
1488 232
992 229
1422 230
232 233
229 233
230 233
2067 388
234 241
234 1680
234 1154
388 234
1019 234
1220 593
236 959
235 236
593 236
1534 237
2288 1942
576 2288
237 2288
913 238
1603 1514
240 1640
240 701
240 782
1125 460
460 240
1514 240
238 240
402 244
246 1530
1800 245
247 246
245 246
241 246
244 246
1810 249
1822 248
250 1910
248 250
249 250
1646 251
1307 515
1971 951
251 1971
515 1971
988 252
1149 1373
1611 1071
1611 1835
1611 1582
252 1611
1373 1611
1186 254
1982 748
254 725
748 725
256 1564
914 255
910 1689
255 256
1689 256
1368 257
1448 2234
1844 258
257 1448
258 1448
260 439
260 1996
260 685
260 845
260 1142
260 1335
719 259
259 260
481 344
564 1832
344 1781
1832 1781
2147 897
2304 1272
1302 1821
897 2304
1821 2304
553 262
2058 261
263 1691
261 263
262 263
431 265
1174 376
1785 1174
265 1174
266 1531
497 1472
1149 1550
1550 266
1472 266
775 1664
1646 1268
1858 267
1268 775
267 775
1525 629
481 269
1014 270
269 1525
270 1525
1008 271
1186 272
273 974
271 273
272 273
1280 1577
884 274
1239 2006
2006 1280
274 1280
726 855
1395 276
969 2221
2221 726
276 726
317 2099
279 1573
1296 1082
1082 279
2099 279
1429 279
2281 1176
623 281
282 1336
282 2161
1176 282
281 282
844 2194
317 1842
1609 283
1842 844
283 844
1198 284
2206 764
286 1466
811 285
287 286
285 286
284 286
764 286
1598 1424
906 1017
1426 288
1424 906
288 906
290 1233
1182 289
910 485
289 290
485 290
291 300
291 1384
291 2042
291 1866
291 1771
291 1178
291 1710
291 1184
625 549
549 291
293 1390
1792 794
1395 400
794 293
400 293
490 294
295 1588
829 1024
510 534
534 295
1024 295
294 295
300 295
297 744
1128 1162
874 1555
1555 297
1162 297
625 2178
625 1613
1580 299
298 625
299 625
302 1599
1930 840
301 302
840 302
338 305
1994 1808
2003 304
305 1994
303 1994
304 1994
1738 306
2063 2172
1001 307
307 2063
306 2063
1349 2063
310 432
522 309
894 875
309 310
875 310
884 312
311 1125
312 1125
936 315
317 862
867 316
316 317
314 317
315 317
792 319
564 321
319 1199
321 1199
323 713
1230 1559
1008 322
1559 323
322 323
992 2029
2029 623
327 1558
481 324
878 326
324 327
326 327
1789 328
2119 1325
2215 971
971 2119
353 2119
328 2119
1466 2119
711 331
333 2276
333 1644
333 630
1989 332
332 333
330 333
331 333
947 335
337 2227
334 337
335 337
377 339
463 338
339 338
2058 374
2058 2002
2250 1251
1251 2058
1988 2122
792 341
2087 1389
341 1988
1389 1988
1549 444
916 342
345 380
345 1809
345 592
345 1610
444 345
342 345
1112 346
526 2049
348 526
346 526
347 526
780 2143
885 887
505 1739
2143 505
887 505
836 1127
859 349
591 350
349 836
350 836
354 1323
1452 352
351 354
352 354
2217 357
1654 355
358 418
355 358
357 358
1476 589
2176 359
360 1553
360 1496
359 360
589 360
1552 1880
374 1552
439 1552
1073 362
2196 964
1173 361
1020 2297
1124 1103
362 2196
361 2196
2297 2196
1103 2196
2296 363
379 364
363 365
364 365
1952 366
367 1589
1587 1545
1520 2030
2030 367
1545 367
366 367
581 367
529 369
1027 2229
368 1027
369 1027
372 1730
1128 371
445 1667
1667 372
371 372
738 731
1126 1633
731 1285
1633 1285
1612 413
1612 1816
1198 373
710 1111
1111 1612
373 1612
916 375
820 377
375 377
376 377
379 423
379 2239
390 378
378 379
380 379
2158 1867
382 912
885 1475
1475 382
1867 382
381 382
1209 384
614 904
383 614
384 614
386 1617
1646 574
878 385
574 386
385 386
1898 389
1203 387
387 390
389 390
894 2109
391 1878
1097 1308
1308 391
2109 391
1350 397
396 847
921 1894
1892 392
1186 393
397 396
1894 396
392 396
393 396
399 1956
481 1607
2076 398
1607 399
398 399
436 401
402 1050
402 1407
1978 402
2276 402
401 402
1995 403
404 2151
779 404
403 404
1485 1352
1128 406
2219 405
405 1485
406 1485
409 1839
1047 408
519 407
1813 410
410 409
408 409
407 409
1384 409
2264 412
2228 469
414 2228
413 2228
411 2228
412 2228
1895 416
2084 415
417 1890
415 417
416 417
453 419
420 1912
418 420
419 420
899 541
1583 2138
422 2024
2064 1733
1733 422
541 422
2138 422
1090 424
1342 1885
423 1342
424 1342
1460 681
481 425
910 516
425 1460
516 1460
1033 429
1225 1055
667 428
429 1225
427 1225
428 1225
907 635
431 817
430 431
635 431
1721 976
434 1417
1479 433
433 434
976 434
432 434
1895 608
1488 435
435 436
608 436
440 1464
914 437
1126 438
437 440
438 440
1192 442
2254 441
1439 443
443 445
441 445
442 445
447 2110
1862 1039
1929 446
1039 447
446 447
449 2260
1231 486
486 449
448 449
1214 1093
1206 450
1395 451
450 1214
451 1214
730 452
958 1736
453 1826
453 2184
453 1351
453 2055
453 984
453 2007
453 1409
1736 453
452 453
716 456
859 1123
859 498
859 500
859 2213
859 1737
859 1762
859 771
859 2168
859 756
859 977
859 1331
859 1367
859 1381
455 859
456 859
458 617
1982 457
1123 458
457 458
1757 459
461 669
459 461
1395 2065
1929 462
462 1395
466 1191
1375 1320
1320 466
464 466
1182 834
1597 1798
1230 599
1230 1855
1230 1791
1230 1620
1230 1131
1230 1440
834 1230
1798 1230
828 489
910 467
467 828
683 1716
2083 468
469 1413
1880 1413
1716 1413
468 1413
471 575
2250 470
780 1746
470 471
1746 471
473 2167
473 1718
473 1145
1792 472
472 473
1728 474
1377 475
474 476
475 476
1360 812
479 494
953 477
1186 646
812 479
478 479
477 479
646 479
480 1999
480 1060
1008 550
550 480
1041 1685
481 2107
481 2031
481 708
481 776
481 1183
481 1740
481 1222
481 1252
2037 481
1685 481
484 668
1000 482
1968 483
482 484
483 484
738 1431
1929 487
488 1681
1431 488
487 488
1206 1463
1463 490
489 490
1182 491
1929 512
856 842
491 856
512 856
1343 2179
813 493
492 1343
493 1343
1399 2200
869 1054
494 869
617 869
2200 869
1057 495
1240 807
496 1497
807 496
495 496
497 1581
497 1353
497 1748
497 2046
497 872
497 528
1597 1679
1679 497
780 1215
499 1190
498 499
1215 499
501 2163
1126 2038
500 501
2038 501
555 504
1446 502
507 1665
507 1392
506 507
502 507
504 507
792 508
878 1242
508 509
1242 509
1793 2092
669 510
2092 510
513 1444
522 511
1995 545
511 513
545 513
1293 2312
2307 2313
1253 580
931 1253
2313 1253
2312 1253
2311 1656
945 2183
2183 2311
1826 2311
1551 1224
2064 1770
2309 1660
1665 2309
1770 2309
1224 2309
1293 1904
1063 796
2306 1375
1904 1375
796 1375
1895 2301
562 838
838 2299
2301 2299
2296 2243
2010 2293
1854 2296
2293 2296
1292 1831
2250 2021
637 882
2021 1292
882 1292
2289 1953
1646 2292
2087 702
2292 2289
702 2289
2287 986
1240 533
533 2287
1996 2287
2089 2182
2284 833
1847 2223
1681 2284
2182 2284
2285 2284
2223 2284
915 2282
2282 2281
1792 753
969 1723
910 1686
1686 969
753 969
1873 1030
1491 2278
1030 1374
2277 1374
2278 1374
2142 1374
1041 2274
1264 2275
792 1967
792 1811
792 1202
792 1026
792 1914
792 2022
792 1138
792 1171
792 1322
792 1077
2275 792
2274 792
2271 1653
1293 2272
1616 2133
2133 2271
2272 2271
2269 2014
916 896
896 2269
1337 2265
1929 965
2265 2264
965 2264
2044 1151
738 2263
780 2261
2263 2044
2261 2044
2260 1694
1680 1694
2257 1554
1646 1503
2076 2259
1503 2257
2259 2257
1648 1840
1775 2025
2256 680
1801 1649
1649 2256
1840 2256
2025 2256
2100 2255
2086 1515
1323 2251
1515 2251
2255 2251
522 675
1097 1712
675 2248
1712 2248
2245 2123
2245 1095
2245 1812
562 2246
2246 2245
2242 1601
2243 2242
1071 2242
1163 2235
1206 2241
1968 1824
2241 1163
1824 1163
2111 2141
885 795
795 2111
548 540
894 2238
2240 548
2238 548
1930 2081
1405 2236
1420 2066
1742 2080
2080 1420
2081 1420
2236 1420
1742 1836
1275 1742
2234 1742
1493 1068
610 2231
1541 2060
2230 1541
2231 1541
1068 1541
1408 1197
1347 1380
2227 1347
2229 1347
1197 1347
1186 1483
637 2226
1483 1721
2226 1721
1929 2224
1186 2222
2224 610
2222 610
1898 2220
2010 1217
1809 2010
2220 2010
1898 1150
998 1615
2218 998
1150 998
1937 893
1468 666
1058 2009
2009 2217
666 2217
893 2217
1337 2216
564 657
2216 2215
657 2215
1128 2214
2060 2211
2214 2211
2208 539
2213 2208
1757 2209
1698 2043
2209 2043
2003 2207
1697 944
2149 1445
767 1175
1175 2149
2207 2149
944 2149
1919 2205
1895 1765
1676 2094
2205 1676
1765 1676
2201 2077
1511 2202
951 2201
2202 2201
2204 2201
1127 2201
1182 2199
1240 1951
2199 1061
1951 1061
2181 2180
2181 1036
2181 1652
1128 1864
1228 2198
1864 2181
2198 2181
2191 715
863 2195
2193 2191
2197 2191
2195 2191
2074 632
992 740
1422 2188
1306 2074
740 2074
2188 2074
1307 1299
1737 2206
1299 2206
1945 949
1741 1289
1741 1504
1741 1411
949 1741
1531 1741
1567 2013
1609 1772
2013 1609
1383 928
2187 1438
2180 2187
928 2187
2050 1451
1646 642
780 1881
642 2050
1881 2050
942 2186
2186 1047
2184 1047
2179 2176
2178 2176
1567 570
1974 1415
536 1841
1415 536
570 536
878 2132
1762 1219
2132 1219
1895 2131
1895 1972
1895 1921
1895 692
881 1152
1152 1895
2174 1283
2082 784
1530 2174
1870 2174
789 2174
784 2174
1195 1600
2172 1316
1653 1316
1600 1316
2280 2171
1672 2237
1833 1010
1010 1672
1640 1672
2171 1672
1862 923
994 2169
2169 1862
2167 1862
910 1687
1383 2165
2162 1709
1687 2162
2165 2162
992 2160
1597 2157
2155 1069
2160 2155
2157 2155
914 2154
564 1761
2154 1931
1761 1931
1186 1461
878 2153
2150 718
1461 2150
2153 2150
1943 2146
1488 1889
1488 673
1469 761
761 1488
2148 1488
2146 1488
1425 654
1549 837
1549 1494
1406 2145
2145 1549
654 1549
1000 1940
2144 1758
1940 2144
1718 2144
719 1706
1186 2126
2045 1259
1706 2045
2126 2045
787 1955
1221 2140
1505 2068
847 787
2140 787
2068 787
830 787
1185 1321
1597 670
2139 1185
670 1185
1849 2137
842 1239
1851 1239
2137 1239
719 2135
1097 1234
870 1099
2135 870
1234 870
1141 2129
2131 2129
930 2273
992 1387
1422 2128
2123 930
2128 930
1387 930
1592 1964
620 1546
1186 1100
1964 620
2122 620
1535 620
1100 620
1186 2121
1240 2118
2121 2086
2118 2086
809 650
814 2112
650 2117
2112 2117
917 1046
907 1778
1046 2108
1778 2108
2104 663
1792 2105
2107 2104
2105 2104
522 1566
1926 2103
1566 2100
2103 2100
914 2061
1982 2097
2061 921
2097 921
691 1857
1186 1948
1728 1727
1728 1160
1857 1728
1948 1728
2095 649
1157 1893
1893 2095
2091 1338
2091 843
547 961
961 2091
925 2091
2094 2091
1624 2088
2084 1102
2084 1402
1352 2084
2090 2084
2088 2084
1800 1510
1510 2082
750 2082
514 665
1869 2078
1945 1905
665 1945
2078 1945
2102 1818
2077 2258
1818 2258
651 2258
1128 1326
2075 2249
1417 2075
1326 2075
1473 1594
2190 2072
2071 1783
2072 1783
1594 1783
2070 952
1929 1571
599 2070
1571 2070
1507 1414
822 1634
2064 1916
2064 1187
2066 2064
1634 2064
1414 2064
1793 1547
1206 1702
1351 1206
1547 1206
1925 2062
1519 1205
2062 1661
1205 1661
1799 2057
1751 1002
1751 1235
1577 1751
1758 1751
2057 1751
664 2252
1702 664
1145 664
2054 1072
1065 2056
2056 2054
2055 2054
1113 2052
907 1166
1883 2247
1166 1883
2052 1883
2116 1861
1107 2051
1861 1833
2051 1833
2047 1711
2159 2047
2048 2047
2039 568
1404 2036
2036 2039
1191 2039
1711 2039
2042 2039
558 1993
1646 2033
2023 2032
2033 558
2032 558
1688 1371
2017 2028
1707 902
1617 1707
2028 1707
1371 1707
2018 689
1579 2020
2035 2026
2020 2018
2026 2018
2024 2018
813 1484
813 1108
2016 813
2014 813
1220 2012
1149 2011
730 1790
2012 730
2011 730
2008 1913
1357 2073
2073 2008
685 2008
745 2185
2005 1018
992 1117
1422 1344
2185 2005
1117 2005
1344 2005
1198 2004
1767 603
2004 1767
1581 1767
1220 1584
2003 1295
1584 2003
1788 2003
1144 2001
2000 1204
612 2000
2001 2000
1998 1979
1000 1871
1871 1998
1999 1998
724 1997
1800 1029
1800 970
1076 1800
1997 1800
1004 962
1993 1004
1114 1004
964 1004
884 1990
1148 1992
1992 1989
1990 1989
1128 1986
929 769
769 1469
1986 1469
884 1887
1378 1984
1983 1167
1984 1983
1887 1983
1231 641
1070 1976
1976 1231
1979 1231
1977 1231
1648 1975
1975 1974
1393 1973
2190 1087
1087 924
1973 924
1968 857
780 1970
1970 1968
1965 2120
1034 1966
1967 1965
1966 1965
1961 1143
1646 1963
564 1962
1963 1961
1962 1961
1858 1960
771 1958
1960 1958
672 678
1953 672
1956 672
1955 672
1597 679
1972 958
679 958
1245 1490
995 1236
1560 1533
1490 995
1533 995
1950 995
1057 1946
1947 1943
1946 1943
1941 1193
1941 1747
1942 1941
1017 1941
901 1939
1936 1937
1499 1937
1939 1937
1691 1937
1128 1500
1932 1028
1935 1932
1500 1932
1934 755
1856 1110
2168 1934
1110 1934
1930 799
1930 605
1930 793
1391 1930
981 1928
1928 1364
1639 819
1925 1194
1925 1915
1925 639
559 1037
1037 1925
819 1925
2116 1759
1759 2280
1921 2280
1917 2166
1182 1920
1792 1918
1920 1917
1918 1917
1240 2203
1616 1735
1913 1616
2203 1616
760 1201
1217 760
1910 760
1008 786
894 661
1671 2192
786 1671
661 1671
814 1909
1909 1813
1346 1813
1393 1906
917 1447
1283 917
1906 917
1901 972
1901 1134
1905 1901
1903 1901
1898 1823
783 1366
1900 1898
1366 1898
1597 697
765 1780
1723 765
697 765
1982 1891
2031 1888
1891 1888
973 1882
1882 1274
799 1274
1885 1274
1878 1302
587 1302
1810 535
1393 1556
2237 1810
1556 1810
1271 1876
1519 2308
1519 1470
1877 1519
1876 1519
729 1188
1724 1874
1874 729
984 729
810 1031
701 1031
738 1938
719 868
1938 1873
868 1873
1000 1172
1172 1869
1929 1756
1792 1806
1868 1428
1756 1868
1806 1868
742 1715
1715 822
1287 822
1866 822
2235 822
2190 1860
1376 1465
1859 1744
1859 594
1859 690
1465 1859
1860 1859
780 1622
1855 1849
1622 1849
1211 1848
756 1847
1848 1847
1597 552
1240 1386
1846 660
552 1846
1386 1846
1473 1298
1844 739
1298 1844
1841 1844
806 1732
1426 768
1426 1276
1732 1426
1839 1426
1837 1426
1836 1507
1835 1507
1213 781
1828 1421
1845 1786
1246 1834
781 1828
1786 1828
1834 1828
1831 1828
885 1003
710 1120
1282 1752
1003 1282
1120 1282
1419 1827
1825 1538
543 1042
1693 1638
1827 1825
1638 1825
1042 1825
1203 1518
1823 1822
1518 1822
910 1820
1791 1606
1820 1606
2019 527
1774 2019
1313 2019
780 1819
1815 982
1819 982
1816 982
1146 1814
540 929
718 929
1814 929
2076 823
1811 1436
823 1436
595 1207
1808 595
1445 595
2049 595
1107 1803
1807 1801
1803 1801
1792 1682
1289 1799
1682 1799
1186 1796
1220 1794
1793 1053
1793 975
1793 1012
1793 1779
1796 1793
1794 1793
1784 717
1790 1784
1787 1784
802 997
1777 1084
997 1777
2166 1777
1780 1777
1337 524
1982 1776
524 1246
1776 1246
1157 1524
1393 1650
1393 938
1393 1450
1772 1393
1524 1393
773 1400
522 1766
1383 1763
1766 773
1763 773
2194 1757
2253 1757
1149 1085
1752 1228
1085 1228
1473 2079
2079 2173
1744 2173
1749 2173
1338 2173
910 643
1735 1738
643 1738
1739 1738
1428 1738
1926 1734
1760 2295
1734 2295
772 1731
1919 544
1919 1170
1730 1919
1782 1919
1731 1919
1725 757
1725 1908
1725 1109
1727 1725
1726 1725
1717 1418
2250 1722
910 1720
1722 1717
1720 1717
653 1713
2147 1237
967 1954
1713 2147
1954 2147
1850 1805
979 1704
1704 1568
1709 1568
749 1568
1805 1568
1625 1701
710 1529
1701 1699
1529 1699
914 1312
780 1695
1312 1693
1695 1693
1186 759
1014 1896
759 2254
1896 2254
890 1690
1328 1356
1546 1688
1690 1688
1692 1688
1356 1688
1209 1130
1260 860
1260 1011
1130 1260
2087 1684
977 1845
1684 1845
1673 801
914 1678
1240 1674
1678 1673
1674 1673
1452 1670
1036 1624
1670 1624
1646 1575
1211 1668
1575 1122
1668 1122
554 520
1664 1654
1666 1654
1538 1654
520 1654
1129 926
1107 1663
1663 1129
1579 1254
1660 1579
768 1579
1662 1579
1658 1329
992 1121
1422 561
1604 1658
1121 1658
561 1658
1655 1537
865 1487
1032 1863
1863 1655
1487 1655
1656 1655
1771 1655
1237 1001
2141 1001
1432 1924
1422 727
727 1432
1361 634
1651 1361
1650 1361
939 1773
1647 939
1644 939
1281 1527
899 1022
1583 1641
1641 1281
1022 1281
1557 1933
597 1865
1865 1639
1933 1639
932 1719
1719 1636
1637 1636
2250 1632
1126 1434
1632 1587
1434 1587
885 1628
1625 826
1629 1625
1628 1625
1198 1623
2298 1621
2059 1410
1410 554
1621 554
1623 554
755 554
1792 1619
1620 517
1619 517
1615 2283
592 2283
1817 1539
523 647
647 1817
1613 1817
1610 1817
1591 1492
981 1605
1605 1591
1067 1591
884 2152
763 1471
1471 1070
2152 1070
1000 1311
553 687
1311 1603
687 1603
1598 1543
1598 1897
1599 1598
568 1598
1601 1598
738 1595
1008 1593
1595 1592
1593 1592
2156 2244
1202 2102
2244 2102
1646 693
1982 567
693 1058
567 1058
1590 1775
692 1775
1589 1724
2286 1724
1743 1585
1583 2085
1583 1266
1585 1583
1588 1583
1586 1583
1580 774
1582 1580
1557 1578
1991 1467
1578 1991
1572 586
1567 1449
1573 1572
1449 1572
2035 876
1353 1567
876 1567
1570 1567
1360 990
1480 1181
990 1952
1564 1952
1181 1952
1563 1560
1562 1560
1554 1144
1558 1144
1421 1144
1902 1458
1458 1405
2308 1405
1534 1502
1543 1551
1502 1551
2085 1551
1553 1551
1534 1315
1539 1534
1537 1534
1492 1743
605 1743
884 848
848 514
1029 814
888 814
1929 1294
1926 573
1294 1850
573 1850
637 1369
708 2017
1369 2017
580 519
1023 519
1186 832
522 758
522 920
522 950
521 522
832 522
916 1327
837 523
1327 523
1177 966
1016 1576
966 1016
527 1016
530 1016
1041 1035
821 989
821 1317
821 1363
895 821
1035 821
940 616
531 940
535 940
1112 542
539 2083
542 2083
1675 732
884 1080
1137 1675
1080 1675
1307 1021
1026 543
1021 543
1107 546
544 547
546 547
553 883
553 1626
1014 551
551 553
1008 825
1014 1754
1357 1478
825 1357
1754 1357
1209 839
1309 1209
557 1209
1484 559
860 559
948 590
2116 618
2116 671
2249 2116
560 2116
590 2116
1508 565
1186 676
565 1213
1443 1213
801 1213
676 1213
1334 571
698 566
777 569
571 1059
1418 1059
566 1059
569 1059
1388 682
1982 2164
1914 1388
2164 1388
2076 1318
1331 890
1318 890
1097 583
582 1479
583 1479
738 1013
1792 1156
1013 1360
1156 1360
737 1441
564 1238
1131 737
1238 737
1189 1009
758 1146
1009 1146
1182 2136
719 1314
2136 626
1314 626
1557 1243
1557 963
600 1557
594 1557
914 991
1792 957
2089 2106
991 2089
957 2089
1337 954
1126 596
954 2059
596 2059
745 1370
1107 602
1370 1296
602 1296
1220 1442
604 1456
603 604
1442 604
894 611
891 927
607 891
611 891
1889 1091
615 1091
618 1091
630 1406
1339 1406
780 898
1995 2225
898 979
2225 979
707 577
992 621
1422 624
1102 707
621 707
624 707
1872 677
1755 1049
1049 1399
629 1399
1708 1399
677 1399
1354 1569
1569 1446
1912 1446
1178 1446
2252 1446
2250 1324
1008 631
1324 1872
631 1872
636 809
634 809
616 809
1362 1098
632 724
1098 724
637 1433
2022 953
1433 953
1646 1453
1240 1398
1453 1755
1398 1755
2273 2067
641 2067
738 770
1240 644
770 1350
644 1350
899 798
645 1241
1916 645
798 645
1182 659
1182 1501
1182 1489
1198 648
1597 609
609 1182
648 1182
1425 1094
1773 1425
1050 1425
2093 922
1051 1301
1795 2093
1301 2093
2279 1359
1107 655
1402 2279
655 2279
1383 656
1995 532
532 653
656 653
723 658
1099 933
2192 933
658 933
1497 933
1198 1136
797 667
663 667
1136 667
1190 667
1648 1345
1167 1648
668 1648
1056 1648
1427 788
673 932
734 932
671 932
788 932
912 706
1248 706
1249 1262
1473 1165
1262 1473
680 1473
1419 2115
2115 683
2106 683
682 683
1095 688
926 688
691 1911
1295 691
1748 691
2250 695
2076 900
695 1124
900 1124
696 790
843 696
938 696
1646 934
1126 861
934 698
861 698
831 700
1321 763
700 763
952 763
597 892
892 1540
1243 1540
704 1902
1194 1902
1240 709
972 711
709 711
1926 712
1452 815
815 967
712 967
1927 1265
1265 1148
660 1148
713 1148
715 1065
678 1065
1041 905
716 1079
716 909
716 1158
905 716
717 1128
1597 1180
1107 871
915 1430
871 915
1180 915
1189 721
1014 1227
1227 723
721 723
989 1106
883 1106
1397 728
732 1362
728 1362
854 1362
943 1358
1097 735
735 943
738 1310
738 1216
736 738
1079 738
739 742
1053 742
744 745
743 745
1438 745
746 911
996 746
1193 746
1457 1007
903 1078
1523 1457
575 1457
1143 1457
1078 1457
1597 752
754 2291
923 754
752 754
914 1135
719 1382
1135 1288
1382 1288
1051 1208
920 1493
1208 1493
1112 766
757 960
766 960
1792 849
780 1101
849 767
1101 767
910 2267
2270 785
780 941
2267 2270
941 2270
1220 714
885 1200
714 988
1200 988
2046 988
2035 1092
649 899
1092 899
1915 555
774 555
907 1278
1944 907
1165 907
690 907
1401 907
780 1247
776 777
1247 777
782 783
1365 783
2158 1750
785 2158
1390 2158
904 597
790 597
1305 806
793 806
1643 806
1858 808
1183 811
808 811
1284 1256
816 1212
1256 816
1750 816
916 1423
817 1271
1423 1271
1359 2190
1002 2190
1890 2190
1014 1147
1508 852
1310 1508
1147 1508
1116 824
1097 1486
826 827
1486 827
824 827
2268 2134
2134 829
2007 829
1014 1830
659 831
1830 831
1186 866
835 980
833 835
866 835
1007 835
963 841
839 841
1908 2307
845 2307
1416 1040
852 1033
851 1033
1040 1033
850 1033
855 1697
857 1697
1018 1528
862 1528
1126 1115
1138 1416
1115 1416
1467 1354
975 1354
1264 908
1430 1264
1069 1264
1337 978
780 1526
978 1520
1526 1520
1337 1516
637 1506
1516 1505
1506 1505
1160 1293
1008 1495
1501 1291
1495 1291
1211 886
1171 1491
886 1491
922 874
1259 874
1444 874
1982 1083
1489 1927
1083 1927
853 1025
1482 1300
1025 1482
601 1482
910 1536
780 1481
1536 994
1481 994
1856 2130
1322 1480
2130 1480
1112 1477
1240 1062
1062 1112
1240 993
1740 1468
993 1468
1377 1635
1478 1377
1142 1377
2002 1474
1477 1474
639 981
1470 981
2069 853
1278 853
1074 1789
1464 1789
1151 1789
1325 2268
1054 2268
1348 1899
1899 1476
1188 1476
1710 1476
1093 1476
1329 1249
1345 1249
1597 1459
1041 1341
1924 1041
1459 1041
884 1045
1456 884
2177 884
1455 1627
1747 1455
1380 1455
1198 1454
1451 863
681 863
1454 863
2163 863
1126 1304
1440 802
1304 802
1407 1203
1450 1203
1317 901
1060 901
2291 1378
1233 1378
1441 1378
910 1435
1504 936
1435 936
1926 1273
1652 772
1273 772
1107 1923
1812 1427
1923 1427
1856 1006
1222 1511
1006 1511
910 968
1216 1419
968 1419
1929 846
1411 1104
846 1104
1090 1159
2239 973
1159 973
1204 1404
1409 1404
1186 1229
2120 1073
1303 1073
1286 1073
1229 1073
2250 1139
2250 1118
1336 2250
1341 2250
1014 999
1134 913
999 913
1000 1081
1081 804
2065 804
956 1257
992 1396
1422 627
1170 956
1396 956
627 956
1186 1394
1394 1198
873 1385
1494 1032
1385 1032
1090 1379
1149 1140
1379 1177
1140 1177
564 638
1139 2298
638 2298
1565 1368
586 1368
1330 1368
1631 1608
1367 1173
1608 1173
1337 2127
1337 1043
1363 1337
1911 1245
818 1245
1358 1245
1011 1348
1012 1348
1000 1340
1340 1397
1335 1397
529 556
556 1408
1064 1408
1084 867
1045 867
1055 945
962 945
1284 1333
986 1284
1086 1284
1527 529
1241 529
1779 873
872 873
1257 879
1269 879
2023 1105
1381 1221
1105 1221
1843 2027
1277 2027
1072 2027
1184 2027
1126 1168
1252 903
1168 903
908 914
909 914
1982 1700
1118 1328
1700 1328
1447 1090
1108 1090
1189 2305
1226 948
2305 948
1383 1052
800 1439
1052 1439
1028 562
1596 562
927 562
2161 1646
1158 1646
1631 1232
1077 1892
1232 1892
577 1376
1235 1376
1169 1113
1094 1113
1154 1113
970 1113
1452 684
950 1192
684 1192
878 983
2127 1020
983 1020
1109 1195
1626 1195
1792 1161
1043 1334
1161 1334
959 1000
528 1000
2151 2219
974 2219
1400 2219
980 942
902 942
1333 1063
1332 1063
1319 865
2233 865
