2314 3124
0 32 8
1 64 8
2 1024 512
3 4 16
4 32 64
5 128 128
6 512 512
7 256 1024
8 8 128
9 32 4
10 2048 1024
11 512 2048
12 128 128
13 8 4
14 256 512
15 4 16
16 1024 512
17 128 4
18 256 256
19 4 32
20 64 128
21 2048 2048
22 32 4
23 16 128
24 32 16
25 256 512
26 512 2048
27 4 64
28 4 4
29 16 16
30 32 4
31 4 16
32 4 32
33 32 64
34 256 1024
35 4 16
36 128 8
37 1024 1024
38 8 8
39 128 4
40 64 16
41 16 64
42 16 64
43 32 8
44 4 8
45 8 4
46 64 128
47 4 32
48 512 256
49 256 512
50 256 256
51 4 64
52 64 128
53 32 16
54 128 64
55 4 128
56 4 4
57 8 128
58 64 4
59 128 32
60 32 64
61 8 8
62 512 2048
63 64 16
64 2048 256
65 256 1024
66 128 128
67 128 8
68 2048 256
69 32 8
70 8 128
71 128 64
72 64 16
73 512 2048
74 16 64
75 32 16
76 32 4
77 32 8
78 32 16
79 128 16
80 8 64
81 128 32
82 64 16
83 32 8
84 128 8
85 4 64
86 32 32
87 16 64
88 16 32
89 1024 1024
90 64 8
91 1024 256
92 32 64
93 128 32
94 4 64
95 2048 256
96 64 16
97 32 8
98 128 64
99 128 64
100 128 128
101 8 32
102 4 8
103 256 512
104 256 2048
105 8 128
106 1024 512
107 16 64
108 4 64
109 4 4
110 1024 512
111 512 1024
112 128 16
113 8 16
114 512 256
115 32 128
116 8 16
117 8 4
118 32 64
119 8 128
120 256 256
121 2048 2048
122 32 8
123 128 128
124 32 4
125 2048 1024
126 64 4
127 8 64
128 4 128
129 8 64
130 64 64
131 64 16
132 128 128
133 4 128
134 16 64
135 128 16
136 128 8
137 16 32
138 32 16
139 128 8
140 2048 512
141 32 32
142 64 16
143 4 4
144 2048 512
145 2048 256
146 64 64
147 8 16
148 4 32
149 256 512
150 4 16
151 4 8
152 16 4
153 64 16
154 32 32
155 64 128
156 2048 512
157 8 32
158 2048 256
159 256 1024
160 2048 1024
161 256 512
162 4 32
163 512 1024
164 4 128
165 4 32
166 64 4
167 8 128
168 16 8
169 32 16
170 4 8
171 128 16
172 2048 256
173 16 128
174 4 32
175 128 32
176 32 128
177 512 1024
178 2048 512
179 8 8
180 8 32
181 2048 512
182 16 64
183 1024 256
184 64 64
185 64 32
186 16 128
187 2048 2048
188 8 64
189 512 2048
190 4 8
191 8 128
192 16 8
193 16 4
194 32 64
195 1024 256
196 256 2048
197 4 64
198 512 512
199 128 8
200 256 1024
201 8 8
202 8 128
203 2048 256
204 32 32
205 64 128
206 256 512
207 512 2048
208 256 2048
209 64 128
210 16 8
211 8 64
212 4 16
213 128 128
214 256 1024
215 16 64
216 32 32
217 256 256
218 128 64
219 8 4
220 16 128
221 512 1024
222 128 32
223 64 128
224 1024 512
225 1024 512
226 16 64
227 4 8
228 8 16
229 512 256
230 32 128
231 4 64
232 64 128
233 128 8
234 2048 2048
235 32 32
236 4 16
237 256 2048
238 16 8
239 64 16
240 4 64
241 64 8
242 512 1024
243 1024 1024
244 512 256
245 2048 2048
246 128 4
247 4 128
248 256 256
249 16 32
250 16 4
251 128 128
252 2048 2048
253 4 16
254 2048 2048
255 512 2048
256 512 256
257 16 32
258 64 4
259 512 2048
260 8 4
261 4 32
262 256 2048
263 64 64
264 32 128
265 4 4
266 64 16
267 1024 2048
268 512 512
269 16 4
270 64 16
271 128 8
272 512 1024
273 8 32
274 1024 2048
275 16 4
276 8 64
277 64 4
278 64 128
279 8 8
280 32 64
281 64 32
282 16 16
283 128 64
284 4 32
285 4 8
286 64 4
287 4 32
288 128 8
289 2048 1024
290 64 8
291 8 8
292 64 128
293 4 8
294 512 512
295 4 16
296 8 4
297 16 64
298 64 16
299 64 4
300 2048 2048
301 4 16
302 128 4
303 8 4
304 32 8
305 128 8
306 32 64
307 64 64
308 128 32
309 16 128
310 4 16
311 64 32
312 4 32
313 512 256
314 32 16
315 16 32
316 32 64
317 4 64
318 8 8
319 1024 1024
320 32 16
321 16 16
322 1024 1024
323 64 128
324 128 64
325 4 16
326 64 64
327 64 8
328 512 1024
329 16 8
330 32 64
331 32 64
332 2048 2048
333 8 64
334 32 4
335 2048 512
336 4 16
337 4 4
338 1024 512
339 64 8
340 2048 2048
341 2048 512
342 4 16
343 2048 2048
344 512 1024
345 128 8
346 64 4
347 4 128
348 32 32
349 512 2048
350 4 32
351 4 64
352 1024 1024
353 4 64
354 64 4
355 512 2048
356 8 16
357 4 32
358 64 16
359 64 32
360 128 64
361 1024 512
362 8 64
363 1024 2048
364 64 64
365 8 32
366 128 32
367 128 8
368 256 1024
369 16 32
370 256 2048
371 256 256
372 256 512
373 4 16
374 128 32
375 1024 2048
376 512 512
377 128 32
378 2048 1024
379 128 64
380 64 4
381 128 8
382 8 4
383 32 32
384 32 128
385 4 4
386 8 4
387 128 16
388 16 4
389 16 32
390 512 512
391 4 4
392 4 16
393 64 64
394 128 4
395 4 8
396 16 8
397 128 16
398 1024 256
399 8 4
400 2048 256
401 1024 512
402 512 1024
403 256 2048
404 128 8
405 32 8
406 512 512
407 2048 256
408 4 64
409 512 256
410 64 16
411 8 64
412 16 32
413 16 4
414 16 128
415 256 1024
416 32 4
417 32 32
418 512 256
419 32 8
420 4 4
421 64 8
422 32 128
423 128 64
424 256 512
425 2048 2048
426 4 8
427 16 128
428 128 32
429 16 32
430 4 32
431 8 64
432 8 32
433 1024 512
434 256 256
435 512 2048
436 16 128
437 2048 256
438 16 16
439 32 16
440 8 32
441 256 256
442 1024 512
443 1024 256
444 1024 256
445 256 1024
446 64 8
447 64 8
448 16 128
449 256 256
450 8 16
451 64 16
452 8 64
453 4 8
454 256 512
455 8 128
456 16 4
457 32 32
458 32 4
459 8 64
460 64 128
461 64 16
462 1024 2048
463 128 32
464 1024 256
465 512 1024
466 1024 256
467 16 128
468 4 128
469 64 16
470 256 2048
471 16 8
472 8 64
473 16 8
474 4 8
475 4 4
476 4 16
477 128 128
478 8 32
479 32 4
480 1024 512
481 16 8
482 4 4
483 512 512
484 256 2048
485 16 32
486 32 64
487 1024 256
488 1024 2048
489 4 64
490 4 4
491 2048 2048
492 2048 512
493 32 8
494 32 64
495 128 8
496 128 128
497 512 2048
498 2048 1024
499 8 8
500 256 1024
501 1024 2048
502 4 64
503 512 512
504 4 32
505 16 128
506 128 128
507 4 4
508 16 64
509 256 512
510 16 4
511 16 32
512 32 4
513 256 1024
514 2048 256
515 16 64
516 4 32
517 64 16
518 16 4
519 128 4
520 16 8
521 64 8
522 128 32
523 4 8
524 8 128
525 4 8
526 8 64
527 256 1024
528 64 8
529 16 32
530 1024 512
531 512 512
532 16 128
533 4 8
534 2048 1024
535 512 2048
536 4 4
537 1024 256
538 4 16
539 16 64
540 128 32
541 4 16
542 64 16
543 8 4
544 16 16
545 64 32
546 1024 1024
547 128 4
548 64 128
549 2048 512
550 128 128
551 128 4
552 8 16
553 512 1024
554 32 128
555 8 4
556 256 256
557 32 4
558 64 128
559 8 4
560 4 4
561 16 4
562 128 64
563 32 32
564 1024 512
565 128 4
566 16 4
567 32 16
568 8 4
569 8 64
570 2048 256
571 16 128
572 32 8
573 2048 1024
574 16 8
575 8 8
576 16 16
577 32 4
578 8 16
579 64 128
580 8 4
581 4 32
582 4 8
583 2048 256
584 8 16
585 1024 1024
586 32 4
587 4 4
588 16 4
589 8 16
590 8 128
591 8 8
592 64 64
593 256 1024
594 16 64
595 4 64
596 128 128
597 8 16
598 128 16
599 8 128
600 16 128
601 4 64
602 16 16
603 512 512
604 2048 256
605 64 16
606 512 2048
607 4 4
608 16 128
609 32 8
610 128 16
611 4 4
612 16 32
613 128 8
614 16 8
615 128 128
616 16 16
617 32 64
618 1024 1024
619 32 8
620 2048 256
621 512 2048
622 4 8
623 1024 256
624 4 32
625 512 512
626 4 8
627 32 128
628 256 2048
629 8 8
630 128 8
631 16 64
632 512 1024
633 128 128
634 512 512
635 128 16
636 2048 512
637 128 4
638 128 64
639 128 16
640 4 16
641 32 16
642 2048 256
643 256 512
644 256 256
645 1024 1024
646 32 16
647 128 128
648 128 64
649 512 1024
650 8 32
651 8 64
652 32 4
653 64 4
654 128 4
655 64 64
656 512 1024
657 4 32
658 128 32
659 8 8
660 4 4
661 8 4
662 256 1024
663 256 256
664 256 2048
665 2048 256
666 256 256
667 256 512
668 4 64
669 128 8
670 32 64
671 128 4
672 512 256
673 4 64
674 64 128
675 4 8
676 1024 256
677 256 2048
678 32 128
679 8 4
680 1024 2048
681 8 32
682 2048 1024
683 2048 512
684 512 512
685 64 64
686 32 32
687 512 512
688 16 8
689 8 16
690 8 128
691 256 256
692 32 4
693 64 4
694 32 8
695 256 2048
696 128 64
697 32 16
698 512 256
699 16 8
700 1024 1024
701 128 64
702 1024 1024
703 64 16
704 64 128
705 1024 256
706 2048 256
707 1024 512
708 4 8
709 512 256
710 2048 256
711 8 64
712 2048 512
713 256 256
714 32 128
715 4 64
716 64 128
717 32 128
718 256 256
719 32 8
720 1024 512
721 256 512
722 256 1024
723 512 2048
724 2048 2048
725 1024 1024
726 64 32
727 512 1024
728 1024 256
729 256 256
730 32 16
731 512 1024
732 8 32
733 8 16
734 4 4
735 2048 1024
736 1024 1024
737 128 8
738 16 4
739 4 4
740 32 16
741 256 512
742 64 128
743 128 8
744 1024 512
745 2048 2048
746 1024 2048
747 128 4
748 2048 256
749 8 4
750 256 256
751 1024 256
752 2048 1024
753 512 2048
754 4 4
755 4 128
756 1024 512
757 4 128
758 16 128
759 32 16
760 8 8
761 64 128
762 1024 2048
763 256 512
764 32 4
765 16 32
766 2048 1024
767 16 128
768 4 64
769 16 32
770 16 16
771 128 64
772 256 1024
773 64 8
774 2048 2048
775 16 16
776 512 2048
777 64 128
778 1024 2048
779 128 64
780 64 64
781 8 32
782 64 64
783 2048 256
784 4 8
785 2048 512
786 4 32
787 1024 2048
788 16 8
789 4 128
790 2048 256
791 32 32
792 8 4
793 32 32
794 1024 256
795 4 64
796 32 16
797 64 64
798 512 2048
799 2048 512
800 512 256
801 32 128
802 16 16
803 2048 512
804 32 128
805 64 32
806 64 8
807 4 4
808 4 16
809 128 16
810 1024 512
811 8 16
812 8 128
813 1024 256
814 8 8
815 16 8
816 32 128
817 8 128
818 4 32
819 4 64
820 16 4
821 32 128
822 1024 1024
823 64 8
824 16 16
825 16 16
826 256 1024
827 1024 256
828 512 1024
829 8 16
830 128 64
831 8 64
832 8 16
833 1024 512
834 16 4
835 32 32
836 8 64
837 2048 256
838 256 512
839 8 8
840 2048 2048
841 16 128
842 16 4
843 32 128
844 128 64
845 1024 2048
846 8 64
847 4 32
848 128 32
849 2048 512
850 16 16
851 64 32
852 1024 512
853 1024 1024
854 8 8
855 64 32
856 256 2048
857 128 64
858 4 8
859 512 256
860 8 8
861 16 8
862 4 64
863 8 8
864 32 128
865 64 16
866 4 4
867 128 4
868 64 8
869 64 32
870 1024 2048
871 256 2048
872 16 4
873 8 16
874 4 32
875 32 8
876 128 16
877 1024 256
878 32 8
879 64 64
880 128 4
881 128 16
882 512 512
883 32 64
884 16 64
885 8 8
886 8 4
887 1024 2048
888 256 512
889 32 32
890 512 512
891 512 2048
892 4 16
893 64 4
894 1024 512
895 4 128
896 8 128
897 512 512
898 128 64
899 128 4
900 4 128
901 2048 2048
902 8 8
903 16 16
904 128 128
905 256 1024
906 8 128
907 128 8
908 1024 2048
909 16 64
910 32 128
911 256 2048
912 32 64
913 64 64
914 4 32
915 64 8
916 2048 2048
917 1024 256
918 64 4
919 2048 2048
920 32 128
921 64 4
922 64 8
923 2048 1024
924 8 16
925 64 4
926 256 256
927 4 4
928 64 16
929 256 256
930 512 512
931 256 1024
932 128 128
933 64 4
934 32 128
935 128 64
936 32 128
937 16 4
938 64 64
939 4 16
940 4 32
941 8 128
942 16 16
943 64 8
944 8 4
945 16 16
946 2048 512
947 32 4
948 4 4
949 512 256
950 8 64
951 512 2048
952 64 32
953 512 512
954 1024 1024
955 1024 512
956 16 8
957 64 4
958 128 16
959 8 64
960 512 1024
961 4 8
962 2048 256
963 2048 1024
964 32 4
965 128 32
966 2048 2048
967 128 8
968 256 1024
969 8 128
970 64 8
971 256 2048
972 32 32
973 4 64
974 32 16
975 512 256
976 128 16
977 32 8
978 2048 2048
979 16 32
980 512 256
981 1024 2048
982 2048 1024
983 64 8
984 1024 1024
985 8 64
986 32 4
987 8 4
988 16 16
989 32 8
990 64 32
991 16 4
992 4 64
993 16 64
994 32 16
995 1024 2048
996 2048 1024
997 128 8
998 8 128
999 128 16
1000 32 4
1001 512 1024
1002 128 8
1003 2048 256
1004 16 16
1005 4 16
1006 128 8
1007 128 32
1008 4 8
1009 256 256
1010 16 4
1011 16 128
1012 32 8
1013 16 32
1014 128 8
1015 64 128
1016 64 4
1017 128 8
1018 512 1024
1019 128 64
1020 16 32
1021 32 128
1022 2048 512
1023 16 64
1024 64 32
1025 128 4
1026 128 16
1027 16 64
1028 4 32
1029 1024 2048
1030 32 32
1031 4 8
1032 256 1024
1033 8 16
1034 16 64
1035 32 16
1036 128 16
1037 32 32
1038 4 8
1039 64 32
1040 512 2048
1041 8 64
1042 8 16
1043 4 32
1044 64 8
1045 64 16
1046 128 4
1047 8 4
1048 2048 2048
1049 2048 512
1050 32 16
1051 64 4
1052 64 4
1053 512 2048
1054 128 64
1055 256 1024
1056 2048 2048
1057 8 64
1058 16 64
1059 128 16
1060 32 128
1061 64 64
1062 64 16
1063 32 64
1064 512 256
1065 2048 256
1066 256 1024
1067 4 64
1068 512 256
1069 256 256
1070 16 16
1071 64 16
1072 8 4
1073 512 1024
1074 512 2048
1075 512 512
1076 8 32
1077 8 64
1078 256 512
1079 512 512
1080 64 4
1081 16 4
1082 512 1024
1083 8 128
1084 128 64
1085 256 256
1086 4 16
1087 128 16
1088 2048 512
1089 4 32
1090 128 8
1091 64 16
1092 4 64
1093 128 64
1094 4 4
1095 32 16
1096 32 16
1097 32 128
1098 32 16
1099 64 16
1100 2048 2048
1101 32 128
1102 2048 2048
1103 64 128
1104 32 4
1105 64 16
1106 256 1024
1107 16 16
1108 256 512
1109 16 64
1110 2048 2048
1111 4 16
1112 8 4
1113 8 16
1114 64 4
1115 8 32
1116 8 16
1117 64 128
1118 128 16
1119 256 2048
1120 32 16
1121 4 32
1122 32 64
1123 64 16
1124 16 8
1125 512 512
1126 256 512
1127 2048 2048
1128 128 8
1129 8 128
1130 32 32
1131 8 128
1132 64 128
1133 64 4
1134 16 16
1135 128 16
1136 256 256
1137 32 4
1138 1024 256
1139 128 8
1140 4 128
1141 8 128
1142 128 64
1143 512 2048
1144 2048 2048
1145 4 128
1146 128 8
1147 1024 2048
1148 4 16
1149 128 64
1150 64 128
1151 16 128
1152 8 8
1153 512 1024
1154 1024 2048
1155 64 64
1156 32 4
1157 2048 2048
1158 2048 512
1159 128 4
1160 4 64
1161 32 32
1162 256 256
1163 64 128
1164 2048 2048
1165 512 256
1166 1024 256
1167 16 32
1168 512 2048
1169 32 8
1170 256 2048
1171 32 8
1172 8 128
1173 4 64
1174 8 32
1175 128 128
1176 8 32
1177 16 32
1178 16 64
1179 4 32
1180 512 512
1181 64 8
1182 128 4
1183 32 4
1184 32 64
1185 32 64
1186 32 32
1187 1024 2048
1188 128 32
1189 128 64
1190 1024 512
1191 512 256
1192 256 2048
1193 64 8
1194 2048 1024
1195 2048 256
1196 128 32
1197 1024 256
1198 256 1024
1199 8 32
1200 512 256
1201 16 8
1202 1024 256
1203 4 64
1204 32 4
1205 32 4
1206 4 32
1207 16 8
1208 128 16
1209 256 512
1210 128 128
1211 128 32
1212 2048 1024
1213 64 16
1214 16 4
1215 8 128
1216 8 8
1217 4 128
1218 1024 256
1219 8 4
1220 64 8
1221 2048 2048
1222 8 128
1223 8 16
1224 2048 2048
1225 2048 1024
1226 32 64
1227 2048 2048
1228 1024 512
1229 32 4
1230 512 256
1231 16 8
1232 16 32
1233 1024 256
1234 16 4
1235 128 8
1236 256 2048
1237 1024 256
1238 8 4
1239 256 512
1240 256 2048
1241 8 64
1242 256 1024
1243 8 8
1244 256 256
1245 2048 256
1246 32 64
1247 16 8
1248 64 4
1249 64 4
1250 2048 512
1251 8 4
1252 4 8
1253 512 512
1254 8 128
1255 512 1024
1256 256 256
1257 128 64
1258 16 8
1259 256 1024
1260 32 16
1261 64 4
1262 16 128
1263 256 1024
1264 32 128
1265 4 16
1266 4 16
1267 8 64
1268 2048 2048
1269 2048 1024
1270 4 16
1271 4 8
1272 32 32
1273 32 4
1274 16 128
1275 4 32
1276 16 16
1277 64 16
1278 16 128
1279 512 2048
1280 2048 256
1281 8 8
1282 32 8
1283 512 2048
1284 32 4
1285 16 4
1286 32 128
1287 512 512
1288 4 8
1289 8 4
1290 32 16
1291 32 8
1292 4 32
1293 4 128
1294 1024 2048
1295 16 64
1296 32 128
1297 512 1024
1298 64 32
1299 32 16
1300 8 4
1301 32 4
1302 4 16
1303 8 128
1304 4 64
1305 512 2048
1306 4 64
1307 4 64
1308 128 8
1309 4 128
1310 256 512
1311 256 512
1312 16 8
1313 64 16
1314 8 4
1315 8 8
1316 256 2048
1317 128 64
1318 32 16
1319 128 16
1320 128 64
1321 4 4
1322 4 4
1323 4 128
1324 2048 2048
1325 32 4
1326 128 16
1327 4 64
1328 32 16
1329 32 8
1330 16 128
1331 1024 2048
1332 16 64
1333 4 8
1334 4 32
1335 1024 2048
1336 32 128
1337 16 128
1338 128 128
1339 128 8
1340 32 8
1341 64 8
1342 64 64
1343 64 128
1344 4 8
1345 1024 1024
1346 64 16
1347 16 128
1348 256 256
1349 2048 512
1350 4 32
1351 256 1024
1352 64 64
1353 256 1024
1354 4 32
1355 16 64
1356 4 32
1357 2048 256
1358 8 128
1359 256 2048
1360 32 128
1361 128 128
1362 1024 256
1363 32 8
1364 16 64
1365 32 32
1366 4 4
1367 1024 1024
1368 8 64
1369 256 512
1370 2048 512
1371 128 4
1372 64 16
1373 4 128
1374 32 4
1375 512 512
1376 2048 2048
1377 16 4
1378 64 4
1379 1024 1024
1380 4 64
1381 8 32
1382 128 32
1383 16 32
1384 16 64
1385 64 16
1386 2048 2048
1387 4 16
1388 128 128
1389 64 128
1390 64 64
1391 4 16
1392 16 16
1393 4 4
1394 128 4
1395 32 4
1396 128 64
1397 32 32
1398 1024 1024
1399 8 4
1400 128 128
1401 256 2048
1402 4 32
1403 128 8
1404 16 8
1405 256 2048
1406 128 8
1407 128 4
1408 8 128
1409 64 8
1410 32 64
1411 64 128
1412 4 64
1413 32 8
1414 512 512
1415 4 8
1416 512 256
1417 16 64
1418 512 1024
1419 8 4
1420 2048 2048
1421 8 64
1422 64 128
1423 128 64
1424 16 16
1425 8 4
1426 512 2048
1427 256 256
1428 1024 256
1429 64 16
1430 512 2048
1431 1024 1024
1432 2048 512
1433 16 4
1434 128 16
1435 512 512
1436 128 64
1437 128 64
1438 256 2048
1439 4 16
1440 16 32
1441 4 8
1442 256 1024
1443 4 128
1444 1024 512
1445 64 128
1446 512 256
1447 32 8
1448 256 256
1449 2048 1024
1450 256 1024
1451 2048 256
1452 128 4
1453 64 4
1454 8 128
1455 4 16
1456 512 2048
1457 2048 1024
1458 64 64
1459 256 1024
1460 8 4
1461 32 16
1462 512 1024
1463 1024 512
1464 16 64
1465 64 16
1466 32 8
1467 128 4
1468 512 512
1469 1024 2048
1470 128 4
1471 32 8
1472 2048 1024
1473 4 64
1474 4 32
1475 16 32
1476 512 256
1477 64 32
1478 512 256
1479 2048 2048
1480 512 1024
1481 32 128
1482 4 16
1483 32 32
1484 128 32
1485 64 32
1486 512 512
1487 2048 1024
1488 512 512
1489 128 128
1490 16 128
1491 256 512
1492 32 32
1493 32 32
1494 64 128
1495 128 8
1496 16 8
1497 64 4
1498 16 64
1499 8 8
1500 128 16
1501 64 8
1502 4 8
1503 8 128
1504 16 4
1505 128 4
1506 4 8
1507 16 4
1508 512 512
1509 8 128
1510 512 2048
1511 256 1024
1512 8 16
1513 256 1024
1514 4 8
1515 32 64
1516 4 4
1517 16 64
1518 128 32
1519 256 1024
1520 512 1024
1521 64 32
1522 4 4
1523 16 16
1524 4 128
1525 16 32
1526 512 1024
1527 4 16
1528 64 4
1529 512 512
1530 32 16
1531 2048 512
1532 64 64
1533 16 16
1534 4 4
1535 64 4
1536 32 4
1537 8 4
1538 16 64
1539 64 16
1540 1024 2048
1541 16 16
1542 32 8
1543 2048 2048
1544 2048 256
1545 32 32
1546 16 4
1547 4 4
1548 8 64
1549 64 32
1550 1024 512
1551 2048 512
1552 8 128
1553 4 32
1554 128 128
1555 64 32
1556 1024 1024
1557 8 32
1558 8 8
1559 32 4
1560 8 8
1561 1024 256
1562 8 128
1563 16 8
1564 2048 2048
1565 8 32
1566 32 8
1567 32 16
1568 8 64
1569 8 16
1570 4 4
1571 256 1024
1572 1024 1024
1573 4 128
1574 1024 2048
1575 16 128
1576 32 64
1577 128 8
1578 512 1024
1579 2048 512
1580 256 256
1581 32 128
1582 2048 2048
1583 128 64
1584 8 32
1585 512 2048
1586 32 16
1587 64 32
1588 128 64
1589 512 1024
1590 512 256
1591 256 2048
1592 8 8
1593 16 128
1594 64 4
1595 256 1024
1596 8 4
1597 4 8
1598 64 4
1599 16 32
1600 32 128
1601 4 4
1602 1024 512
1603 64 4
1604 32 64
1605 128 32
1606 8 64
1607 1024 256
1608 128 8
1609 64 16
1610 512 2048
1611 4 4
1612 4 4
1613 64 4
1614 8 16
1615 128 64
1616 128 64
1617 256 256
1618 128 4
1619 128 32
1620 2048 2048
1621 256 256
1622 64 64
1623 2048 2048
1624 32 128
1625 8 8
1626 1024 1024
1627 8 128
1628 8 64
1629 4 8
1630 1024 256
1631 4 32
1632 64 128
1633 256 512
1634 16 4
1635 16 32
1636 8 32
1637 512 512
1638 4 128
1639 256 2048
1640 8 64
1641 512 256
1642 32 128
1643 128 32
1644 8 32
1645 4 64
1646 1024 2048
1647 1024 2048
1648 256 1024
1649 2048 256
1650 8 32
1651 2048 512
1652 8 8
1653 128 4
1654 4 32
1655 256 512
1656 512 512
1657 32 8
1658 256 512
1659 4 8
1660 2048 512
1661 128 4
1662 128 32
1663 32 4
1664 512 512
1665 64 4
1666 256 1024
1667 8 32
1668 64 8
1669 1024 256
1670 256 1024
1671 128 32
1672 1024 256
1673 8 8
1674 256 512
1675 2048 2048
1676 32 64
1677 512 1024
1678 8 4
1679 4 32
1680 512 1024
1681 1024 512
1682 512 256
1683 256 256
1684 2048 512
1685 1024 1024
1686 4 8
1687 512 1024
1688 8 128
1689 512 256
1690 16 64
1691 256 2048
1692 128 4
1693 4 128
1694 16 8
1695 32 4
1696 128 64
1697 64 32
1698 32 4
1699 512 512
1700 64 16
1701 16 64
1702 4 64
1703 2048 1024
1704 4 8
1705 8 4
1706 64 4
1707 64 4
1708 32 128
1709 64 4
1710 4 32
1711 64 4
1712 128 8
1713 1024 1024
1714 128 8
1715 16 128
1716 64 16
1717 4 32
1718 64 128
1719 32 4
1720 32 4
1721 2048 256
1722 4 128
1723 128 32
1724 32 8
1725 512 256
1726 256 512
1727 16 32
1728 512 2048
1729 16 32
1730 128 4
1731 8 128
1732 32 8
1733 128 16
1734 8 8
1735 2048 2048
1736 512 512
1737 4 16
1738 8 16
1739 16 32
1740 64 128
1741 32 128
1742 32 8
1743 32 32
1744 1024 1024
1745 4 8
1746 4 128
1747 16 4
1748 8 128
1749 8 8
1750 256 256
1751 128 4
1752 32 4
1753 2048 512
1754 128 16
1755 128 128
1756 128 128
1757 4 64
1758 1024 512
1759 64 16
1760 4 16
1761 16 32
1762 2048 256
1763 128 4
1764 1024 2048
1765 2048 256
1766 1024 2048
1767 8 64
1768 64 128
1769 512 2048
1770 1024 256
1771 16 4
1772 128 32
1773 64 64
1774 64 32
1775 32 32
1776 1024 1024
1777 128 64
1778 128 128
1779 1024 1024
1780 16 64
1781 128 32
1782 8 32
1783 2048 1024
1784 128 128
1785 16 64
1786 16 32
1787 1024 2048
1788 16 16
1789 32 4
1790 32 16
1791 8 128
1792 16 8
1793 32 16
1794 4 16
1795 256 2048
1796 64 64
1797 64 4
1798 1024 2048
1799 256 512
1800 32 4
1801 128 32
1802 2048 512
1803 2048 2048
1804 128 4
1805 128 128
1806 32 8
1807 32 8
1808 8 16
1809 4 32
1810 16 64
1811 4 128
1812 512 256
1813 16 8
1814 64 128
1815 1024 512
1816 32 128
1817 32 64
1818 8 32
1819 32 8
1820 16 4
1821 1024 256
1822 16 4
1823 512 512
1824 4 16
1825 512 256
1826 4 32
1827 128 8
1828 8 64
1829 1024 256
1830 16 16
1831 16 128
1832 64 64
1833 4 128
1834 64 8
1835 64 16
1836 2048 512
1837 256 512
1838 16 8
1839 4 32
1840 16 8
1841 64 4
1842 32 4
1843 2048 256
1844 2048 512
1845 32 16
1846 64 64
1847 8 32
1848 4 128
1849 2048 1024
1850 512 256
1851 256 1024
1852 4 4
1853 64 8
1854 32 32
1855 64 4
1856 1024 2048
1857 32 8
1858 512 256
1859 16 32
1860 128 128
1861 4 4
1862 128 8
1863 256 2048
1864 128 32
1865 32 64
1866 8 64
1867 32 64
1868 16 64
1869 128 16
1870 256 256
1871 256 2048
1872 1024 1024
1873 1024 512
1874 16 8
1875 128 8
1876 8 128
1877 8 8
1878 256 512
1879 32 4
1880 8 16
1881 2048 512
1882 1024 2048
1883 512 256
1884 64 128
1885 16 8
1886 16 16
1887 2048 1024
1888 64 8
1889 16 16
1890 512 256
1891 4 32
1892 16 4
1893 8 32
1894 16 4
1895 4 4
1896 16 8
1897 8 16
1898 512 1024
1899 16 8
1900 8 8
1901 4 16
1902 32 32
1903 8 64
1904 32 4
1905 256 2048
1906 32 64
1907 16 8
1908 128 32
1909 128 8
1910 8 32
1911 2048 256
1912 2048 256
1913 32 16
1914 4 8
1915 128 32
1916 64 128
1917 1024 2048
1918 32 32
1919 32 4
1920 32 4
1921 4 64
1922 2048 1024
1923 32 64
1924 32 4
1925 16 64
1926 8 16
1927 2048 2048
1928 4 128
1929 64 16
1930 64 64
1931 32 16
1932 512 2048
1933 64 8
1934 32 32
1935 1024 256
1936 16 8
1937 1024 512
1938 1024 2048
1939 32 64
1940 256 512
1941 4 8
1942 1024 1024
1943 8 8
1944 512 2048
1945 512 1024
1946 2048 1024
1947 2048 256
1948 64 8
1949 32 4
1950 8 32
1951 32 32
1952 32 4
1953 4 32
1954 256 2048
1955 8 16
1956 4 8
1957 16 16
1958 16 4
1959 16 128
1960 1024 512
1961 512 1024
1962 8 128
1963 1024 512
1964 256 1024
1965 2048 256
1966 32 8
1967 512 512
1968 2048 256
1969 64 32
1970 1024 2048
1971 4 16
1972 512 256
1973 512 1024
1974 64 32
1975 1024 1024
1976 16 4
1977 32 8
1978 128 32
1979 8 128
1980 64 32
1981 1024 2048
1982 32 64
1983 4 8
1984 32 32
1985 64 64
1986 256 2048
1987 64 64
1988 64 128
1989 512 512
1990 32 16
1991 128 32
1992 4 16
1993 4 4
1994 512 256
1995 2048 1024
1996 4 8
1997 64 16
1998 16 4
1999 8 16
2000 16 32
2001 64 32
2002 4 64
2003 128 4
2004 8 32
2005 128 8
2006 16 64
2007 64 32
2008 512 1024
2009 8 32
2010 4 128
2011 128 128
2012 4 128
2013 128 128
2014 4 128
2015 512 2048
2016 1024 1024
2017 64 64
2018 1024 512
2019 128 8
2020 4 16
2021 16 16
2022 64 32
2023 512 1024
2024 16 32
2025 1024 1024
2026 128 4
2027 64 4
2028 8 32
2029 256 512
2030 16 64
2031 128 64
2032 2048 256
2033 1024 2048
2034 128 16
2035 128 8
2036 16 16
2037 16 16
2038 32 64
2039 32 64
2040 1024 2048
2041 2048 256
2042 16 16
2043 8 16
2044 32 4
2045 1024 256
2046 16 8
2047 1024 512
2048 16 4
2049 16 8
2050 128 64
2051 16 4
2052 16 16
2053 128 64
2054 1024 512
2055 4 8
2056 512 256
2057 32 128
2058 2048 1024
2059 64 64
2060 4 8
2061 128 8
2062 16 16
2063 128 4
2064 1024 2048
2065 16 32
2066 8 8
2067 4 128
2068 128 64
2069 16 16
2070 32 16
2071 2048 1024
2072 128 8
2073 32 64
2074 128 32
2075 64 64
2076 2048 2048
2077 1024 256
2078 1024 256
2079 128 8
2080 64 4
2081 256 512
2082 512 2048
2083 2048 2048
2084 2048 2048
2085 2048 512
2086 512 2048
2087 1024 1024
2088 2048 512
2089 32 4
2090 2048 2048
2091 2048 256
2092 256 2048
2093 4 32
2094 2048 512
2095 128 32
2096 2048 256
2097 2048 2048
2098 4 128
2099 64 32
2100 512 1024
2101 2048 512
2102 8 8
2103 32 16
2104 16 8
2105 1024 256
2106 8 128
2107 1024 256
2108 32 4
2109 4 8
2110 4 16
2111 4 32
2112 1024 1024
2113 16 64
2114 256 2048
2115 512 1024
2116 2048 256
2117 1024 256
2118 8 16
2119 8 64
2120 512 256
2121 16 64
2122 32 64
2123 64 4
2124 8 16
2125 1024 2048
2126 4 128
2127 1024 256
2128 64 128
2129 128 8
2130 512 256
2131 2048 256
2132 64 64
2133 1024 2048
2134 8 64
2135 8 16
2136 4 16
2137 32 128
2138 4 32
2139 32 16
2140 64 4
2141 16 32
2142 512 256
2143 32 64
2144 8 8
2145 512 512
2146 4 64
2147 2048 256
2148 16 32
2149 64 16
2150 512 256
2151 4 16
2152 256 256
2153 64 4
2154 2048 512
2155 512 2048
2156 64 8
2157 32 16
2158 16 4
2159 32 8
2160 128 8
2161 16 4
2162 1024 256
2163 16 16
2164 16 8
2165 128 8
2166 1024 256
2167 16 8
2168 32 16
2169 128 8
2170 128 4
2171 32 8
2172 2048 2048
2173 32 16
2174 8 16
2175 64 8
2176 16 64
2177 8 8
2178 16 32
2179 8 16
2180 8 16
2181 2048 1024
2182 4 32
2183 128 16
2184 4 128
2185 512 1024
2186 32 16
2187 2048 2048
2188 512 512
2189 512 2048
2190 16 16
2191 128 64
2192 512 512
2193 128 4
2194 4 4
2195 64 64
2196 8 16
2197 512 512
2198 4 16
2199 128 4
2200 128 4
2201 2048 2048
2202 1024 256
2203 32 8
2204 4 32
2205 128 64
2206 512 512
2207 1024 1024
2208 128 8
2209 256 512
2210 64 16
2211 1024 256
2212 512 256
2213 16 4
2214 256 512
2215 4 128
2216 4 128
2217 8 8
2218 4 128
2219 8 32
2220 32 128
2221 256 1024
2222 128 8
2223 256 512
2224 4 8
2225 32 64
2226 32 4
2227 512 1024
2228 256 1024
2229 8 128
2230 16 4
2231 4 8
2232 16 16
2233 4 128
2234 2048 512
2235 256 1024
2236 256 1024
2237 64 64
2238 128 8
2239 256 1024
2240 16 8
2241 8 16
2242 2048 2048
2243 2048 1024
2244 1024 2048
2245 64 128
2246 8 32
2247 64 16
2248 128 32
2249 8 8
2250 32 8
2251 256 256
2252 32 64
2253 16 64
2254 2048 512
2255 2048 2048
2256 16 64
2257 32 8
2258 1024 1024
2259 1024 2048
2260 4 4
2261 1024 2048
2262 16 32
2263 1024 256
2264 64 4
2265 1024 1024
2266 1024 2048
2267 64 32
2268 16 16
2269 16 4
2270 128 16
2271 8 64
2272 64 32
2273 4 64
2274 8 16
2275 4 64
2276 32 4
2277 64 4
2278 512 512
2279 2048 1024
2280 64 4
2281 128 4
2282 512 1024
2283 128 8
2284 16 8
2285 512 1024
2286 4 64
2287 64 64
2288 16 64
2289 32 4
2290 16 8
2291 2048 2048
2292 8 128
2293 16 4
2294 32 32
2295 16 64
2296 32 16
2297 64 128
2298 64 128
2299 2048 2048
2300 16 128
2301 64 128
2302 128 4
2303 64 32
2304 4 4
2305 4 16
2306 64 8
2307 64 4
2308 64 8
2309 32 16
2310 64 4
2311 4 4
2312 16 16
2313 512 2048
1784 0
1116 2101
1 2148
1 560
1 1596
1699 1155
1155 1
2101 1
0 1
1368 3
2 463
163 1532
1532 2
3 2
4 202
553 370
1597 1852
370 4
1852 4
6 2197
2058 699
473 5
699 6
5 6
1288 987
1642 1936
488 7
509 733
1186 1630
7 1642
987 1642
733 1642
1630 1642
9 1843
1898 1250
223 8
1250 9
8 9
1337 1745
719 720
10 1708
10 850
1745 10
720 10
652 11
780 12
1498 381
1498 1313
1498 1563
11 1498
12 1498
1000 426
1112 292
13 330
426 13
292 13
71 14
2027 2096
1274 15
16 576
16 1662
16 1297
15 16
2096 16
14 16
136 1907
275 1645
1873 2189
1436 224
1186 1729
2189 275
1907 275
224 275
1729 275
280 1692
1337 1164
1240 17
1164 280
17 280
20 506
1364 19
1930 2310
1661 18
19 20
2310 20
18 20
1784 21
1116 465
1669 2262
1669 2090
1669 1782
1669 743
1228 1753
1753 1669
465 1669
21 1669
710 22
1186 23
24 1787
22 24
23 24
234 142
25 1870
1800 106
1672 918
142 25
918 25
106 25
27 1903
1198 26
1149 2098
2098 27
26 27
662 1443
792 28
2023 29
28 662
29 662
1540 762
924 30
2294 1698
762 2294
30 2294
360 191
32 622
32 368
32 1064
507 31
31 32
191 32
2113 1303
914 33
637 242
33 2113
242 2113
1568 889
933 525
578 199
525 578
889 578
1189 34
894 35
1048 818
34 1048
35 1048
61 36
1580 1696
37 1586
36 37
1696 37
264 62
813 1768
841 38
1768 264
38 264
914 1015
1929 39
40 478
40 2277
1015 40
39 40
41 1286
738 579
1982 1517
579 41
1517 41
141 584
1751 42
43 600
42 43
584 43
141 48
1614 44
1714 1309
44 1714
48 1714
517 45
1291 1602
47 1137
134 46
46 47
1602 47
45 47
613 888
1362 1548
141 49
1548 613
49 613
747 353
2250 518
1211 50
518 747
50 747
1838 1666
481 633
1211 51
633 1838
51 1838
1646 52
910 53
54 797
52 54
53 54
222 55
1888 1980
537 2286
598 56
56 537
1980 537
55 537
59 427
2058 57
1395 58
57 59
58 59
453 394
223 1075
985 1853
985 464
985 1023
985 2233
394 985
1075 985
169 937
884 2040
122 60
60 169
2040 169
2043 1949
61 1067
61 704
1949 61
62 61
2170 63
158 722
64 651
1931 791
1285 65
65 64
791 64
63 64
722 64
1230 66
719 2210
67 253
66 67
2210 67
1104 356
804 268
1614 925
1614 1269
937 1614
268 1614
356 1614
2091 69
879 68
1355 557
1355 1401
68 1355
69 1355
379 1132
1611 70
1132 71
70 71
431 73
880 72
1521 820
72 1521
73 1521
453 1210
640 694
74 1287
694 74
1210 74
2281 75
992 76
77 455
77 2037
75 77
76 77
80 810
2116 79
992 778
1422 78
79 80
778 80
78 80
1261 2218
1261 2159
1261 531
1694 1879
1879 1261
1337 81
1211 82
81 2170
82 2170
84 1851
473 1875
1597 83
1875 84
83 84
85 1535
914 703
1014 1267
703 85
1267 85
1231 1088
2299 86
88 1019
88 750
88 1651
688 87
87 88
1088 88
86 88
279 90
1528 89
91 2071
91 2253
91 1749
91 1944
89 91
90 91
2175 830
2250 92
878 93
92 2175
93 2175
1413 94
982 95
2258 741
741 640
94 640
95 640
606 225
2181 96
1995 97
96 606
97 606
2245 1089
99 1637
1091 98
1107 1804
1089 99
1804 99
98 99
1792 1044
1452 100
101 749
1044 101
100 101
917 1179
1969 383
1179 1969
104 116
1133 102
1107 103
102 104
103 104
1059 107
1186 105
109 612
1374 108
108 109
105 109
107 109
1901 1263
1008 325
110 1977
1263 110
325 110
674 1429
1895 1657
745 619
619 674
1657 674
1008 111
421 348
421 2139
421 1086
1014 1218
1218 421
111 421
2296 955
112 301
973 113
955 112
113 112
114 1570
236 1561
1561 114
1646 115
637 1270
115 598
1270 598
1362 118
1764 789
1764 1076
2129 117
118 1764
116 1764
117 1764
1672 1797
1031 119
120 247
120 1900
120 1169
119 120
1797 120
1606 2034
160 2124
626 121
121 122
2124 122
2034 122
1393 123
124 2303
124 430
124 2016
1113 1412
1636 1705
123 124
1412 124
1705 124
336 2230
686 125
1618 126
125 336
126 336
1209 1683
1403 492
917 127
127 1403
1683 1403
129 1987
129 1349
129 1726
129 1248
129 1332
1198 128
691 192
192 129
128 129
1583 130
131 1522
2064 132
130 131
132 131
2008 1512
1597 133
1512 134
133 134
1513 996
622 1513
1522 1513
914 135
1008 1096
136 851
135 136
1096 136
2117 239
137 183
137 1305
2283 1372
1372 137
239 137
2125 411
481 1462
1008 138
1462 2125
138 2125
1316 308
139 1277
308 139
1853 139
1244 1677
1473 1223
279 864
1223 1244
864 1244
1393 140
141 448
141 1339
141 1365
140 141
2302 287
1646 2290
1856 1038
2290 2302
1038 2302
585 414
1646 538
1014 143
538 585
143 585
899 144
145 334
144 145
147 931
1302 146
146 147
1987 147
2281 2114
2155 148
2015 895
2015 736
148 2015
2114 2015
2264 1290
1199 1886
946 2193
1288 149
1592 150
150 946
149 946
1886 946
1290 946
365 151
1090 152
919 1643
151 919
152 919
572 581
1781 154
1198 153
1958 1542
1122 155
155 572
154 572
153 572
1542 572
1437 2285
792 935
1858 395
935 1437
395 1437
250 803
156 1854
1694 231
803 156
231 156
2250 1829
1858 157
1829 158
157 158
1929 329
1597 159
329 160
159 160
201 162
2108 161
163 1877
161 163
162 163
691 164
710 165
313 1258
313 298
313 1391
313 1774
164 313
165 313
1196 314
1000 166
828 167
166 1196
167 1196
170 854
1901 168
719 2053
168 170
2053 170
710 171
1186 2232
628 2204
628 1815
171 628
2232 628
1985 1565
1757 172
924 173
172 1985
173 1985
1725 174
480 175
705 2306
174 705
175 705
1005 1947
1005 607
1005 1226
1128 340
1699 858
340 1005
858 1005
2251 2266
1133 1306
1133 1141
1133 615
1133 734
1784 176
827 243
176 1133
243 1133
2266 1133
2248 1959
725 177
1802 1935
2295 1255
1255 1802
177 1802
1959 1802
1922 235
1922 1788
1922 1629
1922 2177
1149 454
454 1922
228 2069
2174 178
178 228
706 180
277 1319
960 2041
476 179
180 277
179 277
2041 277
998 181
1203 1703
182 636
181 182
1703 182
1611 184
343 1837
183 343
184 343
187 1074
792 185
591 186
185 187
186 187
1119 1523
1337 188
910 318
188 1119
318 1119
841 189
461 190
880 1279
880 1785
2303 880
189 880
190 880
1616 193
1509 530
1149 1574
193 1509
1574 1509
1258 1509
217 1114
481 563
2087 194
563 217
194 217
1757 195
1557 1066
1957 1330
597 196
196 1957
195 1957
1066 1957
210 197
691 198
1544 1950
199 1544
197 1544
198 1544
828 200
473 805
805 652
200 652
1783 2300
201 601
2173 296
2256 320
296 201
2300 201
320 201
1677 201
204 311
1061 203
203 204
202 204
253 204
1186 205
1153 206
686 351
686 779
686 2240
686 1760
686 521
686 582
686 1795
686 800
205 686
206 686
859 2212
637 1981
207 1499
2212 207
1981 207
877 1275
916 208
1279 877
208 877
730 503
1597 209
210 303
210 347
210 1562
503 210
209 210
212 2142
859 1884
564 211
1884 212
211 212
278 1056
1741 213
780 751
213 278
751 278
216 1978
1488 214
1107 215
214 216
215 216
1057 219
220 587
1189 218
218 220
219 220
1219 221
1474 588
1106 1659
1645 222
221 222
1659 222
588 222
223 2048
223 1346
873 1769
1769 223
227 1807
227 1604
227 1590
2211 226
226 227
2262 227
225 227
233 1647
1488 232
992 229
1422 230
232 233
229 233
230 233
2067 388
234 241
234 1680
234 1154
388 234
1019 234
1220 593
236 959
235 236
593 236
1534 237
2288 1942
576 2288
237 2288
913 238
1603 1514
240 1640
240 701
240 782
1125 460
460 240
1514 240
238 240
402 244
246 1530
1800 245
247 246
245 246
241 246
244 246
1810 249
1822 248
250 1910
248 250
249 250
1646 251
1307 515
1971 951
251 1971
515 1971
988 252
1149 1373
1611 1071
1611 1835
1611 1582
252 1611
1373 1611
1186 254
1982 748
254 725
748 725
256 1564
914 255
910 1689
255 256
1689 256
1368 257
1448 2234
1844 258
257 1448
258 1448
260 439
260 1996
260 685
260 845
260 1142
260 1335
719 259
259 260
481 344
564 1832
344 1781
1832 1781
2147 897
2304 1272
1302 1821
897 2304
1821 2304
553 262
2058 261
263 1691
261 263
262 263
431 265
1174 376
1785 1174
265 1174
266 1531
497 1472
1149 1550
1550 266
1472 266
775 1664
1646 1268
1858 267
1268 775
267 775
1525 629
481 269
1014 270
269 1525
270 1525
1008 271
1186 272
273 974
271 273
272 273
1280 1577
884 274
1239 2006
2006 1280
274 1280
726 855
1395 276
969 2221
2221 726
276 726
317 2099
279 1573
1296 1082
1082 279
2099 279
1429 279
2281 1176
623 281
282 1336
282 2161
1176 282
281 282
844 2194
317 1842
1609 283
1842 844
283 844
1198 284
2206 764
286 1466
811 285
287 286
285 286
284 286
764 286
1598 1424
906 1017
1426 288
1424 906
288 906
290 1233
1182 289
910 485
289 290
485 290
291 300
291 1384
291 2042
291 1866
291 1771
291 1178
291 1710
291 1184
625 549
549 291
293 1390
1792 794
1395 400
794 293
400 293
490 294
295 1588
829 1024
510 534
534 295
1024 295
294 295
300 295
297 744
1128 1162
874 1555
1555 297
1162 297
625 2178
625 1613
1580 299
298 625
299 625
302 1599
1930 840
301 302
840 302
338 305
1994 1808
2003 304
305 1994
303 1994
304 1994
1738 306
2063 2172
1001 307
307 2063
306 2063
1349 2063
310 432
522 309
894 875
309 310
875 310
884 312
311 1125
312 1125
936 315
317 862
867 316
316 317
314 317
315 317
792 319
564 321
319 1199
321 1199
323 713
1230 1559
1008 322
1559 323
322 323
992 2029
2029 623
327 1558
481 324
878 326
324 327
326 327
1789 328
2119 1325
2215 971
971 2119
353 2119
328 2119
1466 2119
711 331
333 2276
333 1644
333 630
1989 332
332 333
330 333
331 333
947 335
337 2227
334 337
335 337
377 339
463 338
339 338
2058 374
2058 2002
2250 1251
1251 2058
1988 2122
792 341
2087 1389
341 1988
1389 1988
1549 444
916 342
345 380
345 1809
345 592
345 1610
444 345
342 345
1112 346
526 2049
348 526
346 526
347 526
780 2143
885 887
505 1739
2143 505
887 505
836 1127
859 349
591 350
349 836
350 836
354 1323
1452 352
351 354
352 354
2217 357
1654 355
358 418
355 358
357 358
1476 589
2176 359
360 1553
360 1496
359 360
589 360
1552 1880
374 1552
439 1552
1073 362
2196 964
1173 361
1020 2297
1124 1103
362 2196
361 2196
2297 2196
1103 2196
2296 363
379 364
363 365
364 365
1952 366
367 1589
1587 1545
1520 2030
2030 367
1545 367
366 367
581 367
529 369
1027 2229
368 1027
369 1027
372 1730
1128 371
445 1667
1667 372
371 372
738 731
1126 1633
731 1285
1633 1285
1612 413
1612 1816
1198 373
710 1111
1111 1612
373 1612
916 375
820 377
375 377
376 377
379 423
379 2239
390 378
378 379
380 379
2158 1867
382 912
885 1475
1475 382
1867 382
381 382
1209 384
614 904
383 614
384 614
386 1617
1646 574
878 385
574 386
385 386
1898 389
1203 387
387 390
389 390
894 2109
391 1878
1097 1308
1308 391
2109 391
1350 397
396 847
921 1894
1892 392
1186 393
397 396
1894 396
392 396
393 396
399 1956
481 1607
2076 398
1607 399
398 399
436 401
402 1050
402 1407
1978 402
2276 402
401 402
1995 403
404 2151
779 404
403 404
1485 1352
1128 406
2219 405
405 1485
406 1485
409 1839
1047 408
519 407
1813 410
410 409
408 409
407 409
1384 409
2264 412
2228 469
414 2228
413 2228
411 2228
412 2228
1895 416
2084 415
417 1890
415 417
416 417
453 419
420 1912
418 420
419 420
899 541
1583 2138
422 2024
2064 1733
1733 422
541 422
2138 422
1090 424
1342 1885
423 1342
424 1342
1460 681
481 425
910 516
425 1460
516 1460
1033 429
1225 1055
667 428
429 1225
427 1225
428 1225
907 635
431 817
430 431
635 431
1721 976
434 1417
1479 433
433 434
976 434
432 434
1895 608
1488 435
435 436
608 436
440 1464
914 437
1126 438
437 440
438 440
1192 442
2254 441
1439 443
443 445
441 445
442 445
447 2110
1862 1039
1929 446
1039 447
446 447
449 2260
1231 486
486 449
448 449
1214 1093
1206 450
1395 451
450 1214
451 1214
730 452
958 1736
453 1826
453 2184
453 1351
453 2055
453 984
453 2007
453 1409
1736 453
452 453
716 456
859 1123
859 498
859 500
859 2213
859 1737
859 1762
859 771
859 2168
859 756
859 977
859 1331
859 1367
859 1381
455 859
456 859
458 617
1982 457
1123 458
457 458
1757 459
461 669
459 461
1395 2065
1929 462
462 1395
466 1191
1375 1320
1320 466
464 466
1182 834
1597 1798
1230 599
1230 1855
1230 1791
1230 1620
1230 1131
1230 1440
834 1230
1798 1230
828 489
910 467
467 828
683 1716
2083 468
469 1413
1880 1413
1716 1413
468 1413
471 575
2250 470
780 1746
470 471
1746 471
473 2167
473 1718
473 1145
1792 472
472 473
1728 474
1377 475
474 476
475 476
1360 812
479 494
953 477
1186 646
812 479
478 479
477 479
646 479
480 1999
480 1060
1008 550
550 480
1041 1685
481 2107
481 2031
481 708
481 776
481 1183
481 1740
481 1222
481 1252
2037 481
1685 481
484 668
1000 482
1968 483
482 484
483 484
738 1431
1929 487
488 1681
1431 488
487 488
1206 1463
1463 490
489 490
1182 491
1929 512
856 842
491 856
512 856
1343 2179
813 493
492 1343
493 1343
1399 2200
869 1054
494 869
617 869
2200 869
1057 495
1240 807
496 1497
807 496
495 496
497 1581
497 1353
497 1748
497 2046
497 872
497 528
1597 1679
1679 497
780 1215
499 1190
498 499
1215 499
501 2163
1126 2038
500 501
2038 501
555 504
1446 502
507 1665
507 1392
506 507
502 507
504 507
792 508
878 1242
508 509
1242 509
1793 2092
669 510
2092 510
513 1444
522 511
1995 545
511 513
545 513
1293 2312
2307 2313
1253 580
931 1253
2313 1253
2312 1253
2311 1656
945 2183
2183 2311
1826 2311
1551 1224
2064 1770
2309 1660
1665 2309
1770 2309
1224 2309
1293 1904
1063 796
2306 1375
1904 1375
796 1375
1895 2301
562 838
838 2299
2301 2299
2296 2243
2010 2293
1854 2296
2293 2296
1292 1831
2250 2021
637 882
2021 1292
882 1292
2289 1953
1646 2292
2087 702
2292 2289
702 2289
2287 986
1240 533
533 2287
1996 2287
2089 2182
2284 833
1847 2223
1681 2284
2182 2284
2285 2284
2223 2284
915 2282
2282 2281
1792 753
969 1723
910 1686
1686 969
753 969
1873 1030
1491 2278
1030 1374
2277 1374
2278 1374
2142 1374
1041 2274
1264 2275
792 1967
792 1811
792 1202
792 1026
792 1914
792 2022
792 1138
792 1171
792 1322
792 1077
2275 792
2274 792
2271 1653
1293 2272
1616 2133
2133 2271
2272 2271
2269 2014
916 896
896 2269
1337 2265
1929 965
2265 2264
965 2264
2044 1151
738 2263
780 2261
2263 2044
2261 2044
2260 1694
1680 1694
2257 1554
1646 1503
2076 2259
1503 2257
2259 2257
1648 1840
1775 2025
2256 680
1801 1649
1649 2256
1840 2256
2025 2256
2100 2255
2086 1515
1323 2251
1515 2251
2255 2251
522 675
1097 1712
675 2248
1712 2248
2245 2123
2245 1095
2245 1812
562 2246
2246 2245
2242 1601
2243 2242
1071 2242
1163 2235
1206 2241
1968 1824
2241 1163
1824 1163
2111 2141
885 795
795 2111
548 540
894 2238
2240 548
2238 548
1930 2081
1405 2236
1420 2066
1742 2080
2080 1420
2081 1420
2236 1420
1742 1836
1275 1742
2234 1742
1493 1068
610 2231
1541 2060
2230 1541
2231 1541
1068 1541
1408 1197
1347 1380
2227 1347
2229 1347
1197 1347
1186 1483
637 2226
1483 1721
2226 1721
1929 2224
1186 2222
2224 610
2222 610
1898 2220
2010 1217
1809 2010
2220 2010
1898 1150
998 1615
2218 998
1150 998
1937 893
1468 666
1058 2009
2009 2217
666 2217
893 2217
1337 2216
564 657
2216 2215
657 2215
1128 2214
2060 2211
2214 2211
2208 539
2213 2208
1757 2209
1698 2043
2209 2043
2003 2207
1697 944
2149 1445
767 1175
1175 2149
2207 2149
944 2149
1919 2205
1895 1765
1676 2094
2205 1676
1765 1676
2201 2077
1511 2202
951 2201
2202 2201
2204 2201
1127 2201
1182 2199
1240 1951
2199 1061
1951 1061
2181 2180
2181 1036
2181 1652
1128 1864
1228 2198
1864 2181
2198 2181
2191 715
863 2195
2193 2191
2197 2191
2195 2191
2074 632
992 740
1422 2188
1306 2074
740 2074
2188 2074
1307 1299
1737 2206
1299 2206
1945 949
1741 1289
1741 1504
1741 1411
949 1741
1531 1741
1567 2013
1609 1772
2013 1609
1383 928
2187 1438
2180 2187
928 2187
2050 1451
1646 642
780 1881
642 2050
1881 2050
942 2186
2186 1047
2184 1047
2179 2176
2178 2176
1567 570
1974 1415
536 1841
1415 536
570 536
878 2132
1762 1219
2132 1219
1895 2131
1895 1972
1895 1921
1895 692
881 1152
1152 1895
2174 1283
2082 784
1530 2174
1870 2174
789 2174
784 2174
1195 1600
2172 1316
1653 1316
1600 1316
2280 2171
1672 2237
1833 1010
1010 1672
1640 1672
2171 1672
1862 923
994 2169
2169 1862
2167 1862
910 1687
1383 2165
2162 1709
1687 2162
2165 2162
992 2160
1597 2157
2155 1069
2160 2155
2157 2155
914 2154
564 1761
2154 1931
1761 1931
1186 1461
878 2153
2150 718
1461 2150
2153 2150
1943 2146
1488 1889
1488 673
1469 761
761 1488
2148 1488
2146 1488
1425 654
1549 837
1549 1494
1406 2145
2145 1549
654 1549
1000 1940
2144 1758
1940 2144
1718 2144
719 1706
1186 2126
2045 1259
1706 2045
2126 2045
787 1955
1221 2140
1505 2068
847 787
2140 787
2068 787
830 787
1185 1321
1597 670
2139 1185
670 1185
1849 2137
842 1239
1851 1239
2137 1239
719 2135
1097 1234
870 1099
2135 870
1234 870
1141 2129
2131 2129
930 2273
992 1387
1422 2128
2123 930
2128 930
1387 930
1592 1964
620 1546
1186 1100
1964 620
2122 620
1535 620
1100 620
1186 2121
1240 2118
2121 2086
2118 2086
809 650
814 2112
650 2117
2112 2117
917 1046
907 1778
1046 2108
1778 2108
2104 663
1792 2105
2107 2104
2105 2104
522 1566
1926 2103
1566 2100
2103 2100
914 2061
1982 2097
2061 921
2097 921
691 1857
1186 1948
1728 1727
1728 1160
1857 1728
1948 1728
2095 649
1157 1893
1893 2095
2091 1338
2091 843
547 961
961 2091
925 2091
2094 2091
1624 2088
2084 1102
2084 1402
1352 2084
2090 2084
2088 2084
1800 1510
1510 2082
750 2082
514 665
1869 2078
1945 1905
665 1945
2078 1945
2102 1818
2077 2258
1818 2258
651 2258
1128 1326
2075 2249
1417 2075
1326 2075
1473 1594
2190 2072
2071 1783
2072 1783
1594 1783
2070 952
1929 1571
599 2070
1571 2070
1507 1414
822 1634
2064 1916
2064 1187
2066 2064
1634 2064
1414 2064
1793 1547
1206 1702
1351 1206
1547 1206
1925 2062
1519 1205
2062 1661
1205 1661
1799 2057
1751 1002
1751 1235
1577 1751
1758 1751
2057 1751
664 2252
1702 664
1145 664
2054 1072
1065 2056
2056 2054
2055 2054
1113 2052
907 1166
1883 2247
1166 1883
2052 1883
2116 1861
1107 2051
1861 1833
2051 1833
2047 1711
2159 2047
2048 2047
2039 568
1404 2036
2036 2039
1191 2039
1711 2039
2042 2039
558 1993
1646 2033
2023 2032
2033 558
2032 558
1688 1371
2017 2028
1707 902
1617 1707
2028 1707
1371 1707
2018 689
1579 2020
2035 2026
2020 2018
2026 2018
2024 2018
813 1484
813 1108
2016 813
2014 813
1220 2012
1149 2011
730 1790
2012 730
2011 730
2008 1913
1357 2073
2073 2008
685 2008
745 2185
2005 1018
992 1117
1422 1344
2185 2005
1117 2005
1344 2005
1198 2004
1767 603
2004 1767
1581 1767
1220 1584
2003 1295
1584 2003
1788 2003
1144 2001
2000 1204
612 2000
2001 2000
1998 1979
1000 1871
1871 1998
1999 1998
724 1997
1800 1029
1800 970
1076 1800
1997 1800
1004 962
1993 1004
1114 1004
964 1004
884 1990
1148 1992
1992 1989
1990 1989
1128 1986
929 769
769 1469
1986 1469
884 1887
1378 1984
1983 1167
1984 1983
1887 1983
1231 641
1070 1976
1976 1231
1979 1231
1977 1231
1648 1975
1975 1974
1393 1973
2190 1087
1087 924
1973 924
1968 857
780 1970
1970 1968
1965 2120
1034 1966
1967 1965
1966 1965
1961 1143
1646 1963
564 1962
1963 1961
1962 1961
1858 1960
771 1958
1960 1958
672 678
1953 672
1956 672
1955 672
1597 679
1972 958
679 958
1245 1490
995 1236
1560 1533
1490 995
1533 995
1950 995
1057 1946
1947 1943
1946 1943
1941 1193
1941 1747
1942 1941
1017 1941
901 1939
1936 1937
1499 1937
1939 1937
1691 1937
1128 1500
1932 1028
1935 1932
1500 1932
1934 755
1856 1110
2168 1934
1110 1934
1930 799
1930 605
1930 793
1391 1930
981 1928
1928 1364
1639 819
1925 1194
1925 1915
1925 639
559 1037
1037 1925
819 1925
2116 1759
1759 2280
1921 2280
1917 2166
1182 1920
1792 1918
1920 1917
1918 1917
1240 2203
1616 1735
1913 1616
2203 1616
760 1201
1217 760
1910 760
1008 786
894 661
1671 2192
786 1671
661 1671
814 1909
1909 1813
1346 1813
1393 1906
917 1447
1283 917
1906 917
1901 972
1901 1134
1905 1901
1903 1901
1898 1823
783 1366
1900 1898
1366 1898
1597 697
765 1780
1723 765
697 765
1982 1891
2031 1888
1891 1888
973 1882
1882 1274
799 1274
1885 1274
1878 1302
587 1302
1810 535
1393 1556
2237 1810
1556 1810
1271 1876
1519 2308
1519 1470
1877 1519
1876 1519
729 1188
1724 1874
1874 729
984 729
810 1031
701 1031
738 1938
719 868
1938 1873
868 1873
1000 1172
1172 1869
1929 1756
1792 1806
1868 1428
1756 1868
1806 1868
742 1715
1715 822
1287 822
1866 822
2235 822
2190 1860
1376 1465
1859 1744
1859 594
1859 690
1465 1859
1860 1859
780 1622
1855 1849
1622 1849
1211 1848
756 1847
1848 1847
1597 552
1240 1386
1846 660
552 1846
1386 1846
1473 1298
1844 739
1298 1844
1841 1844
806 1732
1426 768
1426 1276
1732 1426
1839 1426
1837 1426
1836 1507
1835 1507
1213 781
1828 1421
1845 1786
1246 1834
781 1828
1786 1828
1834 1828
1831 1828
885 1003
710 1120
1282 1752
1003 1282
1120 1282
1419 1827
1825 1538
543 1042
1693 1638
1827 1825
1638 1825
1042 1825
1203 1518
1823 1822
1518 1822
910 1820
1791 1606
1820 1606
2019 527
1774 2019
1313 2019
780 1819
1815 982
1819 982
1816 982
1146 1814
540 929
718 929
1814 929
2076 823
1811 1436
823 1436
595 1207
1808 595
1445 595
2049 595
1107 1803
1807 1801
1803 1801
1792 1682
1289 1799
1682 1799
1186 1796
1220 1794
1793 1053
1793 975
1793 1012
1793 1779
1796 1793
1794 1793
1784 717
1790 1784
1787 1784
802 997
1777 1084
997 1777
2166 1777
1780 1777
1337 524
1982 1776
524 1246
1776 1246
1157 1524
1393 1650
1393 938
1393 1450
1772 1393
1524 1393
773 1400
522 1766
1383 1763
1766 773
1763 773
2194 1757
2253 1757
1149 1085
1752 1228
1085 1228
1473 2079
2079 2173
1744 2173
1749 2173
1338 2173
910 643
1735 1738
643 1738
1739 1738
1428 1738
1926 1734
1760 2295
1734 2295
772 1731
1919 544
1919 1170
1730 1919
1782 1919
1731 1919
1725 757
1725 1908
1725 1109
1727 1725
1726 1725
1717 1418
2250 1722
910 1720
1722 1717
1720 1717
653 1713
2147 1237
967 1954
1713 2147
1954 2147
1850 1805
979 1704
1704 1568
1709 1568
749 1568
1805 1568
1625 1701
710 1529
1701 1699
1529 1699
914 1312
780 1695
1312 1693
1695 1693
1186 759
1014 1896
759 2254
1896 2254
890 1690
1328 1356
1546 1688
1690 1688
1692 1688
1356 1688
1209 1130
1260 860
1260 1011
1130 1260
2087 1684
977 1845
1684 1845
1673 801
914 1678
1240 1674
1678 1673
1674 1673
1452 1670
1036 1624
1670 1624
1646 1575
1211 1668
1575 1122
1668 1122
554 520
1664 1654
1666 1654
1538 1654
520 1654
1129 926
1107 1663
1663 1129
1579 1254
1660 1579
768 1579
1662 1579
1658 1329
992 1121
1422 561
1604 1658
1121 1658
561 1658
1655 1537
865 1487
1032 1863
1863 1655
1487 1655
1656 1655
1771 1655
1237 1001
2141 1001
1432 1924
1422 727
727 1432
1361 634
1651 1361
1650 1361
939 1773
1647 939
1644 939
1281 1527
899 1022
1583 1641
1641 1281
1022 1281
1557 1933
597 1865
1865 1639
1933 1639
932 1719
1719 1636
1637 1636
2250 1632
1126 1434
1632 1587
1434 1587
885 1628
1625 826
1629 1625
1628 1625
1198 1623
2298 1621
2059 1410
1410 554
1621 554
1623 554
755 554
1792 1619
1620 517
1619 517
1615 2283
592 2283
1817 1539
523 647
647 1817
1613 1817
1610 1817
1591 1492
981 1605
1605 1591
1067 1591
884 2152
763 1471
1471 1070
2152 1070
1000 1311
553 687
1311 1603
687 1603
1598 1543
1598 1897
1599 1598
568 1598
1601 1598
738 1595
1008 1593
1595 1592
1593 1592
2156 2244
1202 2102
2244 2102
1646 693
1982 567
693 1058
567 1058
1590 1775
692 1775
1589 1724
2286 1724
1743 1585
1583 2085
1583 1266
1585 1583
1588 1583
1586 1583
1580 774
1582 1580
1557 1578
1991 1467
1578 1991
1572 586
1567 1449
1573 1572
1449 1572
2035 876
1353 1567
876 1567
1570 1567
1360 990
1480 1181
990 1952
1564 1952
1181 1952
1563 1560
1562 1560
1554 1144
1558 1144
1421 1144
1902 1458
1458 1405
2308 1405
1534 1502
1543 1551
1502 1551
2085 1551
1553 1551
1534 1315
1539 1534
1537 1534
1492 1743
605 1743
884 848
848 514
1029 814
888 814
1929 1294
1926 573
1294 1850
573 1850
637 1369
708 2017
1369 2017
580 519
1023 519
1186 832
522 758
522 920
522 950
521 522
832 522
916 1327
837 523
1327 523
1177 966
1016 1576
966 1016
527 1016
530 1016
1041 1035
821 989
821 1317
821 1363
895 821
1035 821
940 616
531 940
535 940
1112 542
539 2083
542 2083
1675 732
884 1080
1137 1675
1080 1675
1307 1021
1026 543
1021 543
1107 546
544 547
546 547
553 883
553 1626
1014 551
551 553
1008 825
1014 1754
1357 1478
825 1357
1754 1357
1209 839
1309 1209
557 1209
1484 559
860 559
948 590
2116 618
2116 671
2249 2116
560 2116
590 2116
1508 565
1186 676
565 1213
1443 1213
801 1213
676 1213
1334 571
698 566
777 569
571 1059
1418 1059
566 1059
569 1059
1388 682
1982 2164
1914 1388
2164 1388
2076 1318
1331 890
1318 890
1097 583
582 1479
583 1479
738 1013
1792 1156
1013 1360
1156 1360
737 1441
564 1238
1131 737
1238 737
1189 1009
758 1146
1009 1146
1182 2136
719 1314
2136 626
1314 626
1557 1243
1557 963
600 1557
594 1557
914 991
1792 957
2089 2106
991 2089
957 2089
1337 954
1126 596
954 2059
596 2059
745 1370
1107 602
1370 1296
602 1296
1220 1442
604 1456
603 604
1442 604
894 611
891 927
607 891
611 891
1889 1091
615 1091
618 1091
630 1406
1339 1406
780 898
1995 2225
898 979
2225 979
707 577
992 621
1422 624
1102 707
621 707
624 707
1872 677
1755 1049
1049 1399
629 1399
1708 1399
677 1399
1354 1569
1569 1446
1912 1446
1178 1446
2252 1446
2250 1324
1008 631
1324 1872
631 1872
636 809
634 809
616 809
1362 1098
632 724
1098 724
637 1433
2022 953
1433 953
1646 1453
1240 1398
1453 1755
1398 1755
2273 2067
641 2067
738 770
1240 644
770 1350
644 1350
899 798
645 1241
1916 645
798 645
1182 659
1182 1501
1182 1489
1198 648
1597 609
609 1182
648 1182
1425 1094
1773 1425
1050 1425
2093 922
1051 1301
1795 2093
1301 2093
2279 1359
1107 655
1402 2279
655 2279
1383 656
1995 532
532 653
656 653
723 658
1099 933
2192 933
658 933
1497 933
1198 1136
797 667
663 667
1136 667
1190 667
1648 1345
1167 1648
668 1648
1056 1648
1427 788
673 932
734 932
671 932
788 932
912 706
1248 706
1249 1262
1473 1165
1262 1473
680 1473
1419 2115
2115 683
2106 683
682 683
1095 688
926 688
691 1911
1295 691
1748 691
2250 695
2076 900
695 1124
900 1124
696 790
843 696
938 696
1646 934
1126 861
934 698
861 698
831 700
1321 763
700 763
952 763
597 892
892 1540
1243 1540
704 1902
1194 1902
1240 709
972 711
709 711
1926 712
1452 815
815 967
712 967
1927 1265
1265 1148
660 1148
713 1148
715 1065
678 1065
1041 905
716 1079
716 909
716 1158
905 716
717 1128
1597 1180
1107 871
915 1430
871 915
1180 915
1189 721
1014 1227
1227 723
721 723
989 1106
883 1106
1397 728
732 1362
728 1362
854 1362
943 1358
1097 735
735 943
738 1310
738 1216
736 738
1079 738
739 742
1053 742
744 745
743 745
1438 745
746 911
996 746
1193 746
1457 1007
903 1078
1523 1457
575 1457
1143 1457
1078 1457
1597 752
754 2291
923 754
752 754
914 1135
719 1382
1135 1288
1382 1288
1051 1208
920 1493
1208 1493
1112 766
757 960
766 960
1792 849
780 1101
849 767
1101 767
910 2267
2270 785
780 941
2267 2270
941 2270
1220 714
885 1200
714 988
1200 988
2046 988
2035 1092
649 899
1092 899
1915 555
774 555
907 1278
1944 907
1165 907
690 907
1401 907
780 1247
776 777
1247 777
782 783
1365 783
2158 1750
785 2158
1390 2158
904 597
790 597
1305 806
793 806
1643 806
1858 808
1183 811
808 811
1284 1256
816 1212
1256 816
1750 816
916 1423
817 1271
1423 1271
1359 2190
1002 2190
1890 2190
1014 1147
1508 852
1310 1508
1147 1508
1116 824
1097 1486
826 827
1486 827
824 827
2268 2134
2134 829
2007 829
1014 1830
659 831
1830 831
1186 866
835 980
833 835
866 835
1007 835
963 841
839 841
1908 2307
845 2307
1416 1040
852 1033
851 1033
1040 1033
850 1033
855 1697
857 1697
1018 1528
862 1528
1126 1115
1138 1416
1115 1416
1467 1354
975 1354
1264 908
1430 1264
1069 1264
1337 978
780 1526
978 1520
1526 1520
1337 1516
637 1506
1516 1505
1506 1505
1160 1293
1008 1495
1501 1291
1495 1291
1211 886
1171 1491
886 1491
922 874
1259 874
1444 874
1982 1083
1489 1927
1083 1927
853 1025
1482 1300
1025 1482
601 1482
910 1536
780 1481
1536 994
1481 994
1856 2130
1322 1480
2130 1480
1112 1477
1240 1062
1062 1112
1240 993
1740 1468
993 1468
1377 1635
1478 1377
1142 1377
2002 1474
1477 1474
639 981
1470 981
2069 853
1278 853
1074 1789
1464 1789
1151 1789
1325 2268
1054 2268
1348 1899
1899 1476
1188 1476
1710 1476
1093 1476
1329 1249
1345 1249
1597 1459
1041 1341
1924 1041
1459 1041
884 1045
1456 884
2177 884
1455 1627
1747 1455
1380 1455
1198 1454
1451 863
681 863
1454 863
2163 863
1126 1304
1440 802
1304 802
1407 1203
1450 1203
1317 901
1060 901
2291 1378
1233 1378
1441 1378
910 1435
1504 936
1435 936
1926 1273
1652 772
1273 772
1107 1923
1812 1427
1923 1427
1856 1006
1222 1511
1006 1511
910 968
1216 1419
968 1419
1929 846
1411 1104
846 1104
1090 1159
2239 973
1159 973
1204 1404
1409 1404
1186 1229
2120 1073
1303 1073
1286 1073
1229 1073
2250 1139
2250 1118
1336 2250
1341 2250
1014 999
1134 913
999 913
1000 1081
1081 804
2065 804
956 1257
992 1396
1422 627
1170 956
1396 956
627 956
1186 1394
1394 1198
873 1385
1494 1032
1385 1032
1090 1379
1149 1140
1379 1177
1140 1177
564 638
1139 2298
638 2298
1565 1368
586 1368
1330 1368
1631 1608
1367 1173
1608 1173
1337 2127
1337 1043
1363 1337
1911 1245
818 1245
1358 1245
1011 1348
1012 1348
1000 1340
1340 1397
1335 1397
529 556
556 1408
1064 1408
1084 867
1045 867
1055 945
962 945
1284 1333
986 1284
1086 1284
1527 529
1241 529
1779 873
872 873
1257 879
1269 879
2023 1105
1381 1221
1105 1221
1843 2027
1277 2027
1072 2027
1184 2027
1126 1168
1252 903
1168 903
908 914
909 914
1982 1700
1118 1328
1700 1328
1447 1090
1108 1090
1189 2305
1226 948
2305 948
1383 1052
800 1439
1052 1439
1028 562
1596 562
927 562
2161 1646
1158 1646
1631 1232
1077 1892
1232 1892
577 1376
1235 1376
1169 1113
1094 1113
1154 1113
970 1113
1452 684
950 1192
684 1192
878 983
2127 1020
983 1020
1109 1195
1626 1195
1792 1161
1043 1334
1161 1334
959 1000
528 1000
2151 2219
974 2219
1400 2219
980 942
902 942
1333 1063
1332 1063
1319 865
2233 865
