483 619
0 512 512
1 32 4
2 8 32
3 32 32
4 128 8
5 256 2048
6 128 128
7 128 8
8 8 16
9 16 8
10 16 4
11 32 128
12 64 32
13 32 8
14 16 64
15 32 32
16 2048 1024
17 32 128
18 32 8
19 32 16
20 256 512
21 2048 1024
22 32 32
23 16 16
24 16 128
25 8 4
26 64 8
27 1024 512
28 256 2048
29 512 1024
30 2048 1024
31 1024 256
32 16 32
33 8 64
34 64 32
35 64 4
36 128 32
37 64 8
38 128 128
39 1024 2048
40 64 4
41 16 128
42 16 64
43 2048 256
44 8 32
45 128 4
46 4 64
47 256 256
48 1024 1024
49 512 512
50 16 32
51 1024 512
52 128 128
53 32 128
54 2048 256
55 8 64
56 64 4
57 256 2048
58 128 64
59 128 32
60 16 64
61 2048 1024
62 512 512
63 4 64
64 16 16
65 32 64
66 512 2048
67 2048 256
68 128 4
69 64 64
70 128 16
71 64 8
72 256 1024
73 64 16
74 32 64
75 128 64
76 8 64
77 1024 256
78 2048 512
79 4 32
80 256 1024
81 512 512
82 256 512
83 32 128
84 32 32
85 16 8
86 4 128
87 64 128
88 4 64
89 1024 512
90 16 8
91 16 128
92 32 4
93 16 4
94 512 512
95 2048 256
96 4 128
97 32 4
98 16 4
99 8 128
100 16 4
101 16 4
102 1024 2048
103 256 256
104 64 16
105 16 8
106 4 8
107 1024 1024
108 128 4
109 64 128
110 256 512
111 4 4
112 2048 2048
113 32 64
114 32 16
115 128 128
116 1024 256
117 64 4
118 64 32
119 128 16
120 128 128
121 4 32
122 4 16
123 4 4
124 1024 1024
125 4 4
126 64 8
127 128 4
128 128 8
129 4 4
130 128 32
131 512 1024
132 256 256
133 32 64
134 32 16
135 512 512
136 64 64
137 128 128
138 64 8
139 1024 512
140 2048 1024
141 8 4
142 128 8
143 4 4
144 1024 256
145 16 16
146 512 2048
147 32 64
148 4 4
149 1024 2048
150 2048 512
151 64 4
152 8 64
153 512 256
154 32 32
155 128 16
156 16 64
157 32 128
158 512 512
159 4 128
160 128 128
161 256 1024
162 16 64
163 64 8
164 128 4
165 32 128
166 8 16
167 16 4
168 128 128
169 512 512
170 4 16
171 2048 256
172 1024 256
173 16 128
174 128 32
175 128 64
176 1024 512
177 1024 256
178 32 16
179 2048 256
180 64 32
181 256 1024
182 4 32
183 512 512
184 1024 1024
185 4 4
186 64 128
187 4 64
188 16 128
189 2048 512
190 1024 2048
191 64 64
192 16 128
193 64 64
194 16 32
195 128 16
196 8 128
197 128 8
198 512 512
199 64 32
200 128 128
201 32 32
202 256 512
203 32 8
204 64 16
205 256 256
206 1024 2048
207 1024 512
208 512 1024
209 16 64
210 2048 1024
211 4 64
212 256 256
213 256 512
214 8 128
215 512 2048
216 1024 512
217 16 8
218 32 16
219 64 64
220 128 128
221 512 1024
222 512 512
223 8 8
224 4 8
225 8 4
226 32 64
227 16 16
228 16 128
229 128 128
230 512 256
231 2048 1024
232 256 256
233 128 32
234 8 32
235 16 8
236 32 8
237 64 4
238 16 32
239 8 128
240 1024 512
241 64 8
242 1024 1024
243 32 8
244 32 8
245 8 128
246 8 4
247 8 128
248 32 4
249 32 32
250 16 32
251 32 4
252 128 64
253 4 4
254 16 8
255 256 2048
256 4 64
257 64 8
258 64 128
259 512 2048
260 4 8
261 64 32
262 64 64
263 512 2048
264 32 8
265 256 2048
266 128 64
267 256 1024
268 2048 256
269 1024 512
270 64 16
271 64 4
272 1024 512
273 128 8
274 128 16
275 512 1024
276 32 16
277 256 1024
278 128 64
279 32 128
280 128 128
281 64 8
282 32 16
283 4 16
284 128 8
285 8 32
286 4 16
287 1024 512
288 4 128
289 4 128
290 64 64
291 512 512
292 8 128
293 2048 1024
294 32 16
295 128 16
296 16 128
297 128 64
298 64 8
299 512 2048
300 16 16
301 1024 1024
302 64 64
303 2048 256
304 64 128
305 64 8
306 32 32
307 1024 1024
308 32 64
309 1024 2048
310 128 4
311 16 4
312 8 32
313 64 128
314 512 512
315 64 128
316 512 1024
317 128 128
318 16 128
319 128 32
320 32 64
321 2048 512
322 512 2048
323 4 4
324 8 32
325 256 512
326 8 64
327 8 128
328 256 256
329 64 8
330 2048 256
331 8 64
332 4 4
333 16 8
334 1024 2048
335 1024 1024
336 8 8
337 32 128
338 512 256
339 4 64
340 64 16
341 32 32
342 1024 256
343 128 16
344 2048 2048
345 32 32
346 16 64
347 32 128
348 128 32
349 64 64
350 32 16
351 2048 1024
352 2048 1024
353 4 32
354 32 64
355 1024 512
356 16 64
357 64 32
358 4 8
359 512 2048
360 8 16
361 128 16
362 1024 2048
363 16 128
364 16 4
365 32 4
366 128 4
367 8 4
368 512 512
369 32 128
370 1024 256
371 32 64
372 8 128
373 256 256
374 1024 2048
375 128 128
376 16 128
377 512 1024
378 8 4
379 64 128
380 512 512
381 2048 1024
382 2048 256
383 1024 512
384 2048 512
385 2048 2048
386 8 8
387 4 128
388 8 8
389 32 32
390 16 16
391 32 64
392 512 512
393 1024 2048
394 1024 1024
395 4 64
396 2048 512
397 32 4
398 16 64
399 1024 256
400 128 64
401 32 16
402 1024 2048
403 512 256
404 16 4
405 4 32
406 4 4
407 128 64
408 32 16
409 32 128
410 1024 512
411 128 32
412 256 2048
413 4 8
414 1024 512
415 32 128
416 8 64
417 128 32
418 2048 1024
419 2048 512
420 512 256
421 256 1024
422 16 64
423 32 16
424 4 128
425 2048 256
426 64 128
427 128 4
428 4 4
429 2048 512
430 16 32
431 8 8
432 2048 256
433 128 128
434 4 64
435 128 128
436 8 128
437 32 32
438 64 64
439 64 8
440 2048 512
441 128 32
442 256 256
443 8 16
444 1024 256
445 32 32
446 64 32
447 16 64
448 256 1024
449 1024 512
450 8 8
451 512 2048
452 16 128
453 64 16
454 4 64
455 16 32
456 128 128
457 32 64
458 16 4
459 64 4
460 256 512
461 8 4
462 32 4
463 32 64
464 4 4
465 128 8
466 128 16
467 64 4
468 4 64
469 16 16
470 128 64
471 32 128
472 256 2048
473 2048 2048
474 512 512
475 2048 2048
476 128 16
477 8 4
478 64 32
479 64 8
480 128 8
481 64 16
482 2048 1024
340 11
169 403
351 60
11 351
403 351
233 0
220 1
2 218
0 2
1 2
222 295
58 456
250 237
88 355
237 88
295 88
456 88
188 205
245 253
63 269
205 63
253 63
91 33
5 397
5 335
306 3
437 4
33 5
3 5
4 5
443 6
219 358
7 92
7 287
358 7
6 7
378 9
319 8
10 47
8 10
9 10
209 197
394 12
12 209
14 133
310 13
13 14
233 15
200 16
17 179
15 17
16 17
67 18
252 348
19 105
19 240
201 281
168 20
20 19
281 19
348 19
18 19
233 21
366 249
274 72
21 274
249 274
23 44
23 465
23 110
270 22
22 23
188 152
299 24
25 420
152 25
24 25
26 73
161 470
470 26
332 29
28 384
233 27
27 28
29 28
31 173
293 30
30 31
124 32
153 241
53 390
268 139
452 375
32 153
390 153
139 153
375 153
288 35
34 450
34 202
188 396
396 34
35 34
134 37
137 36
233 50
233 156
233 482
233 193
233 449
233 279
233 389
233 395
233 123
233 321
233 178
233 236
233 272
233 285
233 150
47 233
36 233
37 233
372 226
62 64
222 101
222 421
226 222
64 222
39 302
39 388
39 290
282 38
38 39
410 40
211 41
293 447
40 293
41 293
42 423
181 478
478 42
280 45
74 204
206 416
140 43
45 74
416 74
43 74
44 74
340 143
140 172
46 256
143 46
172 46
267 158
102 271
185 48
99 431
158 102
48 102
431 102
126 387
49 207
49 346
188 147
147 49
387 49
225 52
51 84
50 51
52 51
69 476
53 370
188 445
445 53
476 53
451 97
252 54
54 451
167 393
372 408
55 453
55 314
393 55
408 55
99 57
469 56
56 58
57 58
440 59
62 402
373 61
196 148
148 62
61 62
59 62
60 62
340 65
349 66
65 67
66 67
337 68
245 289
69 311
289 69
68 69
434 71
452 70
185 455
72 185
269 185
70 185
71 185
223 442
159 460
159 163
211 75
442 159
73 159
75 159
340 76
310 77
78 417
76 78
77 78
319 90
325 79
181 464
207 319
79 319
464 319
353 130
111 80
86 347
86 246
80 86
130 86
83 255
254 82
227 81
208 354
84 83
82 83
81 83
354 83
87 294
349 85
85 87
89 428
156 89
90 89
91 135
188 454
454 91
92 91
340 93
345 94
93 434
94 434
378 481
334 263
482 334
481 334
210 477
250 235
312 480
401 479
109 265
477 109
479 109
480 109
235 109
367 458
367 320
414 475
475 367
167 472
414 368
469 144
368 469
472 469
136 466
211 467
372 228
186 194
194 372
420 372
467 372
466 372
242 145
297 404
404 242
220 308
137 322
206 386
386 137
308 137
465 137
188 191
184 463
462 405
191 462
463 462
284 182
282 357
461 286
361 238
330 313
313 461
238 461
357 461
182 461
160 107
193 160
460 160
453 250
458 250
455 250
210 190
471 426
190 471
101 471
320 471
379 413
448 411
448 117
450 448
413 448
302 448
437 316
316 443
446 382
214 356
356 446
381 439
441 125
301 444
175 399
169 425
439 441
444 441
425 441
399 441
192 438
449 196
438 196
244 409
459 317
288 436
344 212
212 459
436 459
447 459
409 459
188 187
170 435
433 166
187 433
435 433
429 342
362 432
181 430
428 429
346 429
432 429
430 429
175 457
175 239
440 427
427 175
129 419
144 267
421 267
419 267
437 418
165 415
179 414
415 414
418 414
417 414
188 365
258 412
365 201
412 201
299 155
155 410
264 131
181 407
262 162
273 100
100 262
405 262
407 262
131 262
402 401
244 296
203 116
116 244
457 244
108 339
400 292
323 398
398 400
125 400
339 400
204 400
411 332
149 385
279 381
385 381
198 406
389 198
397 198
369 392
395 124
392 124
324 391
384 323
202 323
391 323
388 323
340 217
195 383
474 154
217 474
383 474
189 261
252 380
261 378
382 378
380 378
188 376
203 374
376 373
374 373
369 132
291 371
452 338
370 369
371 369
338 369
188 260
231 363
260 361
363 361
208 359
359 353
141 350
114 303
255 108
303 108
350 108
200 128
128 306
112 300
300 344
311 344
287 344
347 344
343 278
286 343
271 343
118 341
340 119
340 113
340 468
340 247
292 340
341 340
342 340
241 340
225 257
298 333
335 298
257 298
379 331
123 330
331 330
188 329
111 328
327 103
329 327
328 327
305 326
326 325
394 318
221 180
321 221
318 221
437 352
406 114
135 114
133 114
352 114
214 96
178 168
96 168
176 213
188 266
266 206
213 206
258 307
98 104
98 251
307 98
97 98
195 230
230 227
270 215
99 177
218 99
166 99
215 99
256 99
167 199
275 171
199 210
171 210
208 422
180 167
103 167
422 167
154 167
188 364
219 276
364 165
276 165
189 232
188 95
95 189
104 189
162 129
105 129
161 283
236 186
283 186
297 106
119 136
106 136
112 174
170 146
146 112
110 112
324 120
113 284
120 284
223 121
211 115
107 141
121 141
145 141
115 141
452 122
122 337
184 243
126 473
243 126
423 126
224 127
117 134
163 134
127 134
132 134
192 138
149 277
301 142
142 149
138 149
239 149
151 157
468 264
157 264
151 164
164 362
188 360
360 223
173 223
254 229
188 259
259 254
246 254
174 176
309 424
177 309
188 304
188 234
473 188
251 188
317 188
252 216
263 118
232 118
294 118
216 118
305 183
272 273
183 273
314 312
240 312
424 312
333 224
277 224
208 248
229 225
197 225
248 225
304 301
296 301
366 315
315 291
231 377
377 288
290 288
285 280
322 280
228 275
345 336
336 268
