483 619
0 8 7
1 40 40
2 6 10
3 6 5
4 9 6
5 10 9
6 6 10
7 50 30
8 8 6
9 7 10
10 50 40
11 30 30
12 10 8
13 6 6
14 50 50
15 10 7
16 6 10
17 8 7
18 5 5
19 8 8
20 10 9
21 6 10
22 9 7
23 8 8
24 8 9
25 6 8
26 10 9
27 20 40
28 9 9
29 9 10
30 20 50
31 30 40
32 9 9
33 40 40
34 6 6
35 8 8
36 8 10
37 8 8
38 6 7
39 10 7
40 7 7
41 40 40
42 30 30
43 40 40
44 30 50
45 10 7
46 5 10
47 6 6
48 9 7
49 6 7
50 10 10
51 7 9
52 8 9
53 5 10
54 10 10
55 7 10
56 6 5
57 40 20
58 10 9
59 10 9
60 7 6
61 20 20
62 10 9
63 6 6
64 50 40
65 50 30
66 50 40
67 8 6
68 5 8
69 50 20
70 50 20
71 10 7
72 10 10
73 9 9
74 7 5
75 40 40
76 6 6
77 10 6
78 9 9
79 6 8
80 10 10
81 10 6
82 6 9
83 7 6
84 20 30
85 5 8
86 50 40
87 9 8
88 8 6
89 6 8
90 50 50
91 30 20
92 9 8
93 10 10
94 40 20
95 20 50
96 8 5
97 5 10
98 10 6
99 40 40
100 50 20
101 40 50
102 9 8
103 9 9
104 20 40
105 30 50
106 9 9
107 10 6
108 8 8
109 7 6
110 9 7
111 9 9
112 10 6
113 10 8
114 6 8
115 10 7
116 40 30
117 5 8
118 10 10
119 50 30
120 8 7
121 40 20
122 6 7
123 6 7
124 30 20
125 6 10
126 10 10
127 5 5
128 30 30
129 20 30
130 20 50
131 10 5
132 50 40
133 9 6
134 8 6
135 30 40
136 30 30
137 5 7
138 8 10
139 20 50
140 30 40
141 30 40
142 9 8
143 10 8
144 10 8
145 5 5
146 7 7
147 40 20
148 10 9
149 5 5
150 8 5
151 5 9
152 10 5
153 5 7
154 8 10
155 10 8
156 9 6
157 8 8
158 7 6
159 9 5
160 8 8
161 10 6
162 20 20
163 5 8
164 20 40
165 10 6
166 9 8
167 9 9
168 6 6
169 6 9
170 9 10
171 40 40
172 9 5
173 7 10
174 10 5
175 30 50
176 30 50
177 6 7
178 8 7
179 6 7
180 20 20
181 40 30
182 30 30
183 7 8
184 50 20
185 9 8
186 7 10
187 9 9
188 9 5
189 7 5
190 40 20
191 9 6
192 8 10
193 5 9
194 8 9
195 5 7
196 8 10
197 7 9
198 6 10
199 5 5
200 40 40
201 20 30
202 50 50
203 8 7
204 40 30
205 40 50
206 9 5
207 10 7
208 5 5
209 9 10
210 9 9
211 6 10
212 20 40
213 8 7
214 8 9
215 5 7
216 10 5
217 6 6
218 7 7
219 5 5
220 5 10
221 30 40
222 9 8
223 30 20
224 10 7
225 7 8
226 6 8
227 10 9
228 10 10
229 10 10
230 6 10
231 9 6
232 10 9
233 5 8
234 30 20
235 50 40
236 10 6
237 8 5
238 9 10
239 40 40
240 9 5
241 6 8
242 30 50
243 7 9
244 7 7
245 40 50
246 8 8
247 6 10
248 10 10
249 9 5
250 8 5
251 40 30
252 20 30
253 5 8
254 20 50
255 5 6
256 9 7
257 9 9
258 50 40
259 5 7
260 50 20
261 20 30
262 9 9
263 9 7
264 9 8
265 10 5
266 20 50
267 6 9
268 50 20
269 30 50
270 8 7
271 10 9
272 30 50
273 20 40
274 5 7
275 50 20
276 9 5
277 7 6
278 30 50
279 9 9
280 40 40
281 40 30
282 9 7
283 5 9
284 6 9
285 6 6
286 8 9
287 6 8
288 10 6
289 10 8
290 5 9
291 20 50
292 30 50
293 9 6
294 50 30
295 10 7
296 30 30
297 6 9
298 20 20
299 5 10
300 9 9
301 20 40
302 10 7
303 6 6
304 8 7
305 30 30
306 5 5
307 7 5
308 7 5
309 9 6
310 30 40
311 7 10
312 30 50
313 8 5
314 40 50
315 6 10
316 5 5
317 20 50
318 5 10
319 9 10
320 7 8
321 50 40
322 50 20
323 5 7
324 5 9
325 6 8
326 8 10
327 40 40
328 50 50
329 8 7
330 30 50
331 30 40
332 9 10
333 5 8
334 6 10
335 6 5
336 7 6
337 10 9
338 5 8
339 20 20
340 6 5
341 40 20
342 6 10
343 5 6
344 8 10
345 50 40
346 40 30
347 9 10
348 6 6
349 20 40
350 10 6
351 10 9
352 10 9
353 50 30
354 20 30
355 40 30
356 6 7
357 5 9
358 50 20
359 6 9
360 5 5
361 6 7
362 8 10
363 5 5
364 9 7
365 20 40
366 20 20
367 20 50
368 40 50
369 40 30
370 20 30
371 9 5
372 40 20
373 5 10
374 8 9
375 5 10
376 7 5
377 6 10
378 7 6
379 7 9
380 6 8
381 9 8
382 50 30
383 30 40
384 9 6
385 6 9
386 5 9
387 7 9
388 7 7
389 5 6
390 7 5
391 40 40
392 10 6
393 8 8
394 20 50
395 5 5
396 50 40
397 50 50
398 9 7
399 7 5
400 7 9
401 5 10
402 6 7
403 40 30
404 10 7
405 7 7
406 9 7
407 6 5
408 10 8
409 6 7
410 5 6
411 6 7
412 6 10
413 7 7
414 6 9
415 9 5
416 10 10
417 10 10
418 10 8
419 50 40
420 9 5
421 30 50
422 8 8
423 10 10
424 7 5
425 7 7
426 50 40
427 10 5
428 8 7
429 20 50
430 50 50
431 5 6
432 10 5
433 8 8
434 50 20
435 20 20
436 50 30
437 5 9
438 5 7
439 20 30
440 50 50
441 8 9
442 30 40
443 8 10
444 20 30
445 9 5
446 40 20
447 40 50
448 7 7
449 20 20
450 5 7
451 6 6
452 9 9
453 40 30
454 8 8
455 7 6
456 9 6
457 6 8
458 7 8
459 6 6
460 6 7
461 40 20
462 6 6
463 5 6
464 7 8
465 50 30
466 8 8
467 5 8
468 6 10
469 5 6
470 8 8
471 30 30
472 6 9
473 8 6
474 5 8
475 7 5
476 8 8
477 50 40
478 40 30
479 7 7
480 5 6
481 30 20
482 20 20
340 11
169 403
351 60
11 351
403 351
233 0
220 1
2 218
0 2
1 2
222 295
58 456
250 237
88 355
237 88
295 88
456 88
188 205
245 253
63 269
205 63
253 63
91 33
5 397
5 335
306 3
437 4
33 5
3 5
4 5
443 6
219 358
7 92
7 287
358 7
6 7
378 9
319 8
10 47
8 10
9 10
209 197
394 12
12 209
14 133
310 13
13 14
233 15
200 16
17 179
15 17
16 17
67 18
252 348
19 105
19 240
201 281
168 20
20 19
281 19
348 19
18 19
233 21
366 249
274 72
21 274
249 274
23 44
23 465
23 110
270 22
22 23
188 152
299 24
25 420
152 25
24 25
26 73
161 470
470 26
332 29
28 384
233 27
27 28
29 28
31 173
293 30
30 31
124 32
153 241
53 390
268 139
452 375
32 153
390 153
139 153
375 153
288 35
34 450
34 202
188 396
396 34
35 34
134 37
137 36
233 50
233 156
233 482
233 193
233 449
233 279
233 389
233 395
233 123
233 321
233 178
233 236
233 272
233 285
233 150
47 233
36 233
37 233
372 226
62 64
222 101
222 421
226 222
64 222
39 302
39 388
39 290
282 38
38 39
410 40
211 41
293 447
40 293
41 293
42 423
181 478
478 42
280 45
74 204
206 416
140 43
45 74
416 74
43 74
44 74
340 143
140 172
46 256
143 46
172 46
267 158
102 271
185 48
99 431
158 102
48 102
431 102
126 387
49 207
49 346
188 147
147 49
387 49
225 52
51 84
50 51
52 51
69 476
53 370
188 445
445 53
476 53
451 97
252 54
54 451
167 393
372 408
55 453
55 314
393 55
408 55
99 57
469 56
56 58
57 58
440 59
62 402
373 61
196 148
148 62
61 62
59 62
60 62
340 65
349 66
65 67
66 67
337 68
245 289
69 311
289 69
68 69
434 71
452 70
185 455
72 185
269 185
70 185
71 185
223 442
159 460
159 163
211 75
442 159
73 159
75 159
340 76
310 77
78 417
76 78
77 78
319 90
325 79
181 464
207 319
79 319
464 319
353 130
111 80
86 347
86 246
80 86
130 86
83 255
254 82
227 81
208 354
84 83
82 83
81 83
354 83
87 294
349 85
85 87
89 428
156 89
90 89
91 135
188 454
454 91
92 91
340 93
345 94
93 434
94 434
378 481
334 263
482 334
481 334
210 477
250 235
312 480
401 479
109 265
477 109
479 109
480 109
235 109
367 458
367 320
414 475
475 367
167 472
414 368
469 144
368 469
472 469
136 466
211 467
372 228
186 194
194 372
420 372
467 372
466 372
242 145
297 404
404 242
220 308
137 322
206 386
386 137
308 137
465 137
188 191
184 463
462 405
191 462
463 462
284 182
282 357
461 286
361 238
330 313
313 461
238 461
357 461
182 461
160 107
193 160
460 160
453 250
458 250
455 250
210 190
471 426
190 471
101 471
320 471
379 413
448 411
448 117
450 448
413 448
302 448
437 316
316 443
446 382
214 356
356 446
381 439
441 125
301 444
175 399
169 425
439 441
444 441
425 441
399 441
192 438
449 196
438 196
244 409
459 317
288 436
344 212
212 459
436 459
447 459
409 459
188 187
170 435
433 166
187 433
435 433
429 342
362 432
181 430
428 429
346 429
432 429
430 429
175 457
175 239
440 427
427 175
129 419
144 267
421 267
419 267
437 418
165 415
179 414
415 414
418 414
417 414
188 365
258 412
365 201
412 201
299 155
155 410
264 131
181 407
262 162
273 100
100 262
405 262
407 262
131 262
402 401
244 296
203 116
116 244
457 244
108 339
400 292
323 398
398 400
125 400
339 400
204 400
411 332
149 385
279 381
385 381
198 406
389 198
397 198
369 392
395 124
392 124
324 391
384 323
202 323
391 323
388 323
340 217
195 383
474 154
217 474
383 474
189 261
252 380
261 378
382 378
380 378
188 376
203 374
376 373
374 373
369 132
291 371
452 338
370 369
371 369
338 369
188 260
231 363
260 361
363 361
208 359
359 353
141 350
114 303
255 108
303 108
350 108
200 128
128 306
112 300
300 344
311 344
287 344
347 344
343 278
286 343
271 343
118 341
340 119
340 113
340 468
340 247
292 340
341 340
342 340
241 340
225 257
298 333
335 298
257 298
379 331
123 330
331 330
188 329
111 328
327 103
329 327
328 327
305 326
326 325
394 318
221 180
321 221
318 221
437 352
406 114
135 114
133 114
352 114
214 96
178 168
96 168
176 213
188 266
266 206
213 206
258 307
98 104
98 251
307 98
97 98
195 230
230 227
270 215
99 177
218 99
166 99
215 99
256 99
167 199
275 171
199 210
171 210
208 422
180 167
103 167
422 167
154 167
188 364
219 276
364 165
276 165
189 232
188 95
95 189
104 189
162 129
105 129
161 283
236 186
283 186
297 106
119 136
106 136
112 174
170 146
146 112
110 112
324 120
113 284
120 284
223 121
211 115
107 141
121 141
145 141
115 141
452 122
122 337
184 243
126 473
243 126
423 126
224 127
117 134
163 134
127 134
132 134
192 138
149 277
301 142
142 149
138 149
239 149
151 157
468 264
157 264
151 164
164 362
188 360
360 223
173 223
254 229
188 259
259 254
246 254
174 176
309 424
177 309
188 304
188 234
473 188
251 188
317 188
252 216
263 118
232 118
294 118
216 118
305 183
272 273
183 273
314 312
240 312
424 312
333 224
277 224
208 248
229 225
197 225
248 225
304 301
296 301
366 315
315 291
231 377
377 288
290 288
285 280
322 280
228 275
345 336
336 268
