604 742
0 16 8
1 16 16
2 2048 1024
3 16 16
4 32 64
5 4 64
6 4 128
7 2048 512
8 512 256
9 16 8
10 512 256
11 2048 512
12 2048 1024
13 256 512
14 16 32
15 512 256
16 4 32
17 8 4
18 512 512
19 16 8
20 8 4
21 128 16
22 16 8
23 16 128
24 32 16
25 512 256
26 8 128
27 16 64
28 16 16
29 4 64
30 8 128
31 1024 256
32 32 4
33 64 128
34 8 8
35 512 512
36 32 16
37 512 2048
38 128 8
39 32 64
40 128 32
41 64 4
42 512 1024
43 8 4
44 2048 2048
45 1024 512
46 128 4
47 64 4
48 64 8
49 16 4
50 64 4
51 32 4
52 8 64
53 8 4
54 8 16
55 4 4
56 256 512
57 512 256
58 64 16
59 16 16
60 256 2048
61 64 64
62 64 64
63 8 8
64 1024 512
65 2048 256
66 32 128
67 4 32
68 64 4
69 64 32
70 64 4
71 512 2048
72 4 16
73 8 8
74 64 8
75 16 16
76 512 1024
77 32 128
78 64 4
79 256 512
80 16 32
81 256 1024
82 128 16
83 64 32
84 64 32
85 64 128
86 512 2048
87 32 32
88 8 64
89 512 256
90 512 2048
91 256 2048
92 2048 2048
93 16 32
94 256 256
95 32 64
96 8 16
97 16 16
98 64 128
99 4 8
100 128 128
101 8 128
102 64 32
103 256 256
104 8 128
105 64 4
106 4 8
107 256 512
108 128 32
109 64 8
110 512 512
111 2048 256
112 1024 1024
113 4 4
114 64 8
115 64 16
116 256 1024
117 4 16
118 16 16
119 2048 2048
120 2048 1024
121 4 4
122 512 256
123 1024 1024
124 512 1024
125 64 64
126 128 4
127 32 16
128 512 256
129 256 1024
130 32 16
131 1024 512
132 512 256
133 512 256
134 2048 1024
135 32 8
136 1024 512
137 512 2048
138 8 16
139 128 16
140 8 16
141 4 16
142 8 64
143 32 16
144 16 4
145 16 16
146 4 8
147 4 8
148 32 4
149 512 512
150 8 32
151 1024 2048
152 16 64
153 256 512
154 8 4
155 32 64
156 16 64
157 64 4
158 64 32
159 512 2048
160 16 32
161 2048 512
162 32 8
163 8 8
164 32 64
165 1024 256
166 64 4
167 32 8
168 8 128
169 32 32
170 4 128
171 128 32
172 16 4
173 16 32
174 2048 512
175 8 32
176 1024 256
177 2048 1024
178 4 4
179 4 128
180 128 16
181 256 512
182 32 8
183 256 2048
184 16 8
185 256 512
186 2048 2048
187 128 8
188 128 32
189 8 64
190 8 64
191 4 64
192 32 64
193 4 128
194 32 16
195 32 128
196 512 256
197 1024 2048
198 2048 1024
199 8 4
200 1024 256
201 16 32
202 32 64
203 256 256
204 16 64
205 8 64
206 64 128
207 2048 512
208 8 32
209 2048 2048
210 16 32
211 4 128
212 2048 512
213 4 64
214 16 64
215 32 8
216 1024 256
217 128 128
218 32 16
219 32 64
220 256 1024
221 32 4
222 4 16
223 64 128
224 128 16
225 512 1024
226 8 64
227 8 16
228 32 8
229 2048 1024
230 16 64
231 2048 512
232 4 32
233 512 256
234 8 128
235 4 4
236 256 1024
237 16 4
238 512 512
239 256 1024
240 16 8
241 64 128
242 64 32
243 16 8
244 16 4
245 4 32
246 128 128
247 16 128
248 32 8
249 256 1024
250 1024 2048
251 128 64
252 32 64
253 128 4
254 8 32
255 16 32
256 1024 256
257 256 1024
258 32 16
259 64 64
260 512 2048
261 4 16
262 64 32
263 512 512
264 32 8
265 32 64
266 4 64
267 64 32
268 1024 1024
269 32 32
270 256 2048
271 4 8
272 128 32
273 2048 2048
274 256 2048
275 64 16
276 256 512
277 8 64
278 128 128
279 512 2048
280 16 128
281 64 8
282 128 64
283 32 128
284 2048 256
285 2048 512
286 4 16
287 8 64
288 32 8
289 256 1024
290 4 4
291 16 128
292 8 16
293 64 4
294 32 4
295 16 16
296 1024 256
297 16 16
298 16 4
299 512 512
300 4 8
301 256 2048
302 4 64
303 32 16
304 16 8
305 512 256
306 128 128
307 32 8
308 1024 2048
309 2048 2048
310 256 1024
311 64 8
312 64 8
313 512 256
314 128 64
315 8 4
316 64 16
317 32 64
318 2048 512
319 16 4
320 16 64
321 2048 2048
322 1024 1024
323 128 64
324 1024 2048
325 32 16
326 1024 1024
327 1024 2048
328 256 256
329 64 4
330 128 16
331 64 128
332 16 64
333 2048 512
334 16 16
335 16 4
336 32 8
337 8 4
338 16 4
339 256 2048
340 16 8
341 32 128
342 2048 2048
343 128 64
344 64 8
345 2048 2048
346 1024 2048
347 16 64
348 32 32
349 16 128
350 32 4
351 32 4
352 64 8
353 64 128
354 4 32
355 16 16
356 1024 2048
357 128 64
358 512 1024
359 16 8
360 2048 256
361 64 64
362 32 4
363 128 4
364 128 32
365 256 1024
366 4 128
367 128 4
368 4 4
369 64 4
370 128 4
371 512 1024
372 4 32
373 256 512
374 32 64
375 256 512
376 8 32
377 64 32
378 64 4
379 2048 2048
380 128 8
381 4 4
382 4 128
383 8 32
384 8 4
385 128 16
386 128 8
387 256 1024
388 16 8
389 64 128
390 32 8
391 32 8
392 4 128
393 16 128
394 8 16
395 16 64
396 2048 1024
397 4 16
398 16 4
399 256 256
400 4 32
401 16 16
402 8 16
403 512 2048
404 1024 1024
405 128 8
406 16 32
407 32 64
408 32 128
409 32 32
410 64 64
411 4 4
412 512 512
413 4 16
414 256 1024
415 8 64
416 64 16
417 2048 2048
418 2048 512
419 2048 256
420 64 64
421 32 64
422 512 1024
423 256 512
424 64 16
425 64 128
426 4 64
427 64 128
428 128 16
429 32 64
430 512 512
431 8 16
432 256 1024
433 512 256
434 1024 256
435 8 16
436 512 512
437 128 64
438 128 16
439 256 256
440 8 8
441 512 256
442 8 16
443 512 256
444 8 4
445 4 4
446 512 2048
447 4 8
448 64 8
449 1024 512
450 32 16
451 8 16
452 64 8
453 32 16
454 32 4
455 1024 512
456 128 16
457 1024 256
458 4 16
459 32 32
460 16 128
461 128 128
462 64 32
463 128 16
464 32 128
465 128 64
466 512 2048
467 256 256
468 1024 512
469 4 8
470 32 64
471 256 2048
472 8 4
473 4 8
474 4 4
475 64 16
476 256 2048
477 16 32
478 8 4
479 64 32
480 4 128
481 32 128
482 64 4
483 256 512
484 4 8
485 128 32
486 4 64
487 16 4
488 32 32
489 512 256
490 16 32
491 32 128
492 2048 1024
493 32 64
494 128 32
495 16 128
496 32 4
497 8 16
498 32 64
499 1024 256
500 128 64
501 64 4
502 2048 1024
503 512 1024
504 1024 256
505 32 32
506 4 64
507 256 2048
508 4 4
509 128 8
510 8 32
511 16 128
512 16 4
513 32 32
514 128 64
515 256 256
516 256 2048
517 2048 2048
518 2048 512
519 64 32
520 2048 1024
521 16 4
522 128 8
523 128 64
524 8 4
525 8 16
526 2048 256
527 8 4
528 64 4
529 64 128
530 8 32
531 1024 1024
532 16 8
533 512 512
534 128 64
535 256 1024
536 16 16
537 4 64
538 128 128
539 32 16
540 128 16
541 64 32
542 8 32
543 32 128
544 64 4
545 8 4
546 16 32
547 256 256
548 4 8
549 16 16
550 256 2048
551 512 512
552 32 32
553 32 8
554 8 4
555 128 64
556 128 16
557 32 16
558 32 16
559 512 2048
560 16 128
561 256 1024
562 64 32
563 32 8
564 8 128
565 16 16
566 32 64
567 256 512
568 1024 256
569 4 64
570 8 32
571 16 8
572 32 4
573 32 8
574 1024 256
575 128 64
576 2048 256
577 1024 1024
578 4 64
579 4 32
580 8 4
581 16 32
582 128 64
583 4 8
584 2048 512
585 64 4
586 8 16
587 4 32
588 4 8
589 128 16
590 16 4
591 1024 512
592 256 2048
593 1024 512
594 4 128
595 2048 512
596 2048 256
597 4 8
598 2048 1024
599 32 8
600 16 4
601 256 1024
602 64 4
603 512 512
346 369
451 97
354 565
97 346
565 346
260 182
258 0
376 69
0 260
69 260
226 1
2 15
2 66
1 2
173 359
3 261
291 325
325 3
359 3
40 330
115 375
586 302
375 586
330 586
343 4
268 149
5 421
4 5
149 5
196 157
6 364
47 348
348 6
157 6
245 24
7 522
221 8
24 7
8 7
43 9
117 393
10 422
9 10
393 10
226 11
117 12
462 454
255 13
13 462
11 462
12 462
138 387
138 593
138 400
117 14
14 138
15 138
326 262
445 487
394 16
487 326
16 326
263 17
98 34
172 244
17 98
244 98
365 557
553 18
291 212
18 365
212 365
474 453
551 90
19 71
453 19
90 19
190 20
21 171
21 58
21 185
21 592
20 21
387 21
467 526
39 45
22 139
45 22
526 22
544 279
109 133
382 144
133 544
144 544
151 297
517 338
23 456
232 282
282 23
338 23
297 23
291 26
33 73
290 25
25 33
26 33
577 103
560 27
171 577
27 577
30 252
30 476
200 29
467 493
517 28
29 30
28 30
493 30
128 178
518 164
148 31
31 518
178 518
289 207
246 470
470 245
207 245
32 406
421 32
34 32
36 217
419 35
426 37
35 36
37 36
438 38
218 578
39 107
39 448
39 417
38 39
578 39
428 349
40 179
40 407
40 254
40 205
40 243
304 587
349 40
587 40
218 292
274 41
43 123
43 318
43 415
193 42
42 43
292 43
41 43
276 215
67 514
271 222
222 67
215 67
46 600
251 44
286 119
44 46
119 46
57 479
226 161
226 208
226 250
226 336
319 443
479 226
443 226
316 512
285 204
204 47
512 47
391 48
49 488
567 256
256 49
48 49
286 50
264 410
276 140
140 264
50 264
51 333
499 165
270 129
165 51
129 51
53 300
555 52
285 54
52 53
54 53
340 55
88 118
582 305
305 88
55 88
76 583
223 56
56 57
583 57
62 373
574 351
345 463
351 62
463 62
115 508
327 545
58 327
508 327
312 59
60 153
60 505
439 61
59 60
61 60
504 63
434 314
562 473
473 434
63 434
551 496
185 555
496 555
80 64
115 65
352 266
64 352
65 352
70 78
70 481
70 230
117 68
66 70
68 70
176 242
316 310
71 176
310 176
343 72
356 460
556 170
72 556
460 556
220 159
79 503
79 335
73 79
159 79
452 110
548 74
193 390
110 193
74 193
478 75
409 77
75 76
77 76
115 521
115 588
115 538
548 108
108 115
80 602
80 584
80 484
252 80
78 80
328 273
82 480
371 81
81 82
273 82
560 84
272 83
85 91
83 85
84 85
426 87
89 130
289 86
86 89
87 89
92 350
371 93
91 92
93 92
394 361
506 162
567 126
126 506
361 506
345 95
371 94
94 220
95 220
343 96
277 99
100 441
96 100
99 100
102 403
474 101
101 102
521 102
104 392
233 105
103 104
105 104
201 589
524 106
533 432
589 533
106 533
107 109
161 109
388 111
367 353
353 428
111 428
113 358
568 112
391 414
112 113
414 113
303 235
116 458
394 114
114 116
235 116
117 507
117 492
117 529
314 117
118 117
154 121
120 150
509 366
366 120
121 120
374 147
345 122
122 196
147 196
269 498
389 558
498 389
480 389
524 536
124 156
123 124
536 124
303 125
391 363
363 340
125 340
344 127
128 483
127 128
130 128
474 131
560 132
134 489
131 134
132 134
137 502
137 541
137 322
551 135
384 136
135 137
136 137
141 542
315 142
139 141
142 141
374 194
328 143
143 312
194 312
510 457
347 447
200 383
457 200
447 200
411 385
324 308
307 145
308 411
145 411
572 425
148 342
535 146
146 148
425 148
151 468
151 189
224 152
150 151
152 151
409 155
153 154
155 154
158 597
289 160
156 158
160 158
231 580
580 319
162 319
163 469
552 168
168 163
164 163
455 283
236 166
284 334
166 455
334 455
274 167
169 491
169 511
169 177
169 540
390 169
502 169
167 169
530 497
603 525
170 603
497 603
599 516
602 599
179 599
596 216
467 240
491 596
240 596
343 461
386 594
461 509
594 509
307 413
559 248
360 546
546 559
413 559
426 485
590 257
315 227
227 590
485 590
438 543
452 427
274 437
427 438
588 438
437 438
317 433
270 585
585 344
433 344
490 249
551 378
584 490
378 490
284 472
317 293
293 582
472 582
354 581
579 477
271 466
466 579
581 579
281 569
573 528
376 576
576 573
569 573
566 287
275 420
489 566
420 566
343 564
423 598
564 562
598 562
560 206
560 531
560 278
406 560
558 560
343 554
288 397
554 552
397 552
551 549
551 180
551 211
469 551
364 551
302 347
206 347
549 347
440 519
548 311
464 547
519 548
547 548
201 183
201 210
201 362
543 201
541 201
537 402
272 539
539 537
538 537
315 534
246 379
379 535
534 535
218 591
486 332
591 486
322 486
263 532
532 388
483 388
384 527
531 384
528 263
458 263
337 186
563 523
303 280
523 337
280 337
524 412
524 446
524 442
524 321
524 253
525 524
522 524
520 229
570 213
567 601
213 520
601 520
412 517
515 247
173 513
516 515
513 515
511 563
507 563
505 504
503 504
370 301
561 219
328 501
219 370
501 370
318 499
208 499
284 331
382 495
495 572
331 572
183 568
492 568
484 561
278 561
478 465
395 482
482 478
477 478
474 239
476 474
593 474
467 444
467 424
467 401
468 467
465 530
335 530
197 459
514 464
459 464
456 452
454 452
175 450
441 440
450 440
355 368
448 355
446 355
177 445
250 445
444 255
442 255
173 404
329 416
416 439
404 439
436 500
271 234
545 436
234 436
435 494
329 296
266 435
296 435
431 294
360 429
432 431
429 431
415 419
424 419
417 236
529 236
202 408
410 409
408 409
592 451
407 451
209 299
276 430
403 209
430 209
172 241
342 175
241 175
396 341
317 191
422 396
191 396
248 172
488 172
285 195
233 381
381 395
195 395
316 295
275 449
449 202
295 202
272 198
198 574
180 574
259 399
290 377
402 259
377 259
274 298
332 510
311 510
298 510
281 184
181 418
307 550
550 181
184 181
382 188
270 187
187 231
188 231
190 237
383 190
321 190
189 190
343 380
174 192
380 223
192 223
329 238
290 471
471 197
238 197
339 595
595 304
261 304
357 575
374 323
249 357
323 357
254 274
257 224
418 224
272 203
203 553
205 553
210 570
336 570
214 313
281 405
216 214
405 214
527 218
211 218
376 475
360 199
199 221
475 221
237 272
481 272
286 228
354 225
225 339
228 339
400 232
230 232
275 571
233 306
306 269
571 269
239 251
243 251
540 258
253 258
343 267
372 265
267 367
265 367
320 309
246 398
368 320
398 320
362 324
401 324
