604 742
0 8 7
1 10 7
2 40 20
3 7 8
4 10 5
5 9 10
6 50 40
7 8 5
8 7 10
9 7 7
10 20 30
11 10 7
12 9 5
13 5 7
14 50 40
15 5 7
16 20 50
17 6 8
18 50 40
19 50 30
20 5 8
21 20 40
22 6 6
23 10 6
24 7 9
25 7 8
26 9 9
27 50 50
28 9 9
29 9 6
30 6 8
31 8 7
32 7 8
33 5 7
34 8 8
35 10 7
36 10 6
37 8 8
38 40 40
39 7 10
40 8 9
41 10 6
42 10 5
43 40 40
44 9 10
45 8 10
46 5 6
47 40 40
48 7 6
49 5 7
50 5 10
51 7 8
52 6 6
53 8 10
54 20 50
55 20 30
56 30 40
57 30 40
58 9 6
59 7 10
60 5 5
61 50 40
62 7 9
63 20 30
64 50 20
65 40 20
66 6 9
67 10 7
68 50 30
69 6 5
70 10 8
71 9 9
72 8 9
73 8 8
74 30 20
75 7 6
76 7 10
77 5 8
78 10 8
79 5 9
80 9 9
81 20 40
82 6 8
83 5 5
84 9 6
85 7 6
86 30 50
87 6 6
88 10 7
89 10 6
90 50 50
91 9 8
92 6 7
93 8 7
94 40 40
95 10 10
96 7 8
97 7 10
98 7 7
99 7 9
100 9 6
101 9 7
102 40 40
103 20 50
104 30 50
105 9 6
106 8 8
107 5 10
108 6 8
109 6 5
110 7 10
111 6 6
112 30 20
113 5 7
114 6 6
115 30 40
116 7 9
117 8 6
118 8 9
119 7 9
120 7 9
121 8 8
122 8 9
123 8 5
124 10 6
125 9 6
126 9 7
127 6 5
128 6 5
129 9 7
130 10 10
131 9 9
132 50 40
133 6 9
134 40 20
135 10 10
136 9 10
137 20 20
138 20 20
139 7 5
140 6 8
141 20 20
142 9 8
143 7 9
144 6 6
145 10 6
146 8 6
147 9 5
148 50 50
149 30 40
150 20 50
151 5 8
152 7 8
153 9 6
154 10 5
155 9 8
156 8 5
157 50 40
158 50 30
159 40 50
160 6 6
161 20 40
162 6 10
163 50 40
164 8 8
165 20 30
166 5 8
167 5 7
168 9 9
169 7 9
170 9 9
171 8 5
172 5 9
173 10 7
174 50 40
175 5 8
176 10 9
177 5 10
178 50 20
179 10 5
180 9 8
181 9 5
182 50 40
183 10 7
184 9 7
185 10 9
186 7 6
187 50 50
188 5 8
189 10 9
190 5 9
191 7 6
192 7 9
193 6 7
194 30 20
195 30 30
196 9 9
197 7 7
198 50 20
199 5 9
200 20 30
201 9 7
202 30 40
203 9 5
204 50 40
205 10 8
206 30 40
207 7 6
208 40 30
209 9 5
210 20 20
211 7 9
212 9 5
213 10 9
214 6 5
215 10 7
216 9 10
217 7 10
218 50 50
219 7 7
220 7 7
221 50 50
222 9 7
223 40 40
224 30 40
225 6 9
226 8 9
227 10 6
228 30 50
229 6 8
230 5 8
231 9 7
232 9 5
233 40 20
234 7 5
235 50 20
236 6 6
237 5 7
238 6 6
239 9 10
240 5 8
241 50 20
242 7 8
243 8 5
244 7 5
245 50 50
246 9 10
247 9 5
248 8 8
249 9 6
250 9 10
251 8 10
252 30 30
253 20 30
254 8 6
255 6 5
256 7 6
257 40 20
258 40 50
259 8 6
260 50 20
261 7 10
262 10 10
263 50 50
264 40 50
265 20 50
266 5 9
267 9 8
268 5 5
269 40 50
270 7 6
271 20 50
272 6 9
273 7 6
274 6 9
275 30 20
276 7 5
277 20 40
278 10 6
279 5 5
280 7 7
281 5 5
282 6 5
283 10 10
284 50 20
285 5 6
286 6 8
287 10 5
288 10 10
289 9 8
290 8 9
291 6 8
292 5 9
293 5 8
294 7 5
295 10 10
296 8 9
297 10 8
298 9 9
299 7 7
300 20 40
301 9 5
302 6 9
303 20 30
304 5 5
305 30 20
306 6 9
307 5 10
308 30 20
309 9 6
310 30 50
311 6 5
312 7 6
313 50 50
314 50 40
315 50 50
316 6 9
317 8 5
318 10 8
319 50 50
320 6 5
321 10 10
322 50 20
323 9 8
324 30 30
325 10 9
326 6 8
327 6 5
328 7 8
329 9 9
330 9 8
331 20 20
332 50 30
333 5 5
334 9 6
335 10 8
336 9 10
337 10 5
338 50 20
339 30 30
340 8 10
341 7 10
342 6 9
343 8 10
344 9 6
345 5 8
346 20 20
347 20 50
348 10 9
349 9 10
350 7 6
351 5 5
352 7 9
353 10 8
354 10 5
355 6 9
356 7 9
357 20 40
358 50 50
359 40 20
360 5 10
361 30 40
362 6 7
363 10 8
364 9 6
365 8 8
366 40 40
367 30 50
368 50 40
369 20 30
370 8 7
371 8 6
372 40 50
373 8 5
374 40 20
375 40 40
376 10 9
377 10 5
378 50 40
379 10 7
380 6 7
381 30 20
382 9 10
383 20 50
384 30 20
385 5 6
386 7 5
387 8 5
388 7 6
389 30 20
390 5 10
391 10 10
392 30 30
393 10 5
394 40 50
395 8 7
396 40 40
397 6 6
398 30 50
399 10 10
400 10 8
401 8 9
402 5 6
403 10 10
404 30 50
405 6 7
406 40 30
407 7 10
408 6 5
409 6 9
410 7 6
411 6 10
412 8 8
413 6 7
414 20 50
415 9 7
416 7 8
417 50 30
418 6 7
419 20 20
420 7 5
421 5 10
422 5 7
423 7 7
424 6 6
425 7 8
426 7 10
427 5 10
428 7 10
429 50 40
430 9 6
431 50 50
432 6 10
433 20 20
434 20 40
435 8 6
436 9 5
437 6 10
438 20 30
439 8 10
440 7 7
441 5 8
442 7 8
443 8 10
444 9 8
445 30 50
446 7 8
447 50 30
448 5 10
449 7 8
450 10 10
451 7 5
452 8 10
453 40 20
454 20 40
455 7 10
456 8 7
457 30 50
458 40 40
459 5 7
460 20 20
461 50 40
462 40 20
463 7 8
464 8 8
465 20 20
466 9 5
467 50 20
468 5 9
469 8 5
470 9 5
471 7 7
472 5 7
473 20 40
474 8 8
475 40 50
476 30 40
477 6 8
478 10 8
479 8 10
480 10 8
481 10 9
482 5 5
483 20 20
484 5 5
485 6 10
486 10 5
487 6 9
488 6 6
489 30 40
490 7 6
491 8 8
492 9 8
493 40 20
494 9 9
495 8 8
496 30 40
497 6 8
498 7 5
499 10 7
500 6 6
501 9 8
502 7 5
503 30 40
504 9 10
505 50 40
506 6 9
507 8 10
508 40 40
509 7 8
510 5 7
511 6 6
512 10 9
513 9 6
514 8 6
515 20 40
516 7 9
517 9 10
518 30 40
519 7 10
520 10 5
521 5 7
522 8 8
523 40 50
524 10 7
525 40 30
526 8 7
527 6 6
528 9 5
529 9 5
530 9 9
531 5 8
532 9 6
533 8 6
534 5 5
535 7 5
536 6 6
537 7 7
538 30 50
539 6 6
540 7 10
541 40 40
542 9 9
543 10 7
544 6 8
545 10 8
546 7 8
547 6 7
548 10 7
549 7 5
550 30 40
551 10 10
552 9 5
553 9 10
554 7 7
555 8 5
556 40 20
557 5 6
558 5 7
559 5 6
560 9 5
561 9 8
562 9 5
563 30 40
564 50 40
565 9 9
566 7 10
567 9 9
568 8 7
569 10 7
570 5 9
571 10 6
572 20 20
573 10 9
574 5 10
575 5 6
576 8 9
577 20 20
578 30 50
579 5 9
580 8 8
581 9 10
582 9 9
583 40 20
584 6 10
585 10 10
586 9 6
587 7 10
588 30 20
589 9 8
590 8 8
591 40 50
592 6 10
593 7 10
594 5 5
595 40 40
596 7 6
597 9 8
598 9 6
599 50 30
600 10 6
601 10 5
602 40 50
603 9 9
346 369
451 97
354 565
97 346
565 346
260 182
258 0
376 69
0 260
69 260
226 1
2 15
2 66
1 2
173 359
3 261
291 325
325 3
359 3
40 330
115 375
586 302
375 586
330 586
343 4
268 149
5 421
4 5
149 5
196 157
6 364
47 348
348 6
157 6
245 24
7 522
221 8
24 7
8 7
43 9
117 393
10 422
9 10
393 10
226 11
117 12
462 454
255 13
13 462
11 462
12 462
138 387
138 593
138 400
117 14
14 138
15 138
326 262
445 487
394 16
487 326
16 326
263 17
98 34
172 244
17 98
244 98
365 557
553 18
291 212
18 365
212 365
474 453
551 90
19 71
453 19
90 19
190 20
21 171
21 58
21 185
21 592
20 21
387 21
467 526
39 45
22 139
45 22
526 22
544 279
109 133
382 144
133 544
144 544
151 297
517 338
23 456
232 282
282 23
338 23
297 23
291 26
33 73
290 25
25 33
26 33
577 103
560 27
171 577
27 577
30 252
30 476
200 29
467 493
517 28
29 30
28 30
493 30
128 178
518 164
148 31
31 518
178 518
289 207
246 470
470 245
207 245
32 406
421 32
34 32
36 217
419 35
426 37
35 36
37 36
438 38
218 578
39 107
39 448
39 417
38 39
578 39
428 349
40 179
40 407
40 254
40 205
40 243
304 587
349 40
587 40
218 292
274 41
43 123
43 318
43 415
193 42
42 43
292 43
41 43
276 215
67 514
271 222
222 67
215 67
46 600
251 44
286 119
44 46
119 46
57 479
226 161
226 208
226 250
226 336
319 443
479 226
443 226
316 512
285 204
204 47
512 47
391 48
49 488
567 256
256 49
48 49
286 50
264 410
276 140
140 264
50 264
51 333
499 165
270 129
165 51
129 51
53 300
555 52
285 54
52 53
54 53
340 55
88 118
582 305
305 88
55 88
76 583
223 56
56 57
583 57
62 373
574 351
345 463
351 62
463 62
115 508
327 545
58 327
508 327
312 59
60 153
60 505
439 61
59 60
61 60
504 63
434 314
562 473
473 434
63 434
551 496
185 555
496 555
80 64
115 65
352 266
64 352
65 352
70 78
70 481
70 230
117 68
66 70
68 70
176 242
316 310
71 176
310 176
343 72
356 460
556 170
72 556
460 556
220 159
79 503
79 335
73 79
159 79
452 110
548 74
193 390
110 193
74 193
478 75
409 77
75 76
77 76
115 521
115 588
115 538
548 108
108 115
80 602
80 584
80 484
252 80
78 80
328 273
82 480
371 81
81 82
273 82
560 84
272 83
85 91
83 85
84 85
426 87
89 130
289 86
86 89
87 89
92 350
371 93
91 92
93 92
394 361
506 162
567 126
126 506
361 506
345 95
371 94
94 220
95 220
343 96
277 99
100 441
96 100
99 100
102 403
474 101
101 102
521 102
104 392
233 105
103 104
105 104
201 589
524 106
533 432
589 533
106 533
107 109
161 109
388 111
367 353
353 428
111 428
113 358
568 112
391 414
112 113
414 113
303 235
116 458
394 114
114 116
235 116
117 507
117 492
117 529
314 117
118 117
154 121
120 150
509 366
366 120
121 120
374 147
345 122
122 196
147 196
269 498
389 558
498 389
480 389
524 536
124 156
123 124
536 124
303 125
391 363
363 340
125 340
344 127
128 483
127 128
130 128
474 131
560 132
134 489
131 134
132 134
137 502
137 541
137 322
551 135
384 136
135 137
136 137
141 542
315 142
139 141
142 141
374 194
328 143
143 312
194 312
510 457
347 447
200 383
457 200
447 200
411 385
324 308
307 145
308 411
145 411
572 425
148 342
535 146
146 148
425 148
151 468
151 189
224 152
150 151
152 151
409 155
153 154
155 154
158 597
289 160
156 158
160 158
231 580
580 319
162 319
163 469
552 168
168 163
164 163
455 283
236 166
284 334
166 455
334 455
274 167
169 491
169 511
169 177
169 540
390 169
502 169
167 169
530 497
603 525
170 603
497 603
599 516
602 599
179 599
596 216
467 240
491 596
240 596
343 461
386 594
461 509
594 509
307 413
559 248
360 546
546 559
413 559
426 485
590 257
315 227
227 590
485 590
438 543
452 427
274 437
427 438
588 438
437 438
317 433
270 585
585 344
433 344
490 249
551 378
584 490
378 490
284 472
317 293
293 582
472 582
354 581
579 477
271 466
466 579
581 579
281 569
573 528
376 576
576 573
569 573
566 287
275 420
489 566
420 566
343 564
423 598
564 562
598 562
560 206
560 531
560 278
406 560
558 560
343 554
288 397
554 552
397 552
551 549
551 180
551 211
469 551
364 551
302 347
206 347
549 347
440 519
548 311
464 547
519 548
547 548
201 183
201 210
201 362
543 201
541 201
537 402
272 539
539 537
538 537
315 534
246 379
379 535
534 535
218 591
486 332
591 486
322 486
263 532
532 388
483 388
384 527
531 384
528 263
458 263
337 186
563 523
303 280
523 337
280 337
524 412
524 446
524 442
524 321
524 253
525 524
522 524
520 229
570 213
567 601
213 520
601 520
412 517
515 247
173 513
516 515
513 515
511 563
507 563
505 504
503 504
370 301
561 219
328 501
219 370
501 370
318 499
208 499
284 331
382 495
495 572
331 572
183 568
492 568
484 561
278 561
478 465
395 482
482 478
477 478
474 239
476 474
593 474
467 444
467 424
467 401
468 467
465 530
335 530
197 459
514 464
459 464
456 452
454 452
175 450
441 440
450 440
355 368
448 355
446 355
177 445
250 445
444 255
442 255
173 404
329 416
416 439
404 439
436 500
271 234
545 436
234 436
435 494
329 296
266 435
296 435
431 294
360 429
432 431
429 431
415 419
424 419
417 236
529 236
202 408
410 409
408 409
592 451
407 451
209 299
276 430
403 209
430 209
172 241
342 175
241 175
396 341
317 191
422 396
191 396
248 172
488 172
285 195
233 381
381 395
195 395
316 295
275 449
449 202
295 202
272 198
198 574
180 574
259 399
290 377
402 259
377 259
274 298
332 510
311 510
298 510
281 184
181 418
307 550
550 181
184 181
382 188
270 187
187 231
188 231
190 237
383 190
321 190
189 190
343 380
174 192
380 223
192 223
329 238
290 471
471 197
238 197
339 595
595 304
261 304
357 575
374 323
249 357
323 357
254 274
257 224
418 224
272 203
203 553
205 553
210 570
336 570
214 313
281 405
216 214
405 214
527 218
211 218
376 475
360 199
199 221
475 221
237 272
481 272
286 228
354 225
225 339
228 339
400 232
230 232
275 571
233 306
306 269
571 269
239 251
243 251
540 258
253 258
343 267
372 265
267 367
265 367
320 309
246 398
368 320
398 320
362 324
401 324
