3245 4175
0 32 4
1 512 256
2 1024 256
3 512 2048
4 1024 2048
5 8 128
6 512 256
7 4 4
8 16 128
9 64 64
10 64 32
11 8 4
12 8 16
13 8 32
14 512 256
15 2048 512
16 8 64
17 64 8
18 64 64
19 1024 256
20 64 32
21 8 64
22 32 8
23 2048 256
24 32 128
25 2048 256
26 64 16
27 8 8
28 8 8
29 8 8
30 8 8
31 128 64
32 64 8
33 128 4
34 256 1024
35 16 64
36 8 128
37 16 4
38 128 8
39 128 64
40 256 2048
41 16 8
42 512 256
43 128 64
44 128 128
45 16 8
46 128 8
47 8 16
48 512 2048
49 32 4
50 32 64
51 8 8
52 256 2048
53 16 16
54 8 64
55 32 32
56 32 64
57 64 4
58 8 128
59 64 4
60 2048 512
61 1024 512
62 8 128
63 512 2048
64 512 1024
65 256 256
66 512 2048
67 2048 256
68 8 32
69 1024 2048
70 256 2048
71 1024 1024
72 256 512
73 64 64
74 2048 512
75 512 1024
76 64 4
77 64 32
78 64 16
79 8 64
80 256 512
81 16 8
82 16 8
83 4 4
84 512 256
85 32 4
86 16 16
87 64 16
88 256 256
89 16 8
90 256 256
91 4 8
92 128 128
93 16 4
94 16 8
95 32 16
96 64 128
97 128 8
98 1024 512
99 16 64
100 64 16
101 16 4
102 256 512
103 4 16
104 128 8
105 8 8
106 32 8
107 8 128
108 8 4
109 32 4
110 1024 1024
111 64 16
112 128 64
113 256 1024
114 16 32
115 16 8
116 1024 1024
117 32 128
118 1024 512
119 32 8
120 4 16
121 32 128
122 64 4
123 8 32
124 16 64
125 128 16
126 128 8
127 1024 256
128 4 64
129 128 16
130 1024 1024
131 512 1024
132 16 8
133 4 16
134 128 64
135 4 64
136 128 4
137 8 128
138 256 1024
139 4 128
140 16 16
141 128 4
142 16 8
143 128 8
144 64 64
145 16 8
146 16 64
147 4 8
148 64 32
149 128 16
150 64 4
151 512 512
152 64 8
153 64 8
154 8 128
155 4 8
156 4 128
157 512 512
158 8 64
159 256 256
160 32 32
161 32 16
162 128 64
163 2048 256
164 512 1024
165 4 64
166 32 32
167 256 1024
168 128 4
169 256 256
170 4 128
171 128 32
172 8 16
173 8 4
174 16 8
175 8 64
176 64 32
177 128 128
178 64 16
179 8 32
180 512 2048
181 4 8
182 1024 256
183 32 4
184 64 64
185 2048 1024
186 4 128
187 4 4
188 4 32
189 32 4
190 2048 1024
191 2048 2048
192 4 4
193 8 128
194 64 32
195 16 8
196 64 4
197 16 128
198 64 16
199 512 1024
200 128 64
201 2048 1024
202 2048 2048
203 256 256
204 32 16
205 512 1024
206 8 32
207 128 4
208 64 8
209 4 32
210 32 128
211 32 128
212 8 16
213 8 32
214 16 4
215 512 256
216 128 4
217 8 8
218 32 64
219 256 512
220 128 64
221 512 512
222 8 32
223 4 8
224 64 16
225 64 64
226 4 32
227 16 32
228 1024 1024
229 128 16
230 2048 1024
231 64 8
232 128 16
233 128 32
234 16 4
235 1024 1024
236 8 64
237 64 32
238 64 16
239 128 4
240 128 128
241 512 1024
242 256 512
243 1024 512
244 4 16
245 32 64
246 4 32
247 2048 1024
248 4 4
249 1024 1024
250 64 32
251 8 128
252 8 32
253 32 16
254 64 16
255 2048 2048
256 64 16
257 64 4
258 32 8
259 32 32
260 256 512
261 256 512
262 2048 256
263 8 128
264 16 128
265 8 16
266 128 64
267 1024 512
268 128 128
269 128 128
270 8 4
271 4 16
272 16 16
273 64 4
274 1024 256
275 16 16
276 256 1024
277 128 16
278 64 64
279 64 16
280 256 512
281 16 8
282 2048 512
283 1024 2048
284 8 16
285 4 8
286 32 16
287 64 8
288 128 32
289 128 4
290 2048 1024
291 32 16
292 64 64
293 256 2048
294 32 8
295 16 32
296 64 16
297 4 128
298 512 256
299 64 4
300 2048 2048
301 2048 1024
302 128 8
303 2048 2048
304 4 4
305 16 16
306 16 32
307 16 128
308 32 64
309 32 4
310 1024 1024
311 512 1024
312 1024 256
313 128 32
314 4 8
315 32 4
316 4 64
317 32 8
318 256 2048
319 1024 256
320 16 8
321 1024 256
322 16 4
323 64 16
324 256 2048
325 8 16
326 32 16
327 16 64
328 16 4
329 4 8
330 2048 1024
331 512 512
332 32 32
333 128 4
334 16 128
335 8 64
336 8 16
337 128 32
338 512 512
339 16 128
340 128 16
341 64 32
342 64 128
343 16 4
344 32 4
345 1024 2048
346 128 64
347 64 32
348 32 16
349 1024 256
350 8 8
351 32 64
352 32 8
353 64 4
354 16 32
355 8 64
356 8 4
357 128 4
358 128 32
359 4 128
360 16 16
361 16 16
362 1024 2048
363 256 256
364 2048 512
365 256 1024
366 2048 256
367 128 4
368 16 8
369 256 512
370 64 64
371 16 16
372 512 1024
373 8 32
374 256 256
375 16 128
376 1024 1024
377 8 32
378 8 16
379 8 32
380 32 16
381 4 128
382 2048 2048
383 128 8
384 256 256
385 128 8
386 256 2048
387 1024 256
388 512 1024
389 4 64
390 16 64
391 512 256
392 16 4
393 64 128
394 256 512
395 4 128
396 1024 512
397 2048 512
398 16 8
399 1024 1024
400 64 32
401 16 16
402 16 64
403 4 128
404 16 16
405 256 1024
406 32 128
407 4 32
408 512 1024
409 256 256
410 16 128
411 1024 2048
412 32 4
413 8 16
414 256 2048
415 4 32
416 32 8
417 32 8
418 2048 256
419 64 16
420 32 32
421 128 128
422 1024 1024
423 8 4
424 8 32
425 4 16
426 64 128
427 256 512
428 16 8
429 4 4
430 32 16
431 4 4
432 32 8
433 32 64
434 1024 512
435 512 512
436 128 128
437 32 128
438 32 8
439 512 2048
440 1024 256
441 32 4
442 64 4
443 128 128
444 16 64
445 8 64
446 32 128
447 4 128
448 64 4
449 16 8
450 32 16
451 64 4
452 2048 512
453 8 32
454 512 256
455 64 128
456 32 4
457 4 16
458 16 8
459 256 2048
460 256 1024
461 2048 2048
462 256 1024
463 2048 2048
464 64 64
465 1024 2048
466 4 16
467 4 8
468 8 128
469 1024 256
470 8 64
471 512 512
472 128 32
473 1024 2048
474 128 32
475 64 16
476 256 256
477 16 8
478 4 8
479 2048 512
480 32 128
481 1024 1024
482 8 16
483 2048 512
484 512 1024
485 32 32
486 32 16
487 128 128
488 64 128
489 128 4
490 1024 256
491 64 32
492 8 32
493 4 8
494 128 8
495 8 16
496 2048 1024
497 16 4
498 512 256
499 64 128
500 32 32
501 2048 256
502 32 8
503 32 64
504 2048 1024
505 4 64
506 8 32
507 32 128
508 32 8
509 32 64
510 256 256
511 8 128
512 4 16
513 32 128
514 128 8
515 8 32
516 128 16
517 64 64
518 16 8
519 8 4
520 16 16
521 64 8
522 32 128
523 64 64
524 128 32
525 64 16
526 128 64
527 1024 2048
528 32 4
529 32 4
530 8 4
531 64 4
532 4 8
533 4 64
534 8 32
535 64 4
536 32 128
537 2048 512
538 64 8
539 32 64
540 16 4
541 16 8
542 4 8
543 512 512
544 4 4
545 32 32
546 256 512
547 128 4
548 2048 1024
549 128 32
550 16 128
551 128 64
552 64 4
553 256 512
554 16 128
555 2048 512
556 1024 512
557 512 512
558 32 8
559 1024 2048
560 32 8
561 512 256
562 16 8
563 8 4
564 256 2048
565 128 4
566 64 4
567 4 16
568 4 32
569 32 64
570 32 16
571 16 32
572 2048 256
573 32 64
574 16 64
575 64 128
576 512 512
577 1024 2048
578 128 32
579 8 64
580 4 16
581 32 8
582 128 16
583 16 16
584 2048 2048
585 64 32
586 2048 2048
587 1024 512
588 256 2048
589 128 8
590 16 128
591 64 64
592 512 2048
593 8 128
594 64 32
595 128 128
596 8 32
597 32 4
598 4 64
599 512 2048
600 8 4
601 128 128
602 8 4
603 4 16
604 256 1024
605 256 512
606 8 128
607 8 64
608 2048 256
609 128 64
610 64 8
611 8 128
612 256 512
613 256 256
614 32 128
615 8 64
616 4 4
617 128 128
618 16 32
619 64 16
620 512 512
621 512 512
622 8 64
623 64 128
624 64 8
625 16 128
626 32 8
627 4 64
628 16 8
629 4 4
630 1024 1024
631 4 4
632 128 32
633 512 2048
634 16 128
635 512 2048
636 32 64
637 32 4
638 32 64
639 256 512
640 4 4
641 64 32
642 8 128
643 128 16
644 128 8
645 1024 512
646 32 64
647 16 64
648 64 16
649 512 1024
650 16 4
651 16 32
652 4 16
653 16 8
654 2048 2048
655 32 4
656 8 16
657 128 16
658 16 4
659 256 2048
660 4 8
661 256 512
662 64 8
663 8 4
664 2048 1024
665 64 8
666 128 4
667 8 64
668 2048 256
669 512 256
670 4 128
671 8 32
672 4 4
673 4 8
674 1024 256
675 128 4
676 4 128
677 4 4
678 256 256
679 8 128
680 32 8
681 256 1024
682 8 8
683 8 16
684 512 1024
685 128 4
686 2048 2048
687 2048 2048
688 1024 1024
689 512 256
690 16 32
691 32 16
692 4 4
693 1024 2048
694 32 4
695 1024 1024
696 16 16
697 4 64
698 1024 2048
699 128 32
700 512 2048
701 16 128
702 4 16
703 32 4
704 2048 256
705 16 128
706 2048 2048
707 8 8
708 1024 1024
709 4 4
710 4 64
711 64 128
712 8 32
713 8 16
714 2048 256
715 8 64
716 128 16
717 16 16
718 512 2048
719 4 16
720 32 16
721 256 256
722 16 128
723 2048 512
724 16 32
725 1024 2048
726 4 128
727 512 512
728 8 4
729 128 32
730 4 16
731 4 8
732 16 4
733 16 128
734 128 64
735 16 4
736 2048 512
737 128 16
738 64 16
739 2048 2048
740 1024 1024
741 4 4
742 8 64
743 8 4
744 128 32
745 256 512
746 1024 512
747 8 32
748 1024 256
749 512 512
750 512 512
751 8 128
752 128 64
753 4 64
754 64 32
755 64 32
756 1024 1024
757 1024 256
758 128 64
759 16 32
760 32 128
761 16 8
762 64 32
763 512 256
764 256 2048
765 4 8
766 1024 256
767 128 32
768 32 16
769 16 128
770 32 4
771 32 8
772 512 1024
773 8 8
774 8 8
775 4 8
776 2048 2048
777 4 32
778 4 4
779 512 256
780 256 256
781 128 16
782 1024 1024
783 256 256
784 4 32
785 1024 512
786 128 32
787 16 4
788 16 128
789 64 32
790 8 32
791 16 32
792 32 32
793 32 32
794 1024 2048
795 4 4
796 512 2048
797 16 64
798 64 128
799 32 4
800 128 32
801 4 32
802 16 64
803 8 128
804 16 32
805 32 128
806 512 256
807 16 16
808 32 64
809 256 2048
810 64 8
811 8 32
812 8 4
813 128 64
814 2048 2048
815 1024 512
816 16 4
817 8 8
818 256 256
819 2048 256
820 512 512
821 4 128
822 2048 1024
823 16 32
824 1024 512
825 32 32
826 32 8
827 1024 2048
828 128 4
829 512 1024
830 16 64
831 1024 2048
832 64 4
833 32 8
834 256 2048
835 256 2048
836 4 16
837 64 8
838 128 4
839 32 128
840 16 4
841 32 16
842 2048 1024
843 16 32
844 128 4
845 512 512
846 128 4
847 64 32
848 8 8
849 64 64
850 256 256
851 2048 2048
852 4 64
853 1024 2048
854 1024 256
855 16 32
856 2048 2048
857 16 128
858 256 256
859 128 16
860 256 512
861 32 4
862 64 64
863 128 64
864 16 16
865 4 4
866 4 32
867 32 128
868 256 512
869 128 128
870 4 32
871 4 4
872 4 128
873 1024 256
874 128 8
875 64 4
876 16 4
877 512 256
878 8 8
879 512 512
880 32 128
881 8 4
882 8 16
883 256 256
884 256 2048
885 128 4
886 4 64
887 128 128
888 32 8
889 512 1024
890 64 8
891 64 8
892 1024 256
893 4 8
894 32 32
895 128 128
896 4 32
897 4 8
898 128 64
899 8 16
900 16 16
901 8 4
902 32 16
903 4 128
904 4 128
905 8 32
906 16 64
907 128 4
908 2048 1024
909 8 4
910 64 4
911 128 8
912 2048 256
913 1024 1024
914 4 64
915 16 128
916 8 32
917 64 32
918 16 16
919 4 8
920 32 64
921 16 32
922 64 32
923 4 4
924 4 64
925 32 8
926 128 64
927 64 32
928 32 16
929 4 64
930 32 16
931 16 4
932 4 32
933 16 4
934 64 32
935 16 128
936 128 16
937 4 64
938 64 16
939 2048 512
940 16 8
941 4 64
942 4 4
943 8 32
944 128 32
945 128 128
946 16 4
947 512 2048
948 16 4
949 1024 2048
950 128 16
951 4 4
952 1024 256
953 4 32
954 64 16
955 8 64
956 32 32
957 128 32
958 128 32
959 512 256
960 8 16
961 8 8
962 2048 2048
963 64 64
964 2048 256
965 4 8
966 1024 256
967 8 128
968 64 8
969 64 8
970 64 64
971 1024 2048
972 64 32
973 2048 2048
974 16 128
975 64 32
976 128 128
977 2048 256
978 8 32
979 256 1024
980 32 64
981 256 2048
982 8 64
983 512 1024
984 32 128
985 512 1024
986 1024 1024
987 4 4
988 1024 512
989 8 8
990 128 16
991 32 16
992 8 4
993 128 128
994 64 128
995 8 32
996 128 64
997 8 8
998 256 512
999 1024 512
1000 32 128
1001 128 128
1002 256 1024
1003 128 4
1004 8 64
1005 64 4
1006 128 4
1007 64 128
1008 128 32
1009 64 4
1010 16 4
1011 1024 512
1012 8 4
1013 256 512
1014 32 16
1015 8 4
1016 16 128
1017 32 128
1018 8 4
1019 4 16
1020 16 4
1021 1024 256
1022 1024 1024
1023 8 64
1024 128 64
1025 512 1024
1026 16 16
1027 512 256
1028 512 256
1029 1024 1024
1030 128 64
1031 1024 2048
1032 2048 512
1033 2048 256
1034 2048 512
1035 256 512
1036 4 32
1037 8 16
1038 4 8
1039 128 64
1040 128 128
1041 8 128
1042 4 8
1043 256 1024
1044 256 512
1045 32 64
1046 1024 2048
1047 2048 2048
1048 1024 256
1049 2048 2048
1050 1024 1024
1051 128 4
1052 512 1024
1053 32 4
1054 1024 512
1055 2048 1024
1056 512 2048
1057 1024 256
1058 16 32
1059 64 8
1060 512 512
1061 256 512
1062 2048 512
1063 16 128
1064 16 64
1065 8 8
1066 512 256
1067 128 128
1068 32 32
1069 1024 1024
1070 128 8
1071 128 8
1072 64 32
1073 256 2048
1074 16 4
1075 2048 256
1076 32 32
1077 128 32
1078 16 64
1079 8 16
1080 128 32
1081 4 64
1082 2048 256
1083 8 8
1084 4 8
1085 8 64
1086 512 256
1087 4 4
1088 4 32
1089 4 8
1090 2048 512
1091 1024 256
1092 16 16
1093 128 4
1094 1024 256
1095 4 16
1096 16 8
1097 2048 512
1098 8 128
1099 2048 2048
1100 8 16
1101 64 4
1102 4 128
1103 32 4
1104 4 64
1105 8 4
1106 64 32
1107 128 128
1108 2048 256
1109 8 128
1110 16 32
1111 128 8
1112 16 32
1113 8 32
1114 64 32
1115 32 64
1116 32 32
1117 32 16
1118 4 4
1119 64 8
1120 32 16
1121 64 8
1122 512 256
1123 512 2048
1124 128 128
1125 32 16
1126 16 64
1127 128 16
1128 64 128
1129 4 16
1130 4 4
1131 8 32
1132 8 32
1133 32 64
1134 16 32
1135 2048 512
1136 256 256
1137 32 128
1138 32 4
1139 64 16
1140 32 128
1141 512 1024
1142 2048 256
1143 2048 2048
1144 512 1024
1145 8 4
1146 64 64
1147 16 4
1148 4 8
1149 1024 256
1150 128 128
1151 4 8
1152 32 16
1153 256 256
1154 8 8
1155 64 4
1156 128 8
1157 16 8
1158 2048 1024
1159 512 512
1160 4 128
1161 64 4
1162 1024 1024
1163 128 4
1164 16 64
1165 1024 2048
1166 2048 1024
1167 32 4
1168 4 4
1169 32 8
1170 64 4
1171 512 512
1172 16 32
1173 2048 2048
1174 16 128
1175 32 8
1176 128 16
1177 4 64
1178 4 8
1179 256 1024
1180 8 4
1181 4 8
1182 2048 1024
1183 16 8
1184 8 8
1185 8 128
1186 8 128
1187 128 16
1188 4 8
1189 8 32
1190 4 4
1191 1024 256
1192 4 32
1193 32 16
1194 128 32
1195 1024 512
1196 256 256
1197 128 8
1198 512 2048
1199 16 8
1200 32 128
1201 8 128
1202 128 8
1203 128 32
1204 64 64
1205 4 64
1206 16 64
1207 32 16
1208 64 16
1209 64 16
1210 4 64
1211 128 64
1212 2048 512
1213 4 32
1214 32 128
1215 512 512
1216 4 64
1217 64 16
1218 16 32
1219 4 8
1220 4 4
1221 8 128
1222 8 4
1223 64 8
1224 16 128
1225 1024 256
1226 1024 2048
1227 256 2048
1228 512 256
1229 1024 512
1230 4 16
1231 256 1024
1232 4 32
1233 64 128
1234 1024 2048
1235 1024 256
1236 8 128
1237 64 16
1238 512 512
1239 16 16
1240 4 128
1241 512 256
1242 8 64
1243 2048 256
1244 256 512
1245 8 32
1246 8 128
1247 4 8
1248 2048 1024
1249 32 64
1250 128 8
1251 16 8
1252 32 16
1253 16 64
1254 4 8
1255 2048 1024
1256 64 128
1257 1024 256
1258 128 8
1259 16 128
1260 16 16
1261 2048 256
1262 32 128
1263 32 64
1264 4 8
1265 32 16
1266 8 16
1267 16 4
1268 8 128
1269 64 32
1270 128 128
1271 4 32
1272 16 32
1273 256 2048
1274 2048 512
1275 4 4
1276 2048 256
1277 2048 1024
1278 128 8
1279 4 16
1280 2048 256
1281 128 64
1282 16 16
1283 8 64
1284 8 128
1285 8 8
1286 32 32
1287 16 4
1288 64 64
1289 16 8
1290 128 64
1291 512 256
1292 2048 2048
1293 16 4
1294 32 4
1295 128 64
1296 8 64
1297 512 512
1298 2048 256
1299 512 2048
1300 8 64
1301 32 128
1302 4 16
1303 8 4
1304 64 64
1305 64 128
1306 4 4
1307 64 8
1308 4 16
1309 2048 256
1310 64 4
1311 16 128
1312 2048 256
1313 32 8
1314 1024 1024
1315 16 4
1316 8 4
1317 128 128
1318 256 1024
1319 1024 2048
1320 32 16
1321 4 4
1322 2048 512
1323 64 32
1324 8 8
1325 2048 256
1326 16 32
1327 16 4
1328 512 512
1329 32 128
1330 64 64
1331 128 8
1332 512 1024
1333 1024 512
1334 32 16
1335 8 16
1336 32 16
1337 128 4
1338 128 64
1339 256 256
1340 16 64
1341 8 128
1342 8 64
1343 8 128
1344 64 16
1345 4 128
1346 64 64
1347 512 256
1348 64 8
1349 128 4
1350 4 128
1351 128 128
1352 4 8
1353 32 32
1354 128 8
1355 64 64
1356 4 128
1357 512 512
1358 32 128
1359 32 128
1360 64 128
1361 128 128
1362 2048 256
1363 512 512
1364 1024 2048
1365 8 4
1366 128 16
1367 64 32
1368 8 32
1369 64 8
1370 128 8
1371 4 32
1372 256 512
1373 32 128
1374 16 64
1375 256 256
1376 64 16
1377 64 4
1378 1024 1024
1379 1024 2048
1380 1024 1024
1381 32 8
1382 4 64
1383 128 4
1384 16 32
1385 8 64
1386 64 16
1387 2048 256
1388 64 128
1389 32 4
1390 64 64
1391 256 2048
1392 4 8
1393 4 16
1394 4 16
1395 128 4
1396 32 64
1397 64 4
1398 4 8
1399 32 4
1400 2048 512
1401 64 8
1402 128 8
1403 32 8
1404 128 4
1405 8 16
1406 1024 1024
1407 32 4
1408 128 4
1409 64 128
1410 2048 2048
1411 4 32
1412 512 256
1413 128 4
1414 64 16
1415 4 4
1416 2048 1024
1417 16 8
1418 32 16
1419 8 8
1420 8 128
1421 256 1024
1422 512 1024
1423 4 16
1424 32 128
1425 64 8
1426 4 128
1427 512 1024
1428 128 128
1429 16 16
1430 2048 256
1431 16 4
1432 512 512
1433 512 512
1434 4 32
1435 64 128
1436 512 256
1437 4 32
1438 1024 2048
1439 32 4
1440 16 32
1441 128 32
1442 512 512
1443 8 64
1444 512 512
1445 128 4
1446 64 16
1447 2048 1024
1448 4 128
1449 128 4
1450 16 4
1451 1024 2048
1452 64 128
1453 64 32
1454 256 256
1455 1024 1024
1456 128 16
1457 512 256
1458 128 32
1459 16 128
1460 4 4
1461 8 32
1462 512 512
1463 32 128
1464 32 32
1465 64 32
1466 8 4
1467 2048 1024
1468 32 64
1469 512 256
1470 256 256
1471 32 128
1472 8 16
1473 512 2048
1474 16 8
1475 256 512
1476 128 128
1477 16 16
1478 4 8
1479 4 128
1480 128 8
1481 16 8
1482 32 8
1483 8 4
1484 2048 2048
1485 16 16
1486 32 16
1487 4 16
1488 128 64
1489 64 64
1490 64 8
1491 1024 256
1492 512 1024
1493 16 16
1494 64 8
1495 4 16
1496 64 32
1497 8 16
1498 64 4
1499 32 8
1500 64 64
1501 128 64
1502 512 256
1503 8 64
1504 32 8
1505 32 128
1506 1024 512
1507 2048 2048
1508 2048 512
1509 4 64
1510 512 1024
1511 128 32
1512 16 64
1513 8 4
1514 1024 512
1515 1024 1024
1516 8 8
1517 4 8
1518 4 4
1519 4 128
1520 8 8
1521 32 8
1522 8 32
1523 512 2048
1524 512 256
1525 128 32
1526 8 128
1527 256 256
1528 1024 256
1529 512 512
1530 8 8
1531 512 1024
1532 1024 512
1533 16 64
1534 128 16
1535 4 16
1536 64 128
1537 64 16
1538 2048 2048
1539 8 8
1540 128 64
1541 1024 1024
1542 32 64
1543 64 64
1544 8 64
1545 4 64
1546 64 128
1547 512 2048
1548 8 4
1549 16 16
1550 32 128
1551 16 8
1552 64 16
1553 16 4
1554 16 4
1555 1024 2048
1556 512 512
1557 512 2048
1558 8 32
1559 2048 1024
1560 8 16
1561 8 16
1562 16 128
1563 64 16
1564 128 8
1565 1024 1024
1566 512 512
1567 32 4
1568 32 4
1569 64 128
1570 8 32
1571 512 2048
1572 16 64
1573 8 128
1574 128 64
1575 512 1024
1576 4 16
1577 256 256
1578 64 4
1579 256 2048
1580 8 4
1581 512 1024
1582 128 128
1583 32 16
1584 2048 512
1585 1024 2048
1586 128 32
1587 8 32
1588 16 4
1589 64 64
1590 32 4
1591 32 32
1592 4 8
1593 4 4
1594 512 512
1595 2048 256
1596 1024 2048
1597 8 4
1598 2048 256
1599 16 32
1600 64 4
1601 16 8
1602 16 32
1603 1024 1024
1604 64 32
1605 1024 2048
1606 4 16
1607 128 128
1608 8 16
1609 1024 2048
1610 512 1024
1611 4 16
1612 2048 256
1613 256 256
1614 4 128
1615 128 8
1616 4 4
1617 1024 256
1618 128 128
1619 512 1024
1620 2048 256
1621 64 64
1622 128 8
1623 64 32
1624 128 128
1625 1024 256
1626 32 8
1627 1024 1024
1628 16 32
1629 32 16
1630 16 64
1631 4 16
1632 256 1024
1633 16 4
1634 4 8
1635 8 4
1636 32 64
1637 512 2048
1638 4 128
1639 32 4
1640 8 4
1641 4 32
1642 64 32
1643 32 16
1644 2048 2048
1645 8 8
1646 8 4
1647 32 32
1648 2048 2048
1649 1024 256
1650 4 32
1651 128 64
1652 512 2048
1653 1024 2048
1654 128 32
1655 64 8
1656 4 32
1657 16 128
1658 4 64
1659 512 2048
1660 8 128
1661 512 256
1662 128 128
1663 256 512
1664 16 16
1665 1024 2048
1666 1024 2048
1667 512 1024
1668 128 4
1669 1024 256
1670 512 512
1671 64 8
1672 4 64
1673 16 16
1674 32 4
1675 16 8
1676 128 16
1677 64 64
1678 32 16
1679 64 4
1680 512 512
1681 32 8
1682 512 1024
1683 64 128
1684 2048 1024
1685 64 4
1686 64 16
1687 8 16
1688 16 128
1689 4 8
1690 2048 256
1691 4 32
1692 2048 1024
1693 4 32
1694 256 256
1695 1024 512
1696 128 8
1697 2048 2048
1698 64 16
1699 128 16
1700 32 4
1701 2048 2048
1702 8 32
1703 1024 2048
1704 4 128
1705 8 64
1706 4 4
1707 128 16
1708 4 64
1709 2048 1024
1710 128 8
1711 64 4
1712 1024 512
1713 64 128
1714 256 256
1715 4 32
1716 64 8
1717 8 128
1718 1024 256
1719 512 256
1720 64 4
1721 16 32
1722 8 16
1723 256 2048
1724 128 4
1725 8 32
1726 128 16
1727 512 256
1728 2048 1024
1729 16 128
1730 32 16
1731 32 64
1732 512 2048
1733 2048 1024
1734 512 1024
1735 16 16
1736 512 256
1737 1024 2048
1738 64 64
1739 64 4
1740 256 256
1741 64 16
1742 512 256
1743 8 16
1744 32 128
1745 64 8
1746 16 64
1747 8 128
1748 128 16
1749 64 16
1750 16 128
1751 64 8
1752 16 128
1753 32 32
1754 4 64
1755 4 64
1756 4 32
1757 512 512
1758 2048 2048
1759 8 128
1760 256 512
1761 512 1024
1762 256 512
1763 1024 2048
1764 512 1024
1765 128 64
1766 128 4
1767 8 4
1768 8 16
1769 16 32
1770 16 128
1771 32 64
1772 128 32
1773 256 512
1774 32 8
1775 64 16
1776 4 8
1777 16 64
1778 16 4
1779 16 64
1780 1024 512
1781 32 128
1782 16 32
1783 64 8
1784 1024 256
1785 2048 512
1786 16 32
1787 64 4
1788 128 64
1789 256 512
1790 1024 512
1791 4 16
1792 2048 256
1793 4 8
1794 512 1024
1795 64 32
1796 2048 2048
1797 8 4
1798 2048 2048
1799 16 8
1800 2048 2048
1801 32 64
1802 16 16
1803 32 4
1804 64 64
1805 8 128
1806 4 128
1807 8 4
1808 16 64
1809 32 16
1810 8 64
1811 16 8
1812 1024 2048
1813 64 16
1814 512 1024
1815 256 1024
1816 512 2048
1817 512 512
1818 64 16
1819 32 4
1820 128 16
1821 64 16
1822 16 128
1823 16 32
1824 2048 2048
1825 1024 256
1826 8 8
1827 1024 512
1828 512 512
1829 8 128
1830 1024 512
1831 16 8
1832 4 32
1833 16 4
1834 256 256
1835 128 32
1836 256 256
1837 8 32
1838 512 1024
1839 512 2048
1840 32 8
1841 2048 256
1842 4 128
1843 128 16
1844 4 32
1845 128 4
1846 1024 256
1847 8 128
1848 4 16
1849 2048 256
1850 32 4
1851 8 32
1852 128 128
1853 4 128
1854 32 16
1855 16 16
1856 128 16
1857 64 64
1858 32 128
1859 2048 1024
1860 4 128
1861 128 8
1862 128 128
1863 256 2048
1864 4 128
1865 1024 1024
1866 1024 512
1867 8 128
1868 8 64
1869 64 32
1870 1024 1024
1871 16 64
1872 256 512
1873 512 512
1874 1024 512
1875 8 32
1876 256 256
1877 16 64
1878 16 16
1879 16 8
1880 512 256
1881 32 128
1882 8 8
1883 4 32
1884 32 16
1885 64 16
1886 32 16
1887 2048 2048
1888 8 128
1889 32 64
1890 512 256
1891 4 4
1892 16 16
1893 512 256
1894 1024 256
1895 64 128
1896 128 16
1897 16 64
1898 32 64
1899 128 32
1900 256 2048
1901 1024 512
1902 32 64
1903 8 32
1904 64 4
1905 4 32
1906 32 8
1907 32 8
1908 128 32
1909 16 32
1910 8 4
1911 64 16
1912 16 4
1913 512 256
1914 256 256
1915 128 32
1916 256 2048
1917 16 64
1918 1024 256
1919 32 128
1920 4 128
1921 4 32
1922 32 16
1923 8 32
1924 32 8
1925 32 4
1926 64 32
1927 4 128
1928 64 4
1929 16 16
1930 256 2048
1931 1024 2048
1932 256 1024
1933 1024 2048
1934 8 128
1935 32 64
1936 1024 2048
1937 64 8
1938 4 16
1939 16 16
1940 2048 1024
1941 8 128
1942 16 8
1943 512 512
1944 128 16
1945 8 64
1946 256 512
1947 64 32
1948 64 8
1949 64 64
1950 128 4
1951 8 16
1952 64 32
1953 128 64
1954 64 4
1955 512 256
1956 512 256
1957 8 128
1958 128 16
1959 256 512
1960 64 8
1961 2048 256
1962 1024 2048
1963 256 512
1964 2048 512
1965 16 64
1966 32 8
1967 256 256
1968 16 32
1969 32 64
1970 32 8
1971 512 512
1972 2048 256
1973 128 16
1974 128 128
1975 16 8
1976 32 8
1977 64 128
1978 512 256
1979 16 8
1980 32 128
1981 16 4
1982 8 8
1983 512 256
1984 2048 512
1985 2048 512
1986 64 4
1987 64 32
1988 8 16
1989 8 32
1990 4 128
1991 8 64
1992 64 4
1993 64 32
1994 16 8
1995 4 64
1996 1024 1024
1997 16 8
1998 128 32
1999 4 4
2000 512 2048
2001 256 1024
2002 64 8
2003 32 4
2004 2048 1024
2005 512 256
2006 2048 512
2007 128 8
2008 8 8
2009 4 16
2010 8 8
2011 128 32
2012 512 2048
2013 1024 2048
2014 4 64
2015 8 32
2016 1024 256
2017 32 4
2018 4 32
2019 1024 2048
2020 4 32
2021 512 2048
2022 4 8
2023 64 8
2024 8 16
2025 256 2048
2026 128 128
2027 16 32
2028 16 16
2029 128 128
2030 2048 1024
2031 128 16
2032 256 512
2033 16 64
2034 128 16
2035 2048 2048
2036 2048 1024
2037 16 16
2038 16 8
2039 32 16
2040 256 2048
2041 4 64
2042 32 16
2043 64 4
2044 4 4
2045 512 1024
2046 16 32
2047 64 128
2048 8 128
2049 128 8
2050 2048 512
2051 32 32
2052 64 32
2053 512 256
2054 32 32
2055 4 4
2056 4 64
2057 1024 1024
2058 128 128
2059 8 32
2060 64 4
2061 1024 1024
2062 512 256
2063 2048 512
2064 32 32
2065 2048 512
2066 4 64
2067 1024 2048
2068 128 64
2069 4 4
2070 32 32
2071 64 128
2072 512 2048
2073 2048 1024
2074 16 32
2075 256 512
2076 64 128
2077 128 32
2078 2048 256
2079 32 32
2080 1024 256
2081 256 256
2082 128 64
2083 128 128
2084 8 4
2085 64 128
2086 4 32
2087 32 8
2088 1024 1024
2089 2048 1024
2090 128 16
2091 32 16
2092 64 4
2093 128 64
2094 4 128
2095 64 64
2096 4 16
2097 32 64
2098 64 8
2099 1024 256
2100 1024 1024
2101 16 16
2102 128 64
2103 4 8
2104 64 64
2105 128 8
2106 16 8
2107 512 1024
2108 512 2048
2109 32 16
2110 256 1024
2111 4 32
2112 2048 256
2113 256 1024
2114 64 32
2115 32 64
2116 64 128
2117 64 128
2118 2048 1024
2119 64 8
2120 128 128
2121 4 16
2122 512 256
2123 16 8
2124 1024 2048
2125 128 64
2126 32 64
2127 64 64
2128 4 4
2129 1024 1024
2130 256 512
2131 32 128
2132 8 32
2133 512 256
2134 256 2048
2135 2048 256
2136 1024 256
2137 16 8
2138 32 4
2139 128 32
2140 128 4
2141 512 512
2142 64 64
2143 64 8
2144 4 64
2145 16 16
2146 512 512
2147 2048 2048
2148 64 8
2149 64 4
2150 1024 1024
2151 4 8
2152 16 32
2153 128 8
2154 1024 256
2155 8 64
2156 32 32
2157 512 512
2158 128 8
2159 8 32
2160 4 64
2161 4 32
2162 64 4
2163 4 64
2164 4 4
2165 512 512
2166 64 16
2167 128 128
2168 32 128
2169 128 64
2170 8 8
2171 16 8
2172 8 32
2173 256 2048
2174 4 128
2175 128 16
2176 512 256
2177 1024 2048
2178 4 128
2179 2048 2048
2180 64 16
2181 2048 1024
2182 256 2048
2183 32 128
2184 2048 1024
2185 8 128
2186 16 32
2187 16 8
2188 16 8
2189 128 128
2190 2048 256
2191 256 512
2192 2048 512
2193 1024 256
2194 128 32
2195 2048 1024
2196 4 16
2197 16 8
2198 2048 2048
2199 128 4
2200 8 128
2201 64 16
2202 256 256
2203 4 128
2204 32 16
2205 16 16
2206 16 32
2207 2048 1024
2208 8 128
2209 8 8
2210 1024 256
2211 32 8
2212 64 4
2213 64 128
2214 128 128
2215 16 8
2216 4 32
2217 512 2048
2218 8 64
2219 128 32
2220 8 128
2221 8 4
2222 4 128
2223 8 4
2224 128 16
2225 512 512
2226 64 4
2227 1024 256
2228 8 4
2229 1024 256
2230 128 32
2231 128 64
2232 1024 1024
2233 1024 512
2234 16 8
2235 1024 256
2236 8 32
2237 256 256
2238 4 16
2239 2048 2048
2240 32 4
2241 8 64
2242 4 4
2243 2048 512
2244 256 1024
2245 512 512
2246 32 128
2247 64 128
2248 16 128
2249 32 128
2250 8 32
2251 64 32
2252 1024 2048
2253 8 16
2254 4 128
2255 4 32
2256 8 8
2257 512 1024
2258 128 128
2259 8 128
2260 32 32
2261 128 16
2262 1024 512
2263 128 16
2264 512 512
2265 64 8
2266 2048 256
2267 64 128
2268 1024 256
2269 4 32
2270 16 4
2271 512 256
2272 512 512
2273 1024 512
2274 8 16
2275 2048 512
2276 8 16
2277 16 64
2278 64 64
2279 8 32
2280 128 128
2281 32 128
2282 4 4
2283 4 8
2284 16 16
2285 32 32
2286 8 32
2287 16 8
2288 128 32
2289 16 4
2290 256 256
2291 1024 2048
2292 256 2048
2293 1024 2048
2294 128 16
2295 1024 512
2296 2048 512
2297 64 4
2298 256 512
2299 256 256
2300 2048 1024
2301 64 8
2302 2048 512
2303 8 64
2304 1024 256
2305 2048 256
2306 512 1024
2307 32 4
2308 64 4
2309 32 8
2310 4 16
2311 512 1024
2312 2048 256
2313 8 16
2314 8 4
2315 128 8
2316 4 64
2317 128 8
2318 16 64
2319 128 128
2320 1024 2048
2321 1024 2048
2322 16 32
2323 8 16
2324 128 128
2325 8 32
2326 32 4
2327 64 16
2328 256 256
2329 16 64
2330 4 8
2331 1024 2048
2332 16 16
2333 4 64
2334 1024 1024
2335 32 64
2336 32 16
2337 8 64
2338 64 64
2339 64 128
2340 8 128
2341 64 8
2342 8 32
2343 128 128
2344 4 32
2345 256 256
2346 8 32
2347 16 128
2348 4 64
2349 1024 512
2350 256 2048
2351 64 4
2352 128 16
2353 64 32
2354 64 64
2355 32 128
2356 64 64
2357 256 256
2358 4 16
2359 16 32
2360 32 4
2361 64 32
2362 32 8
2363 256 512
2364 2048 1024
2365 1024 512
2366 512 1024
2367 32 4
2368 8 4
2369 32 16
2370 2048 2048
2371 64 64
2372 1024 256
2373 64 8
2374 32 32
2375 32 4
2376 16 64
2377 128 8
2378 128 16
2379 2048 1024
2380 32 128
2381 1024 2048
2382 4 32
2383 64 4
2384 512 256
2385 1024 1024
2386 1024 256
2387 256 256
2388 4 16
2389 8 16
2390 32 4
2391 128 32
2392 128 4
2393 8 16
2394 8 4
2395 8 8
2396 512 256
2397 64 4
2398 256 512
2399 256 1024
2400 64 8
2401 512 2048
2402 1024 1024
2403 128 4
2404 16 64
2405 128 64
2406 128 8
2407 256 512
2408 64 8
2409 4 64
2410 32 8
2411 128 32
2412 2048 256
2413 8 64
2414 512 2048
2415 64 4
2416 256 256
2417 8 32
2418 16 8
2419 32 16
2420 32 128
2421 64 4
2422 2048 512
2423 512 2048
2424 512 2048
2425 1024 2048
2426 4 128
2427 2048 256
2428 32 64
2429 4 4
2430 32 4
2431 8 16
2432 8 128
2433 128 32
2434 16 32
2435 128 4
2436 32 32
2437 32 128
2438 16 8
2439 4 32
2440 16 128
2441 512 2048
2442 4 4
2443 8 128
2444 4 16
2445 16 32
2446 4 16
2447 1024 256
2448 32 16
2449 8 32
2450 16 4
2451 512 1024
2452 8 4
2453 32 16
2454 4 128
2455 128 16
2456 64 16
2457 64 16
2458 512 512
2459 64 128
2460 32 128
2461 2048 1024
2462 1024 2048
2463 8 64
2464 2048 1024
2465 64 4
2466 16 4
2467 16 16
2468 64 128
2469 16 64
2470 8 32
2471 16 4
2472 4 4
2473 1024 512
2474 8 4
2475 64 64
2476 128 8
2477 128 64
2478 64 8
2479 32 8
2480 32 4
2481 4 32
2482 64 8
2483 8 4
2484 4 4
2485 32 128
2486 32 4
2487 8 8
2488 2048 1024
2489 2048 1024
2490 64 4
2491 2048 512
2492 256 512
2493 32 32
2494 512 512
2495 512 2048
2496 4 64
2497 8 128
2498 256 256
2499 1024 256
2500 256 256
2501 64 8
2502 64 16
2503 4 8
2504 512 2048
2505 256 256
2506 128 128
2507 128 8
2508 8 16
2509 4 16
2510 128 128
2511 512 2048
2512 8 4
2513 16 16
2514 64 8
2515 64 4
2516 512 256
2517 16 16
2518 256 2048
2519 16 4
2520 64 4
2521 2048 256
2522 2048 2048
2523 256 512
2524 4 16
2525 4 16
2526 32 64
2527 512 256
2528 1024 512
2529 64 4
2530 4 32
2531 128 128
2532 32 64
2533 32 16
2534 8 64
2535 2048 1024
2536 64 32
2537 128 128
2538 8 64
2539 32 4
2540 32 32
2541 4 8
2542 1024 512
2543 128 8
2544 64 4
2545 64 64
2546 512 2048
2547 8 128
2548 128 16
2549 16 16
2550 2048 512
2551 16 128
2552 256 512
2553 64 128
2554 8 8
2555 64 8
2556 1024 256
2557 1024 256
2558 16 4
2559 2048 256
2560 2048 512
2561 1024 512
2562 128 32
2563 1024 2048
2564 64 4
2565 16 64
2566 512 256
2567 64 64
2568 256 512
2569 1024 2048
2570 512 512
2571 32 128
2572 16 64
2573 8 8
2574 32 128
2575 64 16
2576 32 4
2577 128 128
2578 1024 1024
2579 4 64
2580 32 16
2581 64 128
2582 1024 512
2583 1024 1024
2584 2048 512
2585 64 16
2586 16 16
2587 8 128
2588 128 16
2589 256 512
2590 256 256
2591 4 128
2592 64 128
2593 64 8
2594 2048 256
2595 8 4
2596 256 2048
2597 2048 512
2598 16 4
2599 8 4
2600 16 128
2601 8 16
2602 8 4
2603 16 128
2604 64 64
2605 256 2048
2606 1024 1024
2607 16 32
2608 1024 1024
2609 16 8
2610 128 64
2611 32 64
2612 32 64
2613 256 2048
2614 256 256
2615 256 1024
2616 16 128
2617 64 128
2618 128 8
2619 32 128
2620 128 64
2621 256 256
2622 1024 1024
2623 64 8
2624 16 32
2625 8 16
2626 256 512
2627 64 128
2628 32 16
2629 256 2048
2630 512 256
2631 32 128
2632 512 2048
2633 256 2048
2634 8 128
2635 8 4
2636 4 64
2637 64 4
2638 16 32
2639 64 64
2640 256 256
2641 256 1024
2642 16 32
2643 256 2048
2644 128 32
2645 64 128
2646 512 2048
2647 64 64
2648 4 16
2649 2048 256
2650 128 8
2651 128 32
2652 32 4
2653 8 64
2654 256 2048
2655 16 128
2656 8 4
2657 16 16
2658 8 4
2659 32 16
2660 16 8
2661 128 16
2662 512 256
2663 64 128
2664 8 4
2665 64 4
2666 512 2048
2667 256 1024
2668 8 128
2669 8 8
2670 256 2048
2671 16 4
2672 256 2048
2673 16 4
2674 1024 2048
2675 128 4
2676 32 64
2677 512 256
2678 512 1024
2679 8 128
2680 2048 256
2681 8 16
2682 32 16
2683 8 4
2684 32 8
2685 16 4
2686 256 2048
2687 64 4
2688 512 512
2689 8 8
2690 64 128
2691 32 64
2692 8 128
2693 64 8
2694 8 4
2695 8 4
2696 1024 256
2697 256 256
2698 512 256
2699 128 32
2700 32 128
2701 32 16
2702 16 16
2703 8 64
2704 128 32
2705 4 32
2706 4 16
2707 8 8
2708 2048 2048
2709 128 64
2710 8 128
2711 32 128
2712 2048 2048
2713 128 64
2714 64 8
2715 8 32
2716 32 4
2717 2048 2048
2718 256 256
2719 512 1024
2720 16 64
2721 8 64
2722 32 4
2723 8 4
2724 64 4
2725 32 32
2726 8 64
2727 128 4
2728 256 2048
2729 4 128
2730 64 128
2731 16 8
2732 4 64
2733 64 4
2734 4 4
2735 64 16
2736 128 32
2737 4 64
2738 256 1024
2739 64 64
2740 32 64
2741 8 8
2742 1024 256
2743 128 128
2744 16 16
2745 16 16
2746 512 256
2747 128 32
2748 128 16
2749 32 128
2750 4 128
2751 64 64
2752 64 64
2753 8 128
2754 8 16
2755 16 64
2756 2048 512
2757 1024 512
2758 256 512
2759 8 64
2760 16 128
2761 32 128
2762 8 64
2763 32 64
2764 2048 1024
2765 4 8
2766 256 1024
2767 4 4
2768 512 256
2769 64 128
2770 128 4
2771 16 32
2772 128 128
2773 1024 1024
2774 256 2048
2775 4 64
2776 128 16
2777 128 4
2778 4 8
2779 16 16
2780 128 8
2781 64 16
2782 512 256
2783 64 4
2784 128 128
2785 64 32
2786 4 128
2787 2048 2048
2788 512 2048
2789 16 32
2790 128 4
2791 128 64
2792 512 512
2793 32 64
2794 1024 2048
2795 32 8
2796 32 64
2797 1024 1024
2798 4 8
2799 16 128
2800 64 128
2801 16 128
2802 16 64
2803 2048 1024
2804 2048 256
2805 8 8
2806 8 4
2807 64 128
2808 16 64
2809 64 32
2810 16 4
2811 64 64
2812 2048 512
2813 16 16
2814 64 64
2815 512 1024
2816 1024 1024
2817 256 512
2818 4 16
2819 256 256
2820 32 16
2821 256 1024
2822 1024 1024
2823 16 4
2824 2048 256
2825 32 8
2826 128 64
2827 256 512
2828 8 32
2829 64 64
2830 256 512
2831 64 16
2832 256 512
2833 32 4
2834 16 128
2835 4 16
2836 64 8
2837 4 16
2838 8 32
2839 2048 512
2840 16 8
2841 1024 1024
2842 16 64
2843 1024 1024
2844 64 32
2845 2048 512
2846 4 64
2847 256 1024
2848 16 32
2849 32 8
2850 16 64
2851 16 8
2852 128 16
2853 4 8
2854 1024 1024
2855 8 16
2856 4 16
2857 4 8
2858 16 8
2859 2048 256
2860 8 4
2861 64 32
2862 4 8
2863 512 512
2864 8 4
2865 128 4
2866 256 256
2867 16 4
2868 1024 1024
2869 1024 2048
2870 16 32
2871 4 32
2872 1024 512
2873 4 128
2874 256 256
2875 2048 512
2876 4 8
2877 4 4
2878 4 128
2879 512 512
2880 16 8
2881 4 8
2882 16 64
2883 1024 256
2884 8 32
2885 64 16
2886 4 32
2887 128 8
2888 4 128
2889 256 256
2890 128 16
2891 1024 512
2892 2048 256
2893 64 4
2894 256 2048
2895 64 8
2896 1024 256
2897 128 128
2898 64 4
2899 64 8
2900 2048 2048
2901 32 64
2902 256 1024
2903 32 32
2904 128 8
2905 1024 1024
2906 16 16
2907 4 16
2908 1024 2048
2909 8 4
2910 16 128
2911 32 64
2912 8 4
2913 64 32
2914 1024 1024
2915 128 16
2916 128 8
2917 128 4
2918 32 64
2919 4 4
2920 128 128
2921 1024 2048
2922 32 16
2923 1024 2048
2924 4 8
2925 2048 512
2926 128 16
2927 128 128
2928 16 4
2929 16 4
2930 8 4
2931 8 16
2932 1024 512
2933 16 32
2934 32 4
2935 8 16
2936 256 512
2937 4 4
2938 128 4
2939 512 256
2940 1024 512
2941 128 16
2942 128 16
2943 2048 256
2944 1024 256
2945 1024 256
2946 32 32
2947 128 4
2948 4 128
2949 4 4
2950 8 64
2951 128 32
2952 1024 2048
2953 128 16
2954 256 1024
2955 2048 256
2956 8 8
2957 64 16
2958 256 256
2959 2048 2048
2960 512 2048
2961 1024 1024
2962 32 8
2963 1024 256
2964 64 16
2965 16 64
2966 4 32
2967 32 128
2968 8 128
2969 4 64
2970 64 128
2971 4 32
2972 16 128
2973 64 64
2974 512 1024
2975 256 512
2976 64 128
2977 32 4
2978 4 64
2979 8 64
2980 8 32
2981 128 64
2982 128 32
2983 32 32
2984 4 128
2985 16 64
2986 512 512
2987 256 256
2988 32 128
2989 8 32
2990 32 64
2991 4 4
2992 32 8
2993 512 2048
2994 8 4
2995 8 64
2996 32 128
2997 64 32
2998 32 4
2999 64 64
3000 64 4
3001 256 512
3002 8 8
3003 64 4
3004 512 512
3005 1024 512
3006 64 8
3007 512 256
3008 8 16
3009 32 16
3010 32 64
3011 4 16
3012 2048 256
3013 8 4
3014 64 4
3015 16 64
3016 16 128
3017 16 8
3018 16 32
3019 16 32
3020 4 64
3021 16 64
3022 64 16
3023 4 128
3024 32 32
3025 256 256
3026 8 8
3027 4 32
3028 4 128
3029 128 8
3030 64 16
3031 16 32
3032 16 64
3033 4 4
3034 128 32
3035 16 32
3036 16 64
3037 64 8
3038 4 4
3039 4 32
3040 128 8
3041 64 4
3042 8 32
3043 8 8
3044 512 512
3045 32 32
3046 256 512
3047 32 32
3048 16 64
3049 16 4
3050 128 8
3051 128 8
3052 32 128
3053 8 128
3054 4 128
3055 512 512
3056 8 64
3057 4 4
3058 1024 1024
3059 64 4
3060 8 32
3061 2048 512
3062 128 16
3063 128 64
3064 4 4
3065 16 32
3066 256 256
3067 4 64
3068 16 16
3069 16 8
3070 1024 512
3071 4 4
3072 16 64
3073 2048 1024
3074 4 64
3075 2048 2048
3076 8 4
3077 4 4
3078 1024 512
3079 8 4
3080 64 128
3081 16 32
3082 4 16
3083 16 16
3084 1024 256
3085 16 16
3086 4 128
3087 64 64
3088 16 8
3089 32 8
3090 2048 512
3091 2048 1024
3092 2048 512
3093 16 4
3094 1024 2048
3095 64 64
3096 4 16
3097 64 8
3098 32 16
3099 256 2048
3100 8 64
3101 64 64
3102 1024 1024
3103 128 16
3104 8 8
3105 8 8
3106 16 64
3107 128 128
3108 32 32
3109 2048 1024
3110 16 16
3111 512 1024
3112 8 128
3113 512 512
3114 8 16
3115 16 4
3116 16 16
3117 256 256
3118 512 2048
3119 2048 2048
3120 8 8
3121 256 2048
3122 128 8
3123 8 128
3124 512 2048
3125 8 8
3126 64 64
3127 4 128
3128 256 1024
3129 16 64
3130 64 32
3131 32 64
3132 4 64
3133 4 64
3134 2048 1024
3135 4 32
3136 128 128
3137 16 128
3138 32 32
3139 8 64
3140 32 8
3141 32 16
3142 128 8
3143 2048 512
3144 512 256
3145 16 32
3146 512 256
3147 32 64
3148 32 16
3149 256 256
3150 4 8
3151 64 16
3152 256 256
3153 1024 2048
3154 8 64
3155 8 128
3156 512 1024
3157 1024 512
3158 8 32
3159 2048 1024
3160 32 64
3161 128 16
3162 4 128
3163 1024 1024
3164 32 4
3165 4 16
3166 128 8
3167 512 1024
3168 16 64
3169 16 8
3170 8 32
3171 2048 256
3172 1024 256
3173 512 512
3174 16 64
3175 8 128
3176 16 64
3177 32 32
3178 2048 256
3179 256 512
3180 256 1024
3181 16 16
3182 512 1024
3183 32 4
3184 256 1024
3185 1024 1024
3186 2048 1024
3187 64 64
3188 4 4
3189 2048 2048
3190 128 32
3191 512 512
3192 16 4
3193 4 4
3194 64 64
3195 128 4
3196 64 4
3197 4 16
3198 32 8
3199 512 2048
3200 256 1024
3201 8 8
3202 64 32
3203 16 128
3204 128 4
3205 128 16
3206 8 128
3207 8 4
3208 128 128
3209 128 4
3210 4 4
3211 16 64
3212 64 32
3213 4 16
3214 64 4
3215 128 128
3216 16 8
3217 32 128
3218 512 1024
3219 2048 1024
3220 1024 512
3221 4 32
3222 1024 256
3223 8 4
3224 32 64
3225 32 64
3226 512 2048
3227 16 32
3228 256 2048
3229 1024 1024
3230 128 8
3231 1024 1024
3232 32 64
3233 8 8
3234 32 32
3235 256 256
3236 8 128
3237 4 4
3238 128 64
3239 4 32
3240 2048 1024
3241 32 128
3242 32 32
3243 64 128
3244 64 4
0 3119
0 2165
0 521
0 1397
1300 2225
2225 0
1 2811
819 1239
1239 1
3023 2
1103 3
4 919
2 4
3 4
6 1090
87 5
1074 2547
2547 6
5 6
231 519
535 3157
2520 2708
2520 1677
519 2520
3157 2520
7 3084
7 1989
7 2303
7 557
7 1291
1274 3155
3155 7
76 8
2592 9
10 2807
10 2600
10 944
8 10
9 10
47 12
945 11
13 350
556 2707
2707 13
11 13
12 13
15 3209
15 3219
15 1554
15 188
2591 2342
1792 14
2342 15
14 15
1877 2220
2202 2471
463 2945
2471 1877
2945 1877
960 17
2281 2240
2281 1737
2392 16
2947 3233
2657 2102
17 2281
16 2281
3233 2281
2102 2281
994 2296
161 18
20 2470
1045 19
19 20
18 20
2296 20
1179 1889
265 2538
2538 1179
2456 3200
3100 2118
3244 3237
2118 3244
3200 3244
1245 3242
505 1488
1281 848
633 1786
1786 1281
1488 1281
3242 1281
1483 992
3241 2839
992 3241
2808 747
2202 2399
1419 1730
2399 2808
1730 2808
2878 981
1223 2459
3240 442
2459 3240
981 3240
208 2553
412 3239
675 3167
2553 675
3239 675
2338 3238
3234 3086
3234 1416
3238 3234
3237 3234
2385 1943
2385 330
1322 1114
1114 2385
1722 370
462 530
1033 2929
530 1722
2929 1722
636 2764
3227 346
36 3232
3232 3227
2764 3227
3112 1675
312 3226
524 1679
975 3225
3225 524
3226 524
1675 524
1059 3220
3082 3166
1118 3223
2005 1123
1895 3224
3220 3082
3223 3082
1123 3082
3224 3082
1360 3216
3215 2039
872 3217
3217 3215
3216 3215
2880 2182
3081 3213
3212 1073
1045 1475
1475 3212
2182 3212
3213 3212
375 3145
715 2127
1471 3211
2378 2865
3145 715
3211 715
2865 715
3089 2619
2002 2998
274 1453
2619 2002
1453 2002
3208 1838
3208 131
318 638
3209 3208
638 3208
2510 254
3207 1011
2150 2398
254 3207
2398 3207
3048 3206
538 2996
2992 2767
40 3098
2847 837
837 2992
3098 2992
2996 2992
3206 2992
1083 1598
2267 3204
1432 2577
3204 1083
2577 1083
2940 237
1190 3203
1881 3202
3024 242
3202 3024
237 3024
3203 3024
2411 555
3195 1815
996 3198
994 3196
3196 3195
555 3195
3198 3195
1221 1738
1602 1802
3193 93
1738 3193
1802 3193
833 1470
2668 3192
3191 1545
3192 3191
1470 3191
3189 907
2595 3188
2384 3190
3190 3189
3188 3189
1666 2162
1285 2646
2108 1461
2646 2108
2162 2108
111 176
1945 3186
329 2995
176 329
3186 329
261 2812
395 1516
1610 440
1045 3184
3184 1610
2812 1610
1516 1610
1180 2616
3177 209
2552 3181
1271 3178
3178 3177
2616 3177
3181 3177
713 1512
1280 290
28 2629
1512 28
290 28
3174 1174
1124 2255
277 3176
2255 3174
3176 3174
2229 1946
1017 3172
833 566
1946 833
3172 833
1980 3171
1257 2218
3057 2469
2218 3057
3171 3057
348 3110
3116 3170
3168 2473
3168 625
1407 3169
3169 3168
3110 3168
3170 3168
2107 2061
2107 877
119 770
2178 3007
3167 2107
3007 2107
770 2107
1817 3165
499 2030
2986 2154
2986 1648
3165 2986
2030 2986
1164 3160
721 30
721 78
3151 3164
3164 721
3160 721
1028 3159
683 2308
916 2372
2372 683
3159 683
1461 683
2242 2426
1062 2133
2015 2288
905 3156
2426 1062
3156 1062
2288 1062
823 2702
517 2221
1001 2441
2221 1001
2702 1001
2302 343
1084 3154
268 1443
343 268
3154 268
2853 64
2522 3153
1336 1527
1527 2853
3153 2853
523 1474
432 1582
441 1687
1582 441
1474 441
1087 928
304 1106
928 3151
1106 3151
1656 3150
2498 3117
2498 2014
2498 723
3150 2498
873 2625
1160 2731
3148 2369
3148 1856
3148 513
2625 3148
2731 3148
3103 3126
1009 3146
3144 680
3126 3144
3146 3144
2680 3143
2199 811
2693 3074
1602 2647
3143 2199
2647 2199
3074 2199
3142 1070
2061 3142
178 3141
523 800
2492 2285
3139 3097
3139 311
3139 1426
3139 2006
3139 1368
800 3139
3141 3139
2285 3139
3135 832
1122 3138
476 3136
3138 3135
3136 3135
2153 1805
1970 3134
3132 376
3132 369
1805 3132
3134 3132
2051 1969
1004 3131
3131 2051
1371 429
3093 641
1514 1372
1514 349
843 2963
2963 1514
641 1514
429 1514
150 142
1930 1694
419 3129
2052 1022
1022 1930
142 1930
3129 1930
33 3127
1353 3128
994 3125
3125 3081
3128 3081
3127 3081
2552 3122
2480 306
3120 728
306 3120
3122 3120
2767 3120
591 3118
310 2627
1254 1192
1192 310
3119 310
3118 310
861 759
1271 1695
1695 3116
3117 3116
759 3116
711 732
574 3115
1196 2583
3115 711
2583 711
1999 2101
1594 407
2101 3112
407 3112
2238 1417
1452 3111
892 3109
3111 2238
3109 2238
987 1410
1002 2365
1147 2594
1410 1002
2594 1002
528 3107
2693 3104
2336 1168
3107 2336
3104 2336
2964 2999
2964 2419
793 3102
769 1356
3102 2964
1356 2964
2595 3101
1667 1218
3099 3185
3099 200
3099 526
1218 3099
3101 3099
3094 1133
3072 2141
880 3095
3095 3094
3097 3094
2141 3094
1396 2742
3091 734
3106 3090
2742 3091
3090 3091
2884 899
1483 2252
2252 3089
899 3089
3088 1967
572 1736
997 3180
1736 3088
3180 3088
2189 2357
2079 668
2334 2804
2357 2334
668 2334
873 3087
2947 2289
2947 2758
2947 1355
2947 1760
1160 3085
3087 2947
3085 2947
3083 289
3083 2377
1547 1494
1494 3083
3084 3083
2052 3079
3078 1812
570 192
639 3080
3079 3078
3080 3078
192 3078
2078 2566
781 211
341 941
211 2078
941 2078
621 3075
945 1077
2134 1268
3075 2134
1077 2134
3073 2435
3073 2245
2680 787
787 3073
2580 3071
1084 43
3070 2114
3071 3070
43 3070
1233 3068
1772 2614
458 3069
1594 3067
3067 1772
3069 1772
3068 1772
3063 2942
3063 2179
3063 196
3063 1214
814 2188
2195 3065
2188 3063
3065 3063
1439 2192
2815 2168
1285 2069
2906 3163
3163 2815
2069 2815
2192 2815
2726 1404
636 1768
2705 3062
3062 2726
1768 2726
1477 3061
2612 707
3060 279
3061 3060
707 3060
2462 3056
3054 3236
3054 1940
1537 1925
3056 3054
1925 3054
1278 2530
1104 1125
1161 3053
2530 1104
3053 1104
1084 2664
1303 988
3052 947
880 3008
3008 3052
988 3052
2664 3052
2320 46
1282 339
339 987
46 987
607 2155
3051 1849
2155 3051
1700 665
1196 3049
2614 1700
3049 1700
3042 2861
218 3043
2595 3047
2519 3044
3043 3042
3047 3042
3044 3042
1928 120
3040 1479
1672 2379
2379 3040
120 3040
2264 3039
2949 2579
1570 2080
1365 216
216 2949
3039 2949
2080 2949
918 1649
878 3038
2187 2440
1649 2187
3038 2187
3037 592
3037 2603
1274 2424
2289 3037
2424 3037
1087 3036
798 202
957 1704
3036 957
202 957
679 3035
861 85
861 2331
861 2273
2609 3034
889 3033
3033 861
3035 861
3034 861
1124 2405
935 961
2405 1190
961 1190
2148 3028
2381 2508
26 3031
3028 2381
832 2381
3031 2381
2052 3059
3020 1489
1166 3022
1038 1622
3059 3020
1622 3020
3022 3020
3018 51
443 3019
1319 1961
3019 3018
1961 3018
3016 1936
1175 2212
2212 3016
1989 3016
3013 2055
3013 132
263 3015
2532 464
201 1951
3015 3013
1951 3013
464 3013
148 1651
886 480
3011 652
880 3012
3012 3011
1651 3011
480 3011
2057 1699
781 1750
1275 1532
1750 2057
1532 2057
529 1138
1196 527
2508 529
527 529
2633 2925
1632 1354
1632 2227
1234 3009
661 2805
2925 1632
3009 1632
2805 1632
3152 3005
2724 1592
1617 1816
2420 1621
1621 1617
1592 1617
3005 1617
3003 1220
604 3004
3004 3003
977 1947
3048 1511
1362 2875
1511 977
2875 977
3002 2472
443 1710
277 1237
1710 3002
1237 3002
3001 2495
198 2736
3093 2844
2736 3001
2844 3001
1878 2997
898 2851
2866 1795
2157 766
766 898
1795 898
2999 898
2997 898
2763 1643
2818 2994
2995 2763
2994 2763
823 2760
1103 363
363 823
1767 147
2642 1111
2313 283
1045 2993
2993 2313
1111 2313
147 2313
2046 116
2207 2990
1196 215
2990 2046
215 2046
2985 190
2985 1377
535 2987
2617 2748
2987 2985
2748 2985
57 2983
181 65
181 3046
2085 2984
2984 181
2983 181
1955 954
523 805
1867 2982
2982 1955
805 1955
2103 1342
1120 2980
1789 2451
1789 1962
1342 1789
2980 1789
580 2979
2598 2977
2979 1570
2977 1570
2693 2905
1525 1081
1602 2864
925 1283
1283 1525
2864 1525
2905 1525
1439 2975
872 2446
1442 1749
2975 1442
2446 1442
272 2973
2972 273
2972 2130
2972 598
1434 934
1360 2974
2973 2972
934 2972
2974 2972
2966 415
251 2971
1271 2969
2969 2966
289 2966
2971 2966
148 2965
2962 782
2965 2962
2765 2028
2442 2960
2908 790
2960 2908
2028 2908
1579 2959
2978 2957
699 2329
1254 2956
2956 699
2959 699
2957 699
2761 865
2429 597
597 2761
1824 165
1594 2955
2954 1914
165 2954
2955 2954
1282 2951
784 409
2693 90
1602 2860
2951 784
2860 784
90 784
1353 2950
33 2948
1950 2919
880 2946
2946 1950
2950 1950
2948 1950
364 1344
2352 2944
2799 2943
2201 801
2943 2201
1344 2201
2944 2201
1419 2757
2942 2940
2757 2940
2886 663
2939 1850
2859 2938
663 2939
2938 2939
1124 1918
1124 2403
1124 2339
1124 2089
814 1309
880 2074
2074 1124
1309 1124
523 2737
523 123
523 1076
523 1550
1407 2236
2236 523
2899 2533
713 2937
2049 2936
2937 2899
2936 2899
1998 1978
1160 1144
2216 693
1978 2216
1144 2216
2633 2518
2933 1886
2933 1979
1074 2934
2277 2935
2518 2933
2935 2933
2934 2933
876 1806
1432 1252
2932 1552
1806 2932
1252 2932
2888 2931
2200 3133
2200 292
592 2200
2931 2200
1483 3218
2753 106
2921 2720
1370 2427
2427 2921
3218 2921
106 2921
2927 2569
2927 1614
1221 2585
2585 2927
2729 1302
1285 2926
2924 2513
2926 2924
1302 2924
2532 973
388 2548
1850 388
973 388
325 174
40 2056
1271 2776
2776 325
2419 325
2056 325
213 2923
2918 104
1084 1974
1974 2918
2923 2918
2919 2918
2522 2917
644 1932
1412 221
1932 1412
2917 1412
2913 1860
2660 2477
322 2914
2477 2913
2914 2913
2667 926
1985 2911
1196 931
2911 2667
931 2667
859 301
781 868
850 2909
868 859
2909 859
2907 2499
2298 2653
482 518
2653 2907
518 2907
448 1583
1164 2904
1624 2903
2904 448
2903 448
2164 568
2531 2901
1196 2900
2901 2164
2900 2164
1013 2897
2896 2683
563 2898
2898 2896
2897 2896
75 2894
1927 2893
2891 32
2891 779
1407 416
416 2891
2894 2891
2893 2891
1498 2887
773 1698
2887 2886
1698 2886
970 430
2884 1818
2884 741
430 2884
994 2881
1155 403
1205 2883
2881 2880
403 2880
2883 2880
2878 383
1210 2879
2879 2878
1666 1486
517 2545
2877 2382
2545 2877
1486 2877
1294 2874
2873 1827
2693 255
1602 2876
2874 2873
2876 2873
255 2873
1171 1472
1694 3152
1472 3152
76 2870
1959 1363
1809 1451
2870 1809
1363 1809
87 2867
2866 1165
2633 1765
1765 2866
2867 2866
2784 2780
1082 986
986 119
2780 119
2640 2863
2071 2658
2859 983
2859 1068
1440 2862
2862 2859
2658 2859
2863 2859
2231 1629
1193 2858
1970 2152
1629 1970
2858 1970
2791 1520
2840 743
2857 1194
743 2857
1520 2857
1163 222
2725 1508
1918 2725
222 2725
149 2872
2341 2854
2666 2855
2851 149
2854 149
2855 149
2377 149
1732 1739
1561 1301
1301 40
1739 40
1353 2988
33 3105
1902 2457
1254 2447
2447 1902
2988 1902
3105 1902
251 2144
25 2850
888 2849
2849 2847
2144 2847
2850 2847
148 2843
886 2418
994 875
875 2840
2843 2840
2418 2840
2045 2401
318 2838
3130 2831
2831 2045
2838 2045
1100 2003
1382 576
1599 2837
1294 2836
2836 1382
2003 1382
2837 1382
781 2719
1688 1308
2719 75
1308 75
2103 1317
1334 2259
169 335
335 1334
1317 1334
773 2834
233 774
1586 2912
774 1586
2834 1586
1483 1016
57 2284
2458 286
286 57
1016 57
1744 742
2121 792
1656 278
742 2121
278 2121
1548 2517
443 1393
935 2833
1393 1548
2833 1548
2692 2830
1409 1181
2830 1409
2220 1409
283 1409
1380 2829
2026 959
2829 2026
56 2826
2824 437
1389 2828
2052 2825
2825 2824
2828 2824
2826 2824
2525 2821
385 2819
2821 2818
2819 2818
3221 845
2325 1269
1905 2816
1269 3221
2816 3221
2852 2810
39 1349
1667 2814
2814 39
2810 39
406 1564
406 396
3130 1098
1997 1724
3219 406
1724 406
1098 406
1165 1180
891 1265
669 238
238 891
2809 2734
2809 1390
872 2412
2412 2809
2806 1727
789 1456
1456 2806
2807 2806
2657 2802
1274 2803
263 2113
263 1533
2803 263
2802 263
650 2953
1120 2801
722 2323
2396 1208
1208 722
2801 722
2953 722
1312 2800
3201 978
1294 457
457 3201
2800 3201
729 2798
2796 2233
911 999
662 1942
1942 2796
999 2796
2798 2796
2499 2796
494 2795
2793 309
2793 869
1755 2794
1285 259
2794 2793
2795 2793
259 2793
2791 2695
2791 2203
2791 1577
2791 1754
2791 1740
1045 2454
2454 2791
2325 135
2668 719
2668 1137
2668 1949
1905 2790
135 2668
2790 2668
1439 2738
1322 2274
2789 2269
2738 2789
2274 2789
2788 571
1122 1820
1053 2018
1820 2788
2018 2788
2784 2461
2784 664
2784 1189
412 2785
2785 2784
1100 2782
2906 2781
1770 1613
2782 1770
2781 1770
909 461
1817 2081
1817 1305
1817 1422
1064 2778
1013 1169
461 1817
2778 1817
1169 1817
687 2774
1503 2777
3121 2307
2777 3121
2774 3121
2090 368
517 2773
1988 68
2773 1988
368 1988
1084 1428
1346 761
2772 1578
880 1096
1096 2772
761 2772
1428 2772
2769 1501
1051 2771
1196 3076
2771 2769
3076 2769
2351 2527
1028 2013
2766 1983
2766 336
2766 1376
2527 2766
2013 2766
1285 2762
2759 246
2762 2759
2760 2759
2622 2755
1510 2756
2654 2117
2117 1051
2756 1051
2755 1051
334 2845
1709 2752
1196 489
2752 334
489 334
1452 2751
2749 2265
412 1829
2065 305
2751 2749
305 2749
1829 2749
272 2746
2588 63
451 2747
1312 1836
2746 2588
2747 2588
1836 2588
2743 1228
1452 2745
1462 2744
2745 2743
2744 2743
549 2740
1482 2485
736 2659
2740 1482
2659 1482
2478 1162
2411 1866
2411 281
2411 1879
2411 795
2737 2411
209 2411
1162 2411
517 2735
2733 704
2735 2733
2734 2733
2729 2230
1360 2184
2184 2729
1171 2728
1587 1056
2052 2727
2727 2724
1056 2724
2728 2724
2351 2556
2723 2209
2723 2198
2723 367
2723 757
2723 143
2723 963
1028 2722
2556 2723
2722 2723
1634 2476
102 2717
1293 2543
909 2721
2721 102
2476 102
2543 102
1803 587
42 227
1960 1832
1960 758
2720 1960
227 1960
587 1960
2718 948
814 2211
2452 2604
2604 2718
2211 2718
479 1448
1140 2599
1140 1539
1140 239
1140 487
1140 1170
123 1140
1448 1140
301 1140
812 1007
535 2408
2717 812
2408 812
2386 1079
2716 1538
970 2714
1079 2716
2714 2716
1339 3010
2356 1402
2656 1246
1384 249
249 2356
3010 2356
1246 2356
2709 1858
713 2713
1458 2712
2713 2709
2712 2709
600 2775
1912 617
1196 2106
617 600
2106 600
466 2706
2708 2705
2706 2705
1435 2703
953 2701
2700 1683
2700 319
2703 2700
2701 2700
909 2123
970 2630
970 287
970 2041
970 103
970 2438
688 2402
1270 342
2123 970
2402 970
342 970
1624 491
203 1986
2697 2007
491 2697
1986 2697
2407 380
150 2587
150 2145
150 502
150 1248
1407 2991
2991 150
380 150
415 150
783 1811
1811 2692
2695 2692
2687 620
201 2688
580 293
942 2690
2688 2687
2690 2687
293 2687
2685 2362
374 2686
2686 2685
2683 2685
1122 117
667 2681
2570 2119
117 2570
2681 2570
2678 2406
781 2679
2684 351
2679 2678
351 2678
866 2397
1381 1758
1381 1391
751 2676
2676 1381
2397 1381
3026 1072
1020 605
605 3026
1492 486
1215 2572
486 2525
2572 2525
2674 2159
2674 1467
1959 2895
2895 2674
2209 2674
563 1600
2672 1411
2693 2673
1602 1785
1600 2672
1785 2672
2673 2672
2885 2671
1345 80
2627 1345
2671 1345
195 2433
2094 1763
1359 1505
1763 195
1505 195
2301 2670
2670 2666
2680 1693
2662 1364
1322 2663
2663 2662
1693 2662
2657 2366
2657 1857
2657 543
1784 2661
273 2657
2661 2657
2143 81
3072 3231
1254 835
835 2143
311 2143
3231 2143
781 2149
781 1260
781 2479
781 1491
781 2414
781 2820
781 1911
781 2228
781 1373
781 2488
781 765
781 126
781 1287
1271 615
615 781
713 914
185 2655
914 2654
2655 2654
2885 2326
2885 49
2885 515
2885 2586
2885 1569
1594 2105
2105 2885
2157 2652
2846 2651
1271 2648
2648 1867
2652 1867
2651 1867
580 2643
295 2645
2645 2640
2643 2640
1012 2639
1145 710
1089 1172
2639 1089
710 1089
818 564
2638 1473
1701 2483
446 3222
564 2638
2483 2638
3222 2638
201 2042
2888 2636
2315 275
2113 2315
2636 2315
2042 2315
1206 1894
629 2635
972 2151
1894 972
2635 972
789 2131
2054 2634
2633 2158
2131 2633
2634 2633
601 228
2632 2024
1459 2631
228 2632
2631 2632
1928 1227
2630 1997
1227 1997
676 2813
1858 2207
2813 2207
221 2207
3210 1143
1619 2626
2626 1396
1143 1396
3030 2624
1171 2623
2624 2622
2623 2622
1439 101
1360 1609
2620 829
101 2620
1609 2620
1433 2618
151 2613
2612 887
2612 1929
2618 2612
2613 2612
1579 1747
2978 1915
994 2610
2610 783
1747 783
1915 783
2693 2287
2287 2609
2043 2393
2463 2608
1908 1716
1716 1985
2608 1985
2393 1985
2680 2607
3023 2605
2601 2389
2607 2601
2605 2601
333 1557
2052 384
384 3030
2599 3030
1557 3030
1403 545
1692 2597
545 2598
2597 2598
2592 558
87 2593
1865 2496
2496 2592
2593 2592
1100 2590
1282 2589
1203 2070
2590 1203
2589 1203
419 2584
880 2582
2582 2580
2587 2580
2584 2580
2920 1052
2920 1673
2170 2417
2579 2920
2417 2920
631 2100
1149 1316
2149 631
1316 631
179 2578
2981 2575
2571 720
1084 2573
2573 2571
2578 2571
2575 2571
2092 1728
2092 245
1215 2567
2567 2092
44 323
786 54
786 796
1407 2565
2565 786
2566 786
323 786
1895 1101
2564 539
1139 2768
1271 469
469 2564
1101 2564
2768 2564
272 2560
2559 2058
2559 452
2559 1067
856 971
872 2562
2560 2559
971 2559
2562 2559
1509 2555
2167 2557
2557 2552
2555 2552
1941 303
2548 1941
2303 1941
871 2823
1254 504
504 871
1628 2112
993 1229
1047 2546
1229 1628
2546 1628
2541 1686
2190 2544
1432 2542
2544 2541
2542 2541
1100 2540
2404 1469
1599 2539
1105 2514
2514 2404
2540 2404
2539 2404
1087 2535
2068 1010
2660 2536
2536 2068
2535 2068
532 2534
2533 2531
2534 2531
64 2531
272 1743
873 749
1642 2529
1322 2526
1743 873
2529 873
2526 873
2522 2346
2522 1851
2522 2373
2522 1638
1171 2523
2523 2522
2443 1199
1199 2519
613 153
2515 3199
153 2515
747 2515
2517 2515
1784 2293
2511 465
829 2511
2293 2511
2513 2511
272 2506
2505 1589
2505 1823
2505 731
1347 2509
1103 258
2506 2505
2509 2505
258 2505
160 2217
217 630
888 1917
630 888
2217 888
1767 2500
1043 2502
1045 1481
1481 2352
2502 2352
2500 2352
1306 2494
1260 2492
2494 2492
1602 1646
2906 2490
1249 320
1646 1249
2490 1249
672 2596
1678 1640
1477 2817
2817 1678
887 1678
85 1678
2596 1678
1667 1872
1819 2486
1872 1895
2486 1895
467 2040
467 951
809 2482
2485 467
2482 467
1071 1304
968 2448
693 968
1304 968
272 1920
1146 55
1146 3021
1146 536
1146 1296
1746 1800
1294 2344
1920 1146
1800 1146
2344 1146
443 2481
1153 1202
3197 168
2481 3197
1202 3197
2846 691
691 2480
3179 207
756 943
2479 3179
943 3179
456 628
1491 2478
628 2478
3113 2475
1921 2266
2474 1781
2266 2474
2475 2474
591 1032
591 393
591 2892
2473 591
685 2449
1635 1414
2449 1635
2472 1635
2470 1635
814 2928
2468 2208
652 2468
2928 2468
1594 2465
2856 2467
1254 2464
2464 2463
2467 2463
2465 2463
2644 1625
2694 3187
3187 2644
2461 2644
2213 2460
1814 2390
2390 2458
2460 2458
2456 1573
1160 3050
3050 2456
302 1496
2451 302
3058 1485
1485 736
2448 736
2442 460
1029 2444
2444 2442
2439 651
1402 2439
2440 2439
517 2437
2434 2310
2437 2434
2435 2434
285 1307
2431 827
1307 2431
414 2430
1774 2425
1477 1729
2430 1477
2425 1477
2416 1107
1515 2422
2422 2416
2804 2416
1734 2409
2414 2407
2409 2407
2395 768
1441 2400
2403 2395
2400 2395
2392 602
2392 654
2392 1733
2392 775
1215 824
2058 2392
824 2392
514 2391
614 2185
2389 614
2391 614
2310 614
1254 1791
1916 2147
570 356
639 2551
1791 1916
2551 1916
356 1916
169 2215
2384 229
2384 1519
945 2388
2215 2384
2388 2384
687 2253
2375 1896
1566 2380
2380 2375
2253 2375
2382 2375
793 2374
2371 1870
2374 2371
1936 2371
2563 347
602 2563
2369 2563
2366 2563
2364 2137
2364 1329
2365 2364
2362 2364
2098 1854
1109 1662
607 2361
1254 2358
2358 1109
2361 1109
1854 1109
272 2353
2351 157
1018 2355
925 2354
2353 2351
2355 2351
2354 2351
2349 159
2349 637
2180 896
896 2349
1225 2000
2348 884
2179 2348
2000 2348
2183 173
581 2347
563 3230
2347 2183
3230 2183
2341 240
2532 2343
953 2345
2345 2341
2343 2341
886 1121
1463 205
148 3027
1254 2340
2340 1463
3027 1463
1121 1463
925 2196
2196 1666
2017 821
2017 1134
2429 455
455 2017
2337 1385
1319 2086
2339 2337
2086 2337
1905 2009
2335 2008
409 2335
2009 2335
3023 985
872 139
1531 1935
985 1531
139 1531
994 1972
1303 2332
1446 52
1045 1611
1611 1446
2332 1446
1972 1446
2330 1288
1744 1086
1177 71
71 2330
1086 2330
2331 2330
2329 2148
2326 2148
1100 110
2680 2786
110 2015
2786 2015
909 266
2325 881
1259 1981
1282 522
266 2325
1981 2325
522 2325
1128 1822
2324 1150
1451 2324
1822 2324
2322 2177
2322 1367
2323 2322
1781 2322
1293 777
2967 1826
1826 2320
777 2320
1439 2318
1103 2317
2316 1762
2318 2316
2317 2316
1100 2314
1599 2312
1322 2311
2311 3100
2314 3100
2312 3100
1813 565
1813 567
636 1796
1796 1813
1962 1813
2308 2846
2307 2846
1045 2501
2306 744
1815 2306
2501 2306
996 2305
880 2304
2304 2302
1866 2302
2305 2302
2301 433
1403 575
2912 2301
575 2301
2178 2783
412 2299
2298 1325
2298 1092
2298 1559
2783 2298
2299 2298
2295 851
1855 3162
1271 2297
2297 2295
30 2295
3162 2295
956 2292
69 193
1271 2290
2290 69
3236 69
2292 69
1122 3194
1145 2283
2286 1637
3194 2286
2283 2286
1100 882
1599 2280
1103 428
428 1223
882 1223
2280 1223
198 2278
712 1748
1748 2277
2278 2277
672 2276
2275 481
2276 2275
2273 2275
2835 2271
2271 251
2133 251
3045 1222
1160 2270
2269 2338
2270 2338
1222 2338
911 2091
729 2602
1591 2268
2265 2267
2091 2267
2602 2267
2268 2267
580 1151
1869 2263
1151 2264
2263 2264
2260 129
813 2261
2261 2260
2259 2260
1322 2256
2693 2257
1602 2258
2256 1998
2258 1998
2257 1998
446 2016
2591 2251
2250 3140
65 2250
2251 2250
2016 2250
1841 421
2094 2249
1458 2711
2249 1841
2711 1841
1013 2291
3023 2248
1963 1776
2291 1963
2248 1963
1900 145
2455 2247
2820 1900
2247 1900
265 2246
2595 936
2595 107
2595 62
2595 698
2967 1323
909 1852
1852 2595
2246 2595
1323 2595
1599 2244
2245 2242
2244 2242
500 1055
398 186
1055 398
1172 398
2629 398
814 1804
814 1623
1084 3214
3214 814
2139 718
789 1995
1995 2139
2240 2139
2237 816
163 2239
1196 1626
2239 2237
1626 2237
1883 921
1045 2129
921 2799
2129 2799
1046 788
3048 2234
1271 2368
2368 1046
1886 1046
2234 1046
909 1601
2231 447
2231 883
980 1198
563 2232
1601 2231
1198 2231
2232 2231
67 1224
1979 67
1354 67
2872 67
2172 1395
2869 128
2229 1631
2229 938
128 2229
1395 2229
2219 478
538 2224
1271 2223
2223 2219
2227 2219
2224 2219
1493 2576
1624 1893
1893 1493
3185 1493
2213 365
1370 2214
2214 2213
287 2213
1825 2036
389 1108
2210 967
2036 2210
1108 2210
1898 810
2208 1898
1385 1898
947 1898
74 2206
2206 3048
848 3048
2202 234
2202 2770
1767 2205
2205 2202
2203 2202
1715 1835
1715 1899
370 1715
2198 1715
2195 1971
2195 155
880 2197
2197 2195
994 2503
1346 2194
2550 2516
1045 2193
2193 2550
2194 2550
2503 2550
236 2191
2191 3058
2185 3058
2005 2181
1993 1703
1271 2176
2176 1993
2181 1993
2177 1993
2174 2436
802 2175
2175 2174
909 2173
2173 2172
77 2171
2169 2282
1545 2169
845 2169
2171 2169
2861 2169
1439 219
1221 315
219 2396
315 2396
466 2696
1244 624
645 1595
624 466
1595 466
511 2665
2168 2167
2665 2167
1439 2428
2166 933
1285 1553
1282 855
855 2166
1553 2166
2428 2166
2052 2989
2989 644
2165 644
1032 644
2160 708
1196 2163
186 2160
2163 2160
2158 2157
1835 2157
2159 2157
1937 1480
2153 1821
2153 1158
1480 2153
2154 2153
138 847
847 2150
2151 2150
2140 2319
1594 2022
2022 2140
2147 2140
1662 2140
1315 2136
2135 354
2822 2138
235 1742
1742 2135
2136 2135
2138 2135
2137 2135
1644 175
2124 1723
1196 2581
1723 1644
2581 1644
822 2359
1139 2132
2132 822
1784 762
2071 1126
2130 2071
762 2071
472 608
692 2128
2128 472
2126 879
1196 857
2127 2126
857 2126
1847 2084
1091 2125
2423 402
2084 2124
402 2124
2125 2124
1084 2970
161 2832
2122 1487
880 496
496 2122
2832 2122
2970 2122
2871 853
2871 1217
1905 2120
2120 2871
1378 2363
2115 1298
2363 2115
2119 2115
2433 2115
1616 1311
285 1318
2495 285
2112 285
1311 285
1727 285
802 2111
2103 381
1221 1568
909 2110
2110 2103
2111 2103
1568 2103
2098 2050
2098 422
2098 1148
2098 1543
1407 2099
2099 2098
2100 2098
1703 2098
2097 206
1832 2097
1012 1958
1012 984
1012 1551
2011 1885
2346 1012
1885 1012
2093 541
1530 2096
983 2093
2096 2093
2090 806
1105 282
282 2090
1244 2004
1244 2491
1244 1014
754 2637
2637 1244
1153 2088
2087 2568
2089 2087
2088 2087
1375 2083
2401 2085
2083 2085
31 2082
1033 2360
2082 2079
2360 2079
1992 2076
1047 2073
2076 74
2073 74
544 1060
1655 1447
1905 2072
1060 1655
2072 1655
2070 1655
1465 2067
350 1139
2067 1139
1959 2064
2063 1361
2063 1764
367 2063
2064 2063
2693 1931
61 1406
1602 2062
1103 1256
1256 61
2062 61
1931 61
154 204
517 1455
599 112
1455 599
204 599
791 2060
1668 2059
2178 326
2178 946
2178 438
2178 922
2178 1394
2178 547
2060 2178
2059 2178
953 1369
2055 2054
1369 2054
2047 1810
607 2053
2052 2048
2048 2047
2053 2047
2050 2047
1436 2044
1594 2309
2044 2043
2309 2043
2041 3130
376 3130
2038 745
1271 2787
2787 2038
1052 2038
2040 2038
1197 2033
1130 2031
886 247
886 1575
2033 886
2031 886
1439 1026
1294 2025
3147 1069
1026 3147
2025 3147
2021 746
889 1576
1576 2021
1671 2020
248 1834
2019 506
2020 2019
1834 2019
1741 684
2014 1741
1564 1741
3166 1741
1618 737
1196 1897
1298 1618
1897 1618
2052 1685
1685 2011
1210 2010
904 695
1406 904
2010 904
649 1798
225 2104
2008 225
1798 225
2007 2005
2004 2005
419 2001
1254 1188
1188 1999
2145 1999
2001 1999
2453 2689
1267 828
2689 1267
2600 1267
2693 1996
1602 542
870 1994
1994 1992
542 1992
1996 1992
661 717
717 751
3243 1207
1483 1991
1538 3243
1991 3243
1669 324
2243 1984
1984 1669
2104 1669
1980 377
1361 1980
1983 1980
1968 444
1084 1976
2642 1977
1971 1968
1977 1968
1976 1968
1656 949
1177 1661
3228 1966
1661 1339
949 1339
1966 1339
1028 1757
1965 167
1081 1965
1757 1965
462 1964
1033 1415
1964 1959
1415 1959
476 1954
2611 162
1958 2611
1954 2611
226 1952
1784 1948
1952 1945
1948 1945
517 1944
3032 2235
1944 3032
1943 3032
956 1939
1271 1799
1799 432
1940 432
1939 432
1937 2321
1937 1546
27 1938
1938 1937
1031 2262
930 1934
280 1266
1271 2413
2413 1031
1266 1031
1934 1031
418 554
1271 678
678 1927
554 1927
1929 1927
1100 917
1599 1926
1221 1923
1923 1921
917 1921
1926 1921
2797 849
2869 1919
1919 2797
982 1913
1913 1912
1637 1912
1914 1912
1910 82
1605 1255
1911 1910
1255 1910
2094 1050
185 1909
1050 1908
1909 1908
1907 1063
499 991
2081 1907
991 1907
322 1846
1667 1904
669 1906
1906 322
1904 322
1541 2272
2241 546
673 1903
1903 2241
2272 2241
2693 1320
3205 1040
2569 3205
1320 3205
1118 1641
2617 1901
936 1118
1901 1118
1234 1421
2842 3158
1899 2842
1421 2842
1210 1721
1589 3093
1721 3093
2186 177
713 1892
840 894
1892 2186
894 2186
1017 1890
581 434
1602 1891
1890 2243
1891 2243
434 2243
3072 1676
994 1884
1884 1883
1426 1883
1676 1883
1878 426
580 1882
45 1880
1882 1878
1880 1878
572 492
1351 1876
492 662
1876 662
729 863
1558 1874
1761 1563
911 2710
1522 1873
1873 1761
2710 1761
863 1761
1874 1761
1403 1868
1870 1869
1868 1869
1863 224
1196 1864
2319 1863
1864 1863
1862 156
2576 1862
1860 1862
1338 2037
2037 538
442 538
1888 1859
1068 769
1859 769
2528 1833
2035 730
730 2528
1857 1440
1856 1440
182 1853
1853 1847
1851 1847
2617 1845
250 912
1846 250
1845 250
563 1844
3023 390
1843 559
1844 1843
390 1843
2906 1840
925 1842
1842 1278
1840 1278
418 1837
2650 1839
1837 1059
1838 1059
78 1059
1839 1059
2968 1875
1668 1831
1833 2968
1831 2968
1828 1654
996 1830
2052 327
327 1828
281 1828
1830 1828
2180 867
1827 1825
867 1825
996 477
1254 1871
1871 1824
1879 1824
477 1824
1164 1497
1164 253
719 1164
1865 618
1210 1707
1823 1865
1707 1865
1814 3114
1821 1814
1818 1814
1171 1807
1807 1709
1812 1709
1810 1709
1615 1176
819 2109
2109 1615
703 3124
1801 609
3124 1801
1804 1801
2978 3017
1579 1797
880 1975
1975 703
1797 703
3017 703
66 1794
2617 1957
1794 1792
1957 1792
1084 1065
1790 1450
1133 1790
1065 1790
657 1088
230 2075
1042 1358
1088 1042
2075 1042
909 1787
1483 2961
1483 586
1483 1352
1020 1788
889 2142
1787 1483
1788 1483
2142 1483
528 1201
2906 1753
1753 528
636 1049
1782 525
1782 357
1497 1782
1049 1782
1282 995
3023 1780
2300 91
995 2300
1780 2300
1407 1779
851 1197
1779 1197
114 3064
499 1777
1776 1774
1777 1774
3064 1774
901 2146
2094 1773
634 21
1773 901
21 901
1769 1113
1152 23
1196 146
23 1769
146 1769
1262 256
256 25
3086 25
27 404
1193 646
447 27
646 27
59 1289
1289 1732
1728 1732
3023 2327
517 29
2906 1115
1115 31
29 31
2327 31
2650 989
1271 2574
2574 44
989 44
309 44
33 3229
32 33
1652 3055
1704 1652
156 1652
1454 3000
1554 1656
3000 1656
2284 1656
817 2704
1315 753
2704 1315
2998 1315
1193 35
559 151
35 151
173 151
1861 37
2822 640
37 2822
1125 2822
1667 50
1536 1159
1295 537
50 1536
537 1536
1322 3161
3023 41
764 785
3161 764
41 764
1136 595
2889 73
962 659
73 962
168 962
595 962
483 397
695 1362
397 1362
2841 1425
481 2841
279 2841
2839 42
103 42
127 2779
1005 689
2779 45
689 45
1159 36
1010 36
773 108
960 740
740 673
108 673
808 1518
808 1627
808 1238
808 507
808 1593
618 808
2094 100
2094 1327
2094 2294
2094 677
1254 724
724 2094
49 2094
1142 815
234 364
815 364
2445 3183
1194 2445
51 2445
52 2445
994 1240
1173 727
1045 1261
1261 1136
727 1136
1240 1136
56 2156
56 2512
56 1374
54 56
462 58
58 3210
452 3210
53 1157
821 53
373 355
903 1771
903 2116
712 60
355 903
60 903
535 1335
535 2792
107 535
655 1565
66 2032
231 199
199 66
62 66
1565 66
915 1544
70 1276
1429 1603
1603 70
1544 70
68 70
92 3025
1020 72
72 92
560 1044
1372 712
1044 712
862 799
1023 725
725 862
1969 862
198 3137
3137 76
757 76
520 79
421 1152
79 1152
80 1152
1340 939
1340 497
1294 1670
1670 1340
1990 1500
996 755
1407 84
84 996
82 996
1500 996
462 86
87 2561
87 579
1033 990
86 87
990 87
91 649
853 649
112 649
297 794
1432 252
252 297
3014 1982
253 3014
1349 3014
3113 269
1040 1206
269 1206
93 1206
1268 138
1276 138
1200 1608
1262 686
1271 95
95 1200
426 1200
686 1200
420 97
3072 1116
3072 752
1407 372
372 3072
97 3072
2262 3072
581 99
870 623
99 1245
623 1245
840 706
100 26
706 26
635 656
702 842
1476 109
109 111
656 111
842 111
581 3096
1013 113
3096 114
113 114
1671 2027
705 115
2027 1130
115 1130
793 561
654 793
127 1549
127 1499
1313 2394
2394 127
513 127
3133 127
1231 583
583 446
272 118
1392 1657
1392 548
1392 1095
864 902
2680 658
118 1392
902 1392
658 1392
731 3106
157 3106
1389 410
1585 860
410 1585
1439 1006
122 1521
1285 1131
2680 844
844 122
1131 122
1006 122
818 1607
125 96
2591 124
1231 1778
1607 125
124 125
1778 125
129 817
1007 817
604 130
169 1066
1105 38
909 1211
1211 169
130 169
38 169
915 1324
945 1664
1664 915
1271 3123
3123 1990
131 1990
1729 1990
392 2383
499 134
2383 414
134 414
937 900
1766 1247
1365 1212
1212 2170
1247 2170
900 2170
1221 1647
140 2941
3023 551
517 136
1647 140
136 140
551 140
1105 671
1221 776
776 1147
671 1147
1641 280
1594 1633
81 1378
1633 1378
154 2976
1599 767
2976 544
767 544
321 1596
1432 585
585 321
1717 141
141 1257
143 1257
1848 606
1271 244
244 1848
433 1848
1416 1848
148 294
1407 1058
1058 148
145 148
174 148
220 362
1407 780
1021 170
2228 220
170 220
780 220
893 573
1045 307
573 613
307 613
692 180
2961 692
2438 692
2532 797
2532 1418
2532 1036
2532 3092
2180 449
55 2532
449 2532
517 1178
1178 581
1282 152
152 154
514 1232
905 1680
1680 514
905 846
942 413
942 468
1657 942
846 942
158 1080
1084 386
1043 270
155 158
270 158
386 158
576 160
159 160
589 1250
1250 163
162 163
177 163
1389 2524
1389 632
1389 1264
1407 923
923 1389
207 1389
1608 1389
696 653
1251 577
1373 696
577 696
1292 378
333 164
880 838
838 1292
1539 1292
164 1292
1008 166
1855 2910
166 1855
1447 1855
565 77
1137 77
1028 427
427 687
167 1515
1896 1515
880 1674
1691 2466
1035 171
1674 179
171 179
2466 179
1271 1665
1665 178
240 178
1917 178
1158 1803
180 1803
2052 2226
2226 182
294 182
247 182
2978 660
316 454
1579 2868
2052 184
184 316
2868 316
660 316
3023 1427
870 1156
1427 633
1156 633
1375 1019
1672 187
188 418
187 418
1019 418
231 2732
636 191
2732 304
190 304
191 304
1540 1226
2180 417
3021 1540
417 1540
2415 473
193 2415
1542 2915
2915 1541
1226 1541
993 197
198 3108
198 666
198 352
1047 825
197 198
825 198
2617 940
200 203
940 203
1953 298
205 1953
515 1953
1360 2952
3023 212
517 210
2952 226
210 226
212 226
880 1182
1155 2222
1205 1526
1182 213
2222 213
1526 213
1103 214
870 340
340 1161
214 1161
1667 1922
636 1759
218 622
1922 218
1759 218
3228 223
2488 348
223 348
754 895
229 231
895 231
1102 484
484 1175
797 1175
960 611
953 232
611 233
232 233
235 183
734 235
2024 235
905 1216
811 236
1216 236
1594 2916
647 1653
243 88
1254 681
681 243
1653 243
2916 243
1084 471
378 1881
471 1881
387 830
1009 317
1009 2649
830 1009
608 1009
1120 2554
2941 629
2554 629
1714 612
2493 1094
612 2493
1174 2493
1487 2493
1947 809
1107 809
994 260
1691 257
1035 552
260 261
552 261
257 261
267 748
2890 264
264 267
3055 2852
698 2852
883 274
1305 274
789 391
450 1030
275 789
620 789
1030 789
347 789
1141 709
745 1141
713 826
713 593
713 1987
2052 1507
1507 713
2373 713
1650 733
540 1712
419 2421
419 771
1407 1093
1093 419
733 419
1712 419
910 313
2180 578
1069 217
578 217
313 217
1519 1667
834 1490
834 1326
387 288
288 834
3114 834
365 834
2032 3103
2497 291
826 2420
291 2420
1313 1466
292 295
1466 295
299 716
298 299
2146 299
571 299
1084 424
1173 3182
435 1386
880 1027
1027 435
3182 435
424 435
387 694
694 1928
369 1928
1594 308
1587 1299
1254 1383
1383 312
1299 312
308 312
2591 314
314 2753
317 2753
318 2029
318 2615
499 3066
1422 318
3066 318
511 852
1168 2189
852 2189
320 2189
1620 1132
1432 1277
2233 1620
1277 1620
1225 588
1423 1034
2770 1423
588 1423
930 924
924 2510
324 2510
561 1692
303 1692
412 1398
729 1720
326 729
1398 729
1285 328
328 3045
330 3045
1057 445
1733 1057
1126 1057
332 1236
1020 331
331 332
3108 1128
336 1128
1013 1556
2693 338
1602 337
1556 392
337 392
338 392
2682 1708
636 1973
645 2376
2443 2739
1973 2682
2376 2682
2739 2682
333 2484
1254 1399
1399 1436
239 1436
2484 1436
714 1243
788 714
1294 2549
3023 137
803 425
2549 803
137 803
1407 344
1271 345
1039 1041
1039 1502
344 1039
345 1039
133 1581
1231 405
405 2462
1581 2462
346 2462
241 626
3158 241
666 241
1755 958
958 1017
349 1074
352 1074
1725 94
2114 1725
884 1725
768 1725
2497 2521
1327 975
2521 975
2930 353
1171 1000
353 375
1000 375
1119 358
493 89
230 1887
2890 360
360 493
1887 493
354 493
358 493
1112 1003
366 929
1003 366
1041 366
362 366
2967 1321
930 459
3023 22
517 371
1321 930
371 930
22 930
626 373
2561 373
831 1956
1045 976
2677 1078
1956 2677
976 2677
2660 1015
1290 1517
1015 1290
912 1290
1518 661
377 661
754 1783
754 807
754 1808
1120 382
381 754
382 754
919 483
383 483
2441 483
1935 385
245 385
704 385
572 1524
946 572
664 572
438 1452
1479 2386
2029 2386
1521 2835
1232 2835
994 394
394 395
521 395
393 395
635 1209
1784 1535
1535 635
399 1061
672 1718
1271 284
284 399
396 399
1718 399
517 400
1183 2410
400 1183
939 1183
2615 387
404 387
2321 1375
1648 1375
408 1793
443 927
1441 2095
927 408
2095 408
475 411
411 773
413 773
2715 2621
765 420
2621 420
2586 1122
2823 1122
607 534
778 1756
994 423
423 778
534 778
422 778
425 389
637 389
2410 389
2066 431
436 533
1325 436
431 436
1270 890
889 1085
1085 374
890 374
443 2367
994 439
439 443
1577 443
735 1235
445 450
1235 450
1254 1658
1166 453
1038 2489
1658 458
2489 458
453 458
272 2023
739 2387
2906 2279
2023 462
2387 462
2279 462
1033 485
485 511
590 1333
465 1262
1333 1262
1403 2958
2958 1313
468 1313
1332 470
1407 474
474 2978
470 2978
473 2978
2888 1437
557 475
1437 475
478 479
2882 682
1196 643
1816 2882
643 2882
333 2537
994 488
488 893
487 893
2537 893
1100 490
490 494
2675 1682
1196 361
361 2675
1285 495
495 910
497 910
272 501
993 965
964 760
870 2504
501 993
760 993
2504 993
994 1241
1241 831
502 831
2421 831
1353 2507
1353 105
954 1353
506 1353
509 1187
1432 2641
1563 509
2641 509
1285 510
510 650
1614 650
854 897
978 854
2039 854
1210 512
1762 1338
512 1338
246 1338
1120 836
836 3113
1594 516
1401 1924
1254 979
979 520
1924 520
516 520
1711 1630
1711 379
526 1711
1783 1711
525 1711
1171 531
647 2750
2052 2730
2730 532
2750 532
531 532
2180 1696
2888 1604
2888 726
536 2888
1696 2888
539 540
541 1102
546 1102
905 550
548 1274
550 1274
1314 2450
1023 1438
1438 1314
1439 1048
1105 885
1048 556
885 556
558 560
963 560
2491 1295
1583 1295
567 1087
566 1087
1404 1087
603 569
1464 1110
1110 574
88 574
569 574
807 669
1335 669
580 3235
543 580
932 582
819 1697
1719 874
1697 1719
582 1719
2350 1263
1196 553
716 2350
553 2350
1310 584
584 1744
586 1744
820 1684
994 3077
3077 820
2524 820
2156 820
454 589
1638 589
1185 1357
1357 590
1209 590
634 690
593 2423
690 2423
749 601
598 601
2457 603
1569 603
607 2691
1407 2077
2077 607
1699 607
606 607
1024 271
610 1933
609 610
271 610
444 610
1105 619
2693 616
1602 2432
619 621
2432 621
616 621
622 798
1265 798
1288 2656
718 1766
1771 1766
1758 1766
2152 1370
741 1370
2591 1702
2282 2591
1708 2591
897 1861
1364 1861
1756 2889
1754 2889
1215 262
1067 735
262 735
1388 1751
1215 2628
1749 1561
2628 1561
1751 1561
2696 2660
1496 2660
1677 2660
1193 1330
1411 1433
1330 1433
2669 1445
1745 276
1450 1745
1445 1745
1080 1745
1684 685
1740 685
1735 908
1737 1735
944 1735
1142 1408
196 2669
1408 2669
1053 1731
984 1091
1731 1091
508 1457
880 83
83 508
632 508
2512 508
1270 1706
3023 1273
517 998
1706 672
998 672
1273 672
911 1636
1967 2190
1636 2190
1720 2190
533 2190
579 1717
1713 2034
1443 1713
1508 1713
1578 1713
1105 2741
3023 697
2741 1429
697 1429
98 1366
2359 98
2910 98
869 98
459 98
636 3041
1517 2650
3041 2650
1701 1348
1702 1701
1630 1701
132 2453
1467 866
1090 866
296 1117
1078 296
1034 296
1793 296
1100 2922
1599 1690
872 48
48 59
2922 59
1690 59
1681 3149
1444 1689
1687 1681
1502 1681
1689 1681
1184 1449
1271 858
858 1184
1673 1184
951 1184
1546 1672
1063 1672
1005 750
2603 1005
1683 1005
1663 642
819 1097
1097 1663
2333 1659
1473 1537
3140 1537
96 1537
1659 1537
1380 1379
772 498
1379 772
1602 1431
1431 679
1377 1819
2792 1819
1171 1204
1654 500
1204 500
1285 1645
1645 47
806 47
967 549
1643 549
913 189
412 1639
1099 1219
189 1099
1639 1099
3029 674
1148 3029
2469 1234
1627 1234
960 1129
1291 960
1418 960
2606 2370
1219 2606
922 2606
1625 2606
63 1619
965 1619
1403 24
2758 1403
785 1071
1573 1071
2235 1071
1195 1484
1033 1075
1484 1509
1075 1509
1613 1509
880 1606
1606 2981
1397 2981
2892 2981
319 1547
1604 1547
1238 843
1376 843
1271 1597
1597 1671
1076 1671
1154 906
1092 1591
906 1591
1213 3175
1407 1584
1584 1579
3175 1579
709 1579
1167 1571
126 1650
1571 1650
1808 2443
1949 2443
1328 1612
1575 1328
2765 804
359 1574
1574 2765
172 2487
1350 1572
1196 2204
1572 172
2204 172
1280 2699
2294 982
2699 982
1599 1562
1201 1195
1562 1195
994 1560
1560 1767
34 1752
1559 1558
1752 1558
1449 1112
1550 1112
1191 2754
1549 1542
2754 1542
2052 1726
1726 2930
2006 2930
1116 2930
1533 1530
1036 1530
24 1530
1242 2902
1196 974
1679 1242
974 1242
1705 1590
819 1529
1529 1705
952 839
1524 1522
839 1522
1171 2698
2856 2328
2052 1513
1513 1510
2328 1510
2698 1510
2693 1343
1602 1660
872 1506
1506 1492
1660 1492
1343 1492
1100 1341
1599 1286
925 1495
1495 1503
1341 1503
1286 1503
1499 1498
726 1498
1254 1135
1135 1233
1264 1233
1374 1233
1490 1454
1352 1454
1171 701
701 1350
1489 1350
437 1350
1337 2161
819 1331
1331 1337
2693 1478
2230 1476
1478 1476
1469 1465
1324 1465
2049 1230
677 1464
1230 1464
1100 1528
1599 1460
1360 920
920 1185
1528 1185
1460 1185
1011 956
1425 956
1457 1714
1623 1714
1407 1025
950 1127
1287 1444
1127 1444
1025 1444
1047 738
738 505
2052 503
503 1336
2507 1336
3229 1336
3092 1435
2558 401
1119 1588
1588 2558
1296 1459
1095 1459
933 1008
1217 1008
645 121
907 1624
121 1624
636 1468
1755 1186
1631 636
1186 636
881 813
938 813
1430 1297
379 1430
2649 1430
1413 955
1029 1420
657 1424
359 1284
89 1413
1420 1413
1424 1413
1284 1413
750 1888
3235 1888
1359 3173
1987 2378
3173 2378
3023 1279
925 594
1279 1566
594 1566
1555 1523
700 670
744 700
1523 700
2516 700
1405 1387
1014 1405
1982 1405
1360 3006
1602 1400
3006 702
1400 702
880 969
969 2452
2691 2452
1543 2452
1394 911
1189 911
391 937
1391 937
2116 937
1150 1616
507 1616
1285 1504
1504 1388
1390 1388
1387 133
1468 133
596 2254
105 596
1567 841
948 1567
2568 1567
1386 1567
1380 966
1580 300
300 1380
333 2012
1407 194
194 333
2406 333
1061 333
1764 1371
1593 1371
1231 1775
3046 2333
1348 2333
1775 2333
1037 763
1640 1037
1367 1037
1366 1037
1171 2827
1401 2848
2052 627
627 676
2848 676
2827 676
667 1258
1551 1471
1258 1471
945 144
1066 645
144 645
463 1272
1214 1024
1272 1024
1207 818
1326 818
1439 648
925 1534
648 916
1534 916
1129 1191
1355 1191
1163 1054
2367 1555
1054 1555
357 655
1300 562
1407 1253
1253 1300
653 1300
1243 1300
1760 201
775 201
