3245 4175
0 5 10
1 6 9
2 40 30
3 40 30
4 7 8
5 7 6
6 5 7
7 8 6
8 10 10
9 20 30
10 9 7
11 30 20
12 10 10
13 10 5
14 30 30
15 6 8
16 8 10
17 8 7
18 50 50
19 40 40
20 10 6
21 40 20
22 5 9
23 7 9
24 5 10
25 30 20
26 40 50
27 40 40
28 8 9
29 7 8
30 6 8
31 9 10
32 6 8
33 30 30
34 7 8
35 9 5
36 8 6
37 10 7
38 40 30
39 5 7
40 20 30
41 10 7
42 6 5
43 20 40
44 9 8
45 6 10
46 20 40
47 5 9
48 40 20
49 10 9
50 8 9
51 7 8
52 5 9
53 40 20
54 5 8
55 10 7
56 8 6
57 9 7
58 30 20
59 7 5
60 7 5
61 5 5
62 40 30
63 5 10
64 6 7
65 9 7
66 30 40
67 8 6
68 30 20
69 8 10
70 5 10
71 8 8
72 6 6
73 20 30
74 20 40
75 8 9
76 10 10
77 5 9
78 20 50
79 20 40
80 10 7
81 30 30
82 7 10
83 7 8
84 6 7
85 10 5
86 5 8
87 9 8
88 8 8
89 8 9
90 9 10
91 50 20
92 5 6
93 9 8
94 10 6
95 9 5
96 6 7
97 20 20
98 8 7
99 10 7
100 8 5
101 9 7
102 40 30
103 40 20
104 5 7
105 5 6
106 5 5
107 10 7
108 40 50
109 6 5
110 8 10
111 5 6
112 5 9
113 30 50
114 8 8
115 5 8
116 9 8
117 8 10
118 5 9
119 6 6
120 20 30
121 9 6
122 20 30
123 9 10
124 5 5
125 9 10
126 9 5
127 20 30
128 10 6
129 6 7
130 10 6
131 7 8
132 40 40
133 20 40
134 9 9
135 8 5
136 10 8
137 30 20
138 8 9
139 10 8
140 40 30
141 8 9
142 8 8
143 50 50
144 20 30
145 9 9
146 10 9
147 30 40
148 6 8
149 8 5
150 7 7
151 9 10
152 8 9
153 40 20
154 8 8
155 5 10
156 10 8
157 9 9
158 9 7
159 6 10
160 30 40
161 5 7
162 8 6
163 40 30
164 8 5
165 6 9
166 20 50
167 5 10
168 9 10
169 9 10
170 7 6
171 40 40
172 30 40
173 20 40
174 7 7
175 9 7
176 9 10
177 20 30
178 7 6
179 6 9
180 9 8
181 50 30
182 9 7
183 9 10
184 10 10
185 5 9
186 10 8
187 20 30
188 50 50
189 8 6
190 7 5
191 6 7
192 5 10
193 6 10
194 10 6
195 7 6
196 5 9
197 8 5
198 50 30
199 7 6
200 40 40
201 10 9
202 50 30
203 8 10
204 9 5
205 50 30
206 5 9
207 20 30
208 7 5
209 10 6
210 9 8
211 30 40
212 8 10
213 6 8
214 5 5
215 5 9
216 8 10
217 10 8
218 7 5
219 9 9
220 7 8
221 50 30
222 40 30
223 9 9
224 9 7
225 8 8
226 30 50
227 30 30
228 8 8
229 10 5
230 50 30
231 30 40
232 8 9
233 8 6
234 30 50
235 6 7
236 20 40
237 6 7
238 8 6
239 9 7
240 20 30
241 40 50
242 5 5
243 9 9
244 9 9
245 8 9
246 6 10
247 5 7
248 10 10
249 30 20
250 9 10
251 7 10
252 50 30
253 40 30
254 8 6
255 5 10
256 40 40
257 5 6
258 30 50
259 6 7
260 8 10
261 6 6
262 20 30
263 7 10
264 5 10
265 9 8
266 40 50
267 9 5
268 9 10
269 9 5
270 6 7
271 8 9
272 8 5
273 5 7
274 50 40
275 5 7
276 40 40
277 6 10
278 7 9
279 9 6
280 50 50
281 10 5
282 10 6
283 20 30
284 5 5
285 30 20
286 10 6
287 40 30
288 40 50
289 9 5
290 8 8
291 50 40
292 9 9
293 20 40
294 20 40
295 40 50
296 5 9
297 10 7
298 40 20
299 5 9
300 10 9
301 50 40
302 10 5
303 40 50
304 7 8
305 20 40
306 30 20
307 8 6
308 50 30
309 9 5
310 9 9
311 8 7
312 30 30
313 8 10
314 30 30
315 20 50
316 8 10
317 10 10
318 9 9
319 50 30
320 30 50
321 9 5
322 6 8
323 8 10
324 10 9
325 40 20
326 10 5
327 8 9
328 20 20
329 6 9
330 20 50
331 8 8
332 6 8
333 40 20
334 7 10
335 30 50
336 5 5
337 6 9
338 20 40
339 8 7
340 40 20
341 20 20
342 8 6
343 10 5
344 5 5
345 7 7
346 5 7
347 40 50
348 50 50
349 5 7
350 5 9
351 20 40
352 10 6
353 8 7
354 9 10
355 30 30
356 6 9
357 50 40
358 5 8
359 40 30
360 9 9
361 6 5
362 5 6
363 10 9
364 40 50
365 9 6
366 9 5
367 9 5
368 20 20
369 5 9
370 50 40
371 8 8
372 6 5
373 6 5
374 30 50
375 9 10
376 5 5
377 9 8
378 9 10
379 40 40
380 40 20
381 40 40
382 30 50
383 6 9
384 8 7
385 5 7
386 8 8
387 6 10
388 50 50
389 5 5
390 8 6
391 30 20
392 7 8
393 9 5
394 30 40
395 6 9
396 6 9
397 10 7
398 9 5
399 20 50
400 5 7
401 40 40
402 8 10
403 40 30
404 9 7
405 20 40
406 5 5
407 7 5
408 40 50
409 40 20
410 30 30
411 5 9
412 30 20
413 7 7
414 6 5
415 40 40
416 30 20
417 6 7
418 20 50
419 40 30
420 6 8
421 9 8
422 6 9
423 6 9
424 30 40
425 7 10
426 40 40
427 7 6
428 30 40
429 9 10
430 7 8
431 40 20
432 8 5
433 20 20
434 6 10
435 9 8
436 50 50
437 8 8
438 10 8
439 30 30
440 30 50
441 40 20
442 50 40
443 10 10
444 5 7
445 50 40
446 40 20
447 7 8
448 50 20
449 30 50
450 50 40
451 9 8
452 40 30
453 7 9
454 5 10
455 6 5
456 40 50
457 6 9
458 7 6
459 30 50
460 9 5
461 10 10
462 9 10
463 5 5
464 6 10
465 8 9
466 8 10
467 40 30
468 10 6
469 10 10
470 9 5
471 50 50
472 7 5
473 8 8
474 40 50
475 50 30
476 30 30
477 7 6
478 5 7
479 6 9
480 8 7
481 6 5
482 20 50
483 40 40
484 7 6
485 7 7
486 10 9
487 50 30
488 8 7
489 50 30
490 9 7
491 6 5
492 50 50
493 7 8
494 6 6
495 8 10
496 6 7
497 20 40
498 5 6
499 10 6
500 5 5
501 50 40
502 5 9
503 9 10
504 7 8
505 30 50
506 20 30
507 7 7
508 20 50
509 50 50
510 40 50
511 20 40
512 9 9
513 10 6
514 10 9
515 8 7
516 8 5
517 9 9
518 40 50
519 20 20
520 10 6
521 5 7
522 5 9
523 6 8
524 7 9
525 6 8
526 8 9
527 30 40
528 7 8
529 20 30
530 10 6
531 9 6
532 50 20
533 6 8
534 10 7
535 7 7
536 50 40
537 50 50
538 8 8
539 50 40
540 20 20
541 10 8
542 20 30
543 10 6
544 10 10
545 9 5
546 9 5
547 5 7
548 10 6
549 10 6
550 10 5
551 5 7
552 10 10
553 5 5
554 9 10
555 50 30
556 40 20
557 8 6
558 9 8
559 6 6
560 9 8
561 40 50
562 8 9
563 6 6
564 7 10
565 8 8
566 5 10
567 6 5
568 8 8
569 30 30
570 40 40
571 20 50
572 5 10
573 40 30
574 20 20
575 8 5
576 50 30
577 40 30
578 8 8
579 6 6
580 7 6
581 20 40
582 7 7
583 10 7
584 40 40
585 5 6
586 7 10
587 10 6
588 8 9
589 9 6
590 7 9
591 5 6
592 7 5
593 50 30
594 10 5
595 5 8
596 8 8
597 6 5
598 8 10
599 7 5
600 8 9
601 30 30
602 10 7
603 10 6
604 10 10
605 9 6
606 6 9
607 8 10
608 6 8
609 9 9
610 20 30
611 6 7
612 20 40
613 20 50
614 50 20
615 5 9
616 7 7
617 7 8
618 20 30
619 50 40
620 7 10
621 7 8
622 5 5
623 5 9
624 10 7
625 9 7
626 7 8
627 20 40
628 9 7
629 10 10
630 7 9
631 9 7
632 9 9
633 6 7
634 9 5
635 7 5
636 8 8
637 9 7
638 6 5
639 10 6
640 8 5
641 6 5
642 7 9
643 8 9
644 7 6
645 10 5
646 20 30
647 7 5
648 9 5
649 8 6
650 5 7
651 40 20
652 40 20
653 50 40
654 10 6
655 8 8
656 9 10
657 30 30
658 10 5
659 30 30
660 20 20
661 9 5
662 40 20
663 6 9
664 7 5
665 7 8
666 7 7
667 30 30
668 8 7
669 50 30
670 9 9
671 8 10
672 7 9
673 8 10
674 5 9
675 10 8
676 10 6
677 10 8
678 10 5
679 6 8
680 5 8
681 7 8
682 9 10
683 6 5
684 9 7
685 8 5
686 7 6
687 10 7
688 5 9
689 5 9
690 8 6
691 5 6
692 10 6
693 30 20
694 6 8
695 5 5
696 5 8
697 8 10
698 8 5
699 5 6
700 9 6
701 30 20
702 9 8
703 7 10
704 9 9
705 7 6
706 6 10
707 40 50
708 8 7
709 7 10
710 20 50
711 7 7
712 8 5
713 8 8
714 6 10
715 5 7
716 40 20
717 20 30
718 10 6
719 6 5
720 20 30
721 10 6
722 10 9
723 40 40
724 9 6
725 5 5
726 50 30
727 5 10
728 10 5
729 30 20
730 9 10
731 10 5
732 50 20
733 9 9
734 30 50
735 6 8
736 10 9
737 10 6
738 9 8
739 20 20
740 8 7
741 7 8
742 6 8
743 5 7
744 50 20
745 20 50
746 9 8
747 7 6
748 20 20
749 5 5
750 8 7
751 40 30
752 10 5
753 40 20
754 40 20
755 8 5
756 10 7
757 6 5
758 9 7
759 10 8
760 20 20
761 6 8
762 6 10
763 9 8
764 10 10
765 40 40
766 30 30
767 10 5
768 20 30
769 9 9
770 50 30
771 6 6
772 20 30
773 9 7
774 20 30
775 40 40
776 9 10
777 40 40
778 5 5
779 5 10
780 9 7
781 9 5
782 5 9
783 9 9
784 30 50
785 10 8
786 50 30
787 5 10
788 10 9
789 8 10
790 5 6
791 20 20
792 40 40
793 5 8
794 7 5
795 7 8
796 6 5
797 7 7
798 50 50
799 10 9
800 7 10
801 8 5
802 7 7
803 5 6
804 5 6
805 30 30
806 6 10
807 9 10
808 6 6
809 40 30
810 6 10
811 9 10
812 10 8
813 7 8
814 50 40
815 8 8
816 7 9
817 5 10
818 7 5
819 30 40
820 5 5
821 5 5
822 6 7
823 10 9
824 9 5
825 7 9
826 7 7
827 5 7
828 50 40
829 30 50
830 30 50
831 6 5
832 8 7
833 6 6
834 8 9
835 40 40
836 9 9
837 5 7
838 30 20
839 30 50
840 30 50
841 5 5
842 5 5
843 20 20
844 50 50
845 20 50
846 8 5
847 5 10
848 9 9
849 5 5
850 9 8
851 5 10
852 8 7
853 5 6
854 8 9
855 6 7
856 30 20
857 7 7
858 20 50
859 7 6
860 7 10
861 20 30
862 5 8
863 8 5
864 10 8
865 50 40
866 7 8
867 9 9
868 6 8
869 6 5
870 20 40
871 50 50
872 30 30
873 10 7
874 7 7
875 40 20
876 9 7
877 8 7
878 5 6
879 20 20
880 6 6
881 6 7
882 5 7
883 40 30
884 6 10
885 30 20
886 40 20
887 9 10
888 40 40
889 20 50
890 8 7
891 6 7
892 20 40
893 6 6
894 10 5
895 8 7
896 10 5
897 20 30
898 8 5
899 9 8
900 10 7
901 6 6
902 8 8
903 6 6
904 30 20
905 9 6
906 50 30
907 8 5
908 7 8
909 8 5
910 6 8
911 9 8
912 10 7
913 10 8
914 40 50
915 20 30
916 9 7
917 5 9
918 10 9
919 20 40
920 6 6
921 8 9
922 6 9
923 10 9
924 50 30
925 50 30
926 20 50
927 5 9
928 9 9
929 9 9
930 20 30
931 8 5
932 5 6
933 9 5
934 7 6
935 30 50
936 8 5
937 6 10
938 9 8
939 7 7
940 6 8
941 30 20
942 50 20
943 50 30
944 5 5
945 5 7
946 8 9
947 10 8
948 7 7
949 5 7
950 9 5
951 50 40
952 8 5
953 10 7
954 10 5
955 6 9
956 9 7
957 10 7
958 9 9
959 7 6
960 8 6
961 10 6
962 7 5
963 9 9
964 6 8
965 9 10
966 5 7
967 20 50
968 10 8
969 6 10
970 7 6
971 20 50
972 7 5
973 40 20
974 5 7
975 8 9
976 10 10
977 9 6
978 5 6
979 9 8
980 6 8
981 9 9
982 30 50
983 40 40
984 10 8
985 30 50
986 6 8
987 50 50
988 6 5
989 8 10
990 8 6
991 10 9
992 8 10
993 50 20
994 5 10
995 9 5
996 7 6
997 5 6
998 7 6
999 9 8
1000 9 8
1001 50 40
1002 9 9
1003 5 7
1004 30 30
1005 5 5
1006 50 30
1007 30 50
1008 50 20
1009 6 9
1010 40 20
1011 7 6
1012 40 40
1013 7 8
1014 9 5
1015 8 8
1016 6 9
1017 30 30
1018 30 30
1019 9 5
1020 20 40
1021 10 6
1022 8 6
1023 9 7
1024 8 7
1025 5 7
1026 10 5
1027 50 40
1028 20 20
1029 50 40
1030 40 30
1031 6 6
1032 9 7
1033 50 20
1034 20 30
1035 20 20
1036 9 7
1037 5 9
1038 8 6
1039 8 9
1040 9 7
1041 7 7
1042 8 5
1043 6 6
1044 5 10
1045 8 6
1046 5 6
1047 7 10
1048 9 9
1049 40 50
1050 6 9
1051 20 20
1052 20 50
1053 9 7
1054 5 6
1055 5 7
1056 20 20
1057 7 7
1058 9 6
1059 7 10
1060 40 40
1061 5 9
1062 8 5
1063 50 30
1064 8 7
1065 50 50
1066 8 8
1067 6 7
1068 50 30
1069 6 9
1070 30 50
1071 8 8
1072 10 9
1073 10 6
1074 30 40
1075 5 6
1076 10 10
1077 10 10
1078 6 5
1079 40 30
1080 7 8
1081 8 6
1082 10 7
1083 9 9
1084 30 20
1085 30 40
1086 5 9
1087 40 30
1088 5 7
1089 8 10
1090 5 7
1091 5 5
1092 50 20
1093 9 8
1094 50 40
1095 8 6
1096 20 30
1097 5 10
1098 5 7
1099 6 8
1100 30 20
1101 8 7
1102 50 50
1103 20 30
1104 30 20
1105 8 10
1106 8 10
1107 8 8
1108 7 10
1109 6 8
1110 7 10
1111 8 6
1112 5 9
1113 5 6
1114 10 9
1115 8 10
1116 10 5
1117 8 10
1118 9 8
1119 5 8
1120 7 9
1121 5 9
1122 7 8
1123 8 7
1124 50 40
1125 10 8
1126 40 20
1127 10 9
1128 9 7
1129 50 40
1130 20 40
1131 9 7
1132 6 6
1133 6 10
1134 7 7
1135 6 7
1136 6 7
1137 10 5
1138 20 20
1139 9 9
1140 6 7
1141 7 5
1142 5 7
1143 9 6
1144 6 7
1145 5 7
1146 20 40
1147 30 50
1148 5 9
1149 30 40
1150 8 8
1151 5 6
1152 40 40
1153 40 30
1154 30 50
1155 50 40
1156 9 5
1157 8 9
1158 8 6
1159 9 5
1160 40 30
1161 5 5
1162 8 6
1163 9 10
1164 30 40
1165 5 7
1166 10 9
1167 9 9
1168 8 8
1169 40 20
1170 6 10
1171 7 5
1172 8 10
1173 6 5
1174 7 10
1175 9 5
1176 5 7
1177 50 20
1178 8 8
1179 30 50
1180 40 30
1181 6 5
1182 9 7
1183 8 9
1184 20 50
1185 7 5
1186 5 9
1187 10 10
1188 6 6
1189 10 9
1190 50 30
1191 10 10
1192 8 6
1193 8 9
1194 40 40
1195 8 7
1196 20 40
1197 10 10
1198 6 9
1199 5 7
1200 40 50
1201 9 8
1202 20 30
1203 7 10
1204 6 10
1205 10 10
1206 50 30
1207 6 9
1208 40 40
1209 50 30
1210 10 8
1211 50 30
1212 8 7
1213 50 40
1214 10 6
1215 10 8
1216 10 9
1217 50 20
1218 10 7
1219 7 7
1220 6 9
1221 7 7
1222 9 5
1223 20 30
1224 40 40
1225 9 8
1226 8 5
1227 50 40
1228 6 8
1229 50 30
1230 5 10
1231 20 20
1232 20 50
1233 6 5
1234 5 6
1235 50 50
1236 30 40
1237 8 7
1238 9 9
1239 50 50
1240 50 50
1241 8 6
1242 7 7
1243 5 9
1244 5 6
1245 5 6
1246 30 30
1247 7 7
1248 8 5
1249 10 8
1250 20 30
1251 40 50
1252 10 6
1253 20 20
1254 5 5
1255 9 10
1256 10 10
1257 6 7
1258 40 30
1259 40 30
1260 40 30
1261 7 10
1262 5 6
1263 5 5
1264 30 40
1265 5 9
1266 7 7
1267 7 6
1268 9 6
1269 30 20
1270 30 40
1271 20 20
1272 10 8
1273 5 10
1274 5 10
1275 6 5
1276 10 5
1277 30 50
1278 50 50
1279 30 40
1280 8 9
1281 30 20
1282 40 30
1283 7 8
1284 8 6
1285 6 5
1286 20 50
1287 10 5
1288 50 40
1289 10 9
1290 9 5
1291 40 50
1292 40 20
1293 9 7
1294 9 5
1295 10 6
1296 7 6
1297 5 8
1298 10 8
1299 20 20
1300 7 6
1301 40 20
1302 20 30
1303 5 6
1304 5 10
1305 5 10
1306 7 10
1307 6 9
1308 8 5
1309 10 10
1310 5 10
1311 20 50
1312 8 6
1313 6 8
1314 7 5
1315 8 7
1316 9 9
1317 40 40
1318 9 10
1319 50 50
1320 10 6
1321 5 6
1322 7 8
1323 6 6
1324 5 8
1325 6 8
1326 9 6
1327 7 5
1328 7 10
1329 6 7
1330 10 10
1331 5 5
1332 5 10
1333 50 20
1334 6 5
1335 7 9
1336 30 20
1337 8 8
1338 30 50
1339 50 20
1340 8 9
1341 10 7
1342 7 8
1343 30 30
1344 30 20
1345 50 30
1346 8 10
1347 20 30
1348 10 9
1349 9 10
1350 10 6
1351 50 50
1352 50 50
1353 8 9
1354 9 8
1355 10 5
1356 30 40
1357 7 7
1358 40 20
1359 30 30
1360 9 6
1361 9 5
1362 30 40
1363 6 7
1364 10 8
1365 10 7
1366 6 7
1367 50 20
1368 20 20
1369 30 20
1370 7 8
1371 8 7
1372 8 5
1373 7 10
1374 9 9
1375 30 20
1376 20 40
1377 5 10
1378 7 5
1379 8 5
1380 5 9
1381 6 6
1382 10 8
1383 7 7
1384 9 10
1385 9 10
1386 7 6
1387 7 5
1388 10 8
1389 9 10
1390 7 8
1391 50 30
1392 9 5
1393 8 9
1394 8 10
1395 50 20
1396 20 30
1397 9 9
1398 5 9
1399 6 6
1400 7 5
1401 30 20
1402 10 6
1403 6 6
1404 9 10
1405 7 6
1406 20 20
1407 5 5
1408 6 6
1409 50 20
1410 20 50
1411 6 10
1412 10 7
1413 30 30
1414 20 30
1415 9 9
1416 7 5
1417 9 7
1418 8 10
1419 6 6
1420 8 5
1421 30 50
1422 8 6
1423 50 50
1424 8 10
1425 9 8
1426 5 7
1427 9 7
1428 8 5
1429 10 9
1430 20 40
1431 10 10
1432 6 8
1433 20 30
1434 6 8
1435 5 5
1436 8 10
1437 8 7
1438 9 10
1439 6 6
1440 8 10
1441 10 10
1442 8 6
1443 6 8
1444 50 50
1445 30 20
1446 5 9
1447 6 7
1448 50 20
1449 50 30
1450 8 8
1451 6 5
1452 8 6
1453 9 7
1454 40 30
1455 5 6
1456 6 5
1457 5 9
1458 8 10
1459 8 5
1460 6 9
1461 40 30
1462 7 5
1463 9 7
1464 30 20
1465 5 7
1466 6 5
1467 50 20
1468 10 6
1469 7 9
1470 20 40
1471 5 8
1472 6 7
1473 40 30
1474 9 10
1475 6 5
1476 8 6
1477 20 20
1478 7 8
1479 9 9
1480 20 30
1481 9 10
1482 5 6
1483 6 6
1484 7 9
1485 6 7
1486 9 6
1487 8 5
1488 5 7
1489 9 7
1490 7 10
1491 5 9
1492 5 10
1493 10 6
1494 10 7
1495 6 5
1496 40 40
1497 7 7
1498 7 6
1499 30 50
1500 10 6
1501 40 20
1502 50 30
1503 7 7
1504 7 8
1505 8 8
1506 50 50
1507 40 20
1508 7 9
1509 6 8
1510 5 8
1511 5 6
1512 30 50
1513 10 6
1514 6 6
1515 9 10
1516 8 6
1517 9 7
1518 5 8
1519 10 6
1520 50 30
1521 20 20
1522 40 50
1523 5 9
1524 9 7
1525 50 30
1526 30 30
1527 8 6
1528 10 8
1529 10 9
1530 8 6
1531 6 5
1532 50 50
1533 9 7
1534 9 5
1535 6 5
1536 8 7
1537 20 40
1538 10 9
1539 9 10
1540 6 9
1541 5 9
1542 6 9
1543 8 10
1544 40 50
1545 9 8
1546 50 40
1547 7 7
1548 6 5
1549 5 7
1550 5 7
1551 50 50
1552 5 5
1553 7 9
1554 10 9
1555 40 50
1556 10 7
1557 20 30
1558 50 20
1559 20 20
1560 9 8
1561 7 10
1562 10 5
1563 7 10
1564 6 7
1565 6 5
1566 6 10
1567 30 40
1568 30 40
1569 50 30
1570 6 9
1571 20 20
1572 10 7
1573 9 6
1574 9 5
1575 6 5
1576 50 20
1577 6 7
1578 5 6
1579 20 20
1580 9 5
1581 20 20
1582 5 5
1583 5 10
1584 6 6
1585 5 10
1586 40 20
1587 40 40
1588 10 7
1589 9 5
1590 40 30
1591 7 9
1592 7 5
1593 7 6
1594 8 10
1595 9 10
1596 50 30
1597 6 5
1598 7 8
1599 40 40
1600 10 8
1601 10 10
1602 5 9
1603 20 40
1604 6 7
1605 8 7
1606 9 8
1607 5 9
1608 5 7
1609 5 6
1610 20 50
1611 6 6
1612 20 40
1613 10 10
1614 8 6
1615 8 9
1616 30 50
1617 40 40
1618 8 7
1619 9 7
1620 50 30
1621 7 7
1622 50 40
1623 10 10
1624 20 20
1625 7 9
1626 20 50
1627 20 30
1628 8 7
1629 10 5
1630 6 10
1631 50 40
1632 20 30
1633 30 40
1634 7 8
1635 5 9
1636 50 20
1637 20 20
1638 30 50
1639 9 5
1640 20 50
1641 5 7
1642 10 10
1643 20 30
1644 7 7
1645 6 6
1646 9 5
1647 30 40
1648 10 9
1649 9 6
1650 10 5
1651 50 50
1652 20 20
1653 7 10
1654 20 20
1655 6 9
1656 40 40
1657 5 6
1658 5 10
1659 6 7
1660 8 6
1661 5 6
1662 6 8
1663 7 7
1664 8 5
1665 40 30
1666 7 6
1667 7 9
1668 9 7
1669 5 10
1670 6 7
1671 10 5
1672 40 30
1673 10 8
1674 10 9
1675 7 9
1676 50 30
1677 20 50
1678 10 7
1679 8 5
1680 9 9
1681 50 30
1682 9 7
1683 9 10
1684 10 8
1685 50 40
1686 9 5
1687 9 9
1688 50 20
1689 40 40
1690 7 10
1691 30 40
1692 30 40
1693 10 9
1694 8 6
1695 9 7
1696 7 5
1697 7 7
1698 30 20
1699 50 20
1700 6 5
1701 8 10
1702 5 8
1703 8 5
1704 8 10
1705 7 8
1706 6 10
1707 30 30
1708 7 8
1709 50 30
1710 8 10
1711 5 9
1712 8 5
1713 6 7
1714 5 5
1715 10 6
1716 7 5
1717 7 8
1718 20 50
1719 9 6
1720 20 40
1721 30 50
1722 8 5
1723 5 6
1724 7 8
1725 40 40
1726 8 8
1727 7 8
1728 8 6
1729 8 9
1730 10 8
1731 20 40
1732 8 7
1733 30 20
1734 9 7
1735 20 50
1736 40 40
1737 10 5
1738 10 7
1739 50 50
1740 9 10
1741 5 7
1742 5 8
1743 50 50
1744 30 20
1745 40 50
1746 6 7
1747 9 6
1748 20 40
1749 10 10
1750 20 20
1751 7 7
1752 20 50
1753 10 10
1754 6 6
1755 5 9
1756 7 10
1757 30 50
1758 5 6
1759 20 30
1760 8 8
1761 10 5
1762 6 9
1763 5 8
1764 6 5
1765 40 40
1766 30 30
1767 5 5
1768 9 9
1769 5 7
1770 8 10
1771 7 8
1772 40 40
1773 6 9
1774 7 6
1775 5 9
1776 9 5
1777 7 6
1778 9 9
1779 5 9
1780 5 10
1781 40 50
1782 8 7
1783 6 8
1784 6 7
1785 5 9
1786 30 40
1787 20 50
1788 6 6
1789 50 40
1790 9 6
1791 20 40
1792 10 10
1793 5 8
1794 10 9
1795 10 9
1796 6 10
1797 50 50
1798 7 5
1799 5 5
1800 9 7
1801 40 30
1802 8 6
1803 30 50
1804 5 9
1805 8 8
1806 8 8
1807 20 40
1808 6 6
1809 20 50
1810 50 40
1811 10 6
1812 40 20
1813 30 20
1814 8 8
1815 50 50
1816 20 40
1817 8 7
1818 9 8
1819 40 30
1820 8 10
1821 20 30
1822 7 7
1823 40 30
1824 20 20
1825 9 8
1826 10 7
1827 9 5
1828 10 10
1829 5 5
1830 7 10
1831 5 5
1832 8 8
1833 40 50
1834 6 9
1835 30 50
1836 5 5
1837 50 50
1838 7 7
1839 40 50
1840 10 5
1841 7 9
1842 5 6
1843 6 6
1844 20 40
1845 5 6
1846 50 40
1847 30 20
1848 10 6
1849 50 50
1850 8 8
1851 40 50
1852 8 10
1853 9 7
1854 8 9
1855 7 9
1856 50 50
1857 40 30
1858 30 50
1859 20 40
1860 50 30
1861 7 8
1862 6 5
1863 6 9
1864 6 6
1865 6 5
1866 9 6
1867 40 30
1868 7 10
1869 10 5
1870 7 5
1871 6 10
1872 9 8
1873 6 6
1874 6 8
1875 30 40
1876 10 5
1877 8 6
1878 9 10
1879 6 6
1880 30 40
1881 6 6
1882 50 40
1883 40 50
1884 9 5
1885 10 9
1886 40 40
1887 7 9
1888 7 10
1889 5 8
1890 7 9
1891 40 50
1892 7 10
1893 5 8
1894 9 9
1895 8 8
1896 8 9
1897 6 9
1898 5 10
1899 9 9
1900 50 20
1901 50 40
1902 10 6
1903 5 5
1904 40 40
1905 8 5
1906 9 9
1907 40 50
1908 9 8
1909 40 30
1910 6 8
1911 8 6
1912 10 7
1913 9 6
1914 50 40
1915 9 5
1916 8 5
1917 8 9
1918 10 8
1919 20 30
1920 7 6
1921 30 30
1922 30 50
1923 6 8
1924 30 40
1925 8 7
1926 40 50
1927 9 6
1928 40 30
1929 9 9
1930 9 6
1931 5 6
1932 9 6
1933 10 6
1934 7 6
1935 9 5
1936 30 20
1937 40 20
1938 10 5
1939 7 6
1940 50 40
1941 6 5
1942 7 7
1943 8 10
1944 9 8
1945 7 10
1946 10 6
1947 50 20
1948 10 7
1949 9 5
1950 10 10
1951 5 7
1952 7 9
1953 30 30
1954 30 20
1955 40 20
1956 9 5
1957 20 50
1958 7 7
1959 5 9
1960 50 40
1961 20 30
1962 50 40
1963 9 8
1964 9 7
1965 5 9
1966 8 9
1967 5 7
1968 8 10
1969 5 7
1970 6 8
1971 20 20
1972 8 5
1973 6 9
1974 40 40
1975 8 9
1976 10 10
1977 10 6
1978 8 8
1979 6 8
1980 6 8
1981 5 5
1982 20 50
1983 10 10
1984 30 20
1985 5 5
1986 10 5
1987 9 6
1988 20 50
1989 30 50
1990 7 5
1991 40 50
1992 30 30
1993 50 40
1994 7 5
1995 7 5
1996 10 5
1997 30 40
1998 9 8
1999 8 10
2000 6 5
2001 7 5
2002 5 7
2003 50 30
2004 30 30
2005 8 10
2006 20 50
2007 50 50
2008 6 7
2009 5 8
2010 20 50
2011 20 50
2012 10 7
2013 8 6
2014 50 50
2015 9 6
2016 50 50
2017 9 9
2018 8 10
2019 8 7
2020 50 30
2021 8 8
2022 20 40
2023 10 9
2024 30 20
2025 30 40
2026 9 8
2027 40 50
2028 5 8
2029 6 7
2030 9 9
2031 7 7
2032 5 7
2033 10 7
2034 7 6
2035 7 10
2036 9 6
2037 8 6
2038 10 10
2039 30 40
2040 7 7
2041 5 6
2042 5 9
2043 30 20
2044 6 6
2045 9 5
2046 8 5
2047 5 7
2048 30 30
2049 6 8
2050 5 8
2051 40 30
2052 7 8
2053 7 9
2054 6 9
2055 5 6
2056 8 9
2057 10 9
2058 6 10
2059 5 8
2060 5 8
2061 20 30
2062 10 6
2063 6 10
2064 7 9
2065 10 10
2066 30 40
2067 10 10
2068 9 5
2069 9 5
2070 6 9
2071 5 5
2072 9 10
2073 10 10
2074 20 50
2075 30 50
2076 30 40
2077 6 10
2078 5 8
2079 30 40
2080 50 40
2081 9 9
2082 5 6
2083 5 9
2084 30 50
2085 20 50
2086 50 40
2087 40 20
2088 9 9
2089 20 40
2090 7 5
2091 7 8
2092 40 30
2093 6 7
2094 50 40
2095 6 10
2096 50 20
2097 30 30
2098 10 6
2099 6 7
2100 20 40
2101 7 9
2102 50 40
2103 10 6
2104 8 10
2105 9 8
2106 5 10
2107 6 8
2108 20 20
2109 30 20
2110 6 8
2111 30 30
2112 6 5
2113 30 30
2114 8 8
2115 7 8
2116 8 5
2117 5 6
2118 8 6
2119 5 10
2120 5 6
2121 8 5
2122 9 10
2123 20 50
2124 40 20
2125 9 6
2126 20 30
2127 40 30
2128 9 5
2129 20 40
2130 5 9
2131 10 10
2132 7 6
2133 30 30
2134 5 10
2135 10 8
2136 8 9
2137 8 8
2138 7 10
2139 9 8
2140 20 20
2141 5 5
2142 8 6
2143 40 50
2144 30 20
2145 8 10
2146 20 40
2147 40 40
2148 30 20
2149 9 9
2150 8 7
2151 5 5
2152 10 5
2153 40 40
2154 5 5
2155 30 20
2156 50 40
2157 50 20
2158 9 9
2159 20 50
2160 5 6
2161 6 6
2162 40 50
2163 5 8
2164 9 8
2165 7 7
2166 8 8
2167 8 9
2168 7 7
2169 5 8
2170 40 30
2171 5 9
2172 8 7
2173 9 5
2174 10 8
2175 10 8
2176 20 50
2177 5 5
2178 7 9
2179 7 7
2180 7 5
2181 7 9
2182 40 30
2183 5 10
2184 9 10
2185 20 20
2186 20 20
2187 5 7
2188 6 7
2189 9 7
2190 8 5
2191 7 10
2192 10 10
2193 10 8
2194 5 6
2195 9 10
2196 7 7
2197 5 6
2198 50 20
2199 5 7
2200 20 50
2201 5 10
2202 5 6
2203 6 8
2204 7 5
2205 40 50
2206 5 5
2207 5 6
2208 20 50
2209 5 8
2210 40 40
2211 5 10
2212 7 7
2213 7 7
2214 40 40
2215 50 30
2216 9 8
2217 5 6
2218 5 10
2219 9 8
2220 9 8
2221 6 6
2222 10 9
2223 8 7
2224 5 5
2225 9 5
2226 7 5
2227 7 7
2228 40 30
2229 50 30
2230 10 6
2231 40 40
2232 7 9
2233 50 30
2234 20 40
2235 30 40
2236 40 40
2237 8 6
2238 7 9
2239 5 7
2240 5 10
2241 5 9
2242 8 9
2243 50 30
2244 9 7
2245 6 10
2246 50 20
2247 9 6
2248 30 20
2249 30 40
2250 6 10
2251 40 40
2252 9 6
2253 9 9
2254 50 30
2255 6 10
2256 50 30
2257 9 8
2258 40 50
2259 5 7
2260 6 6
2261 8 9
2262 5 7
2263 50 40
2264 10 7
2265 5 6
2266 8 9
2267 30 30
2268 5 5
2269 9 6
2270 8 5
2271 40 50
2272 20 50
2273 10 9
2274 5 10
2275 6 6
2276 9 6
2277 5 9
2278 30 40
2279 10 10
2280 8 7
2281 10 8
2282 40 50
2283 6 6
2284 5 7
2285 7 6
2286 7 9
2287 5 10
2288 8 5
2289 9 7
2290 30 30
2291 5 5
2292 30 20
2293 10 8
2294 5 8
2295 9 10
2296 10 9
2297 20 50
2298 40 40
2299 7 5
2300 40 30
2301 50 20
2302 10 10
2303 9 7
2304 7 8
2305 5 10
2306 30 40
2307 9 8
2308 8 7
2309 30 50
2310 5 8
2311 9 5
2312 50 40
2313 5 6
2314 30 20
2315 6 7
2316 20 40
2317 10 9
2318 10 6
2319 50 30
2320 10 10
2321 10 6
2322 7 10
2323 40 40
2324 7 6
2325 8 8
2326 50 20
2327 50 40
2328 8 7
2329 50 30
2330 8 10
2331 10 7
2332 6 5
2333 9 7
2334 9 10
2335 20 40
2336 6 10
2337 5 9
2338 30 50
2339 30 50
2340 40 40
2341 8 8
2342 5 9
2343 9 5
2344 50 40
2345 7 8
2346 5 6
2347 6 8
2348 9 9
2349 7 5
2350 5 7
2351 5 8
2352 50 30
2353 30 30
2354 40 20
2355 20 40
2356 5 7
2357 9 8
2358 7 6
2359 40 30
2360 9 6
2361 6 5
2362 6 8
2363 20 50
2364 30 20
2365 8 10
2366 5 10
2367 50 40
2368 9 9
2369 20 40
2370 7 6
2371 10 9
2372 6 7
2373 30 40
2374 20 50
2375 10 9
2376 7 9
2377 9 6
2378 9 9
2379 10 9
2380 9 10
2381 10 7
2382 30 20
2383 30 30
2384 9 9
2385 7 8
2386 9 5
2387 7 7
2388 7 10
2389 7 6
2390 7 7
2391 30 50
2392 7 6
2393 6 9
2394 9 8
2395 10 9
2396 50 50
2397 9 7
2398 40 50
2399 5 5
2400 30 50
2401 8 7
2402 6 9
2403 5 5
2404 7 5
2405 6 8
2406 8 10
2407 8 10
2408 20 20
2409 5 9
2410 9 10
2411 10 6
2412 5 7
2413 40 40
2414 10 7
2415 50 20
2416 8 8
2417 8 6
2418 10 9
2419 10 7
2420 6 8
2421 30 30
2422 10 8
2423 10 9
2424 6 7
2425 20 20
2426 6 10
2427 30 30
2428 9 8
2429 7 9
2430 7 7
2431 20 20
2432 5 7
2433 30 50
2434 10 8
2435 50 40
2436 6 10
2437 10 5
2438 50 40
2439 7 10
2440 6 6
2441 40 30
2442 30 30
2443 7 6
2444 10 9
2445 40 40
2446 10 7
2447 10 9
2448 5 9
2449 9 10
2450 10 6
2451 6 9
2452 30 30
2453 9 9
2454 40 30
2455 5 8
2456 50 30
2457 6 5
2458 9 8
2459 5 7
2460 5 10
2461 8 9
2462 10 7
2463 10 7
2464 50 20
2465 8 6
2466 5 8
2467 20 40
2468 30 40
2469 9 10
2470 30 40
2471 5 10
2472 7 9
2473 10 10
2474 50 40
2475 5 9
2476 30 30
2477 6 8
2478 10 5
2479 7 10
2480 20 50
2481 10 10
2482 8 5
2483 9 8
2484 30 40
2485 20 30
2486 6 8
2487 6 8
2488 8 10
2489 40 20
2490 7 7
2491 5 8
2492 7 5
2493 5 9
2494 8 10
2495 7 8
2496 30 20
2497 50 40
2498 10 7
2499 10 7
2500 10 6
2501 10 8
2502 30 40
2503 6 10
2504 6 5
2505 40 40
2506 10 6
2507 9 8
2508 7 10
2509 7 10
2510 30 50
2511 50 20
2512 9 5
2513 40 20
2514 5 6
2515 10 6
2516 8 7
2517 20 50
2518 10 9
2519 20 30
2520 10 8
2521 5 8
2522 6 10
2523 20 50
2524 20 50
2525 6 10
2526 7 10
2527 9 6
2528 9 7
2529 6 8
2530 7 7
2531 8 5
2532 50 30
2533 7 9
2534 40 40
2535 10 9
2536 5 8
2537 8 5
2538 30 20
2539 10 6
2540 10 5
2541 9 6
2542 10 5
2543 20 40
2544 50 20
2545 8 7
2546 10 6
2547 20 40
2548 5 10
2549 8 5
2550 9 7
2551 5 10
2552 20 50
2553 30 40
2554 6 7
2555 30 40
2556 30 30
2557 20 30
2558 9 5
2559 6 8
2560 9 9
2561 10 6
2562 20 40
2563 8 9
2564 7 8
2565 9 8
2566 40 50
2567 9 8
2568 9 10
2569 10 8
2570 5 10
2571 10 7
2572 6 6
2573 10 5
2574 20 40
2575 6 5
2576 9 6
2577 50 20
2578 8 6
2579 6 5
2580 40 30
2581 9 7
2582 7 9
2583 40 50
2584 10 7
2585 5 8
2586 7 10
2587 20 20
2588 8 5
2589 20 20
2590 8 5
2591 9 7
2592 10 5
2593 8 6
2594 50 40
2595 50 20
2596 40 40
2597 10 10
2598 9 8
2599 7 8
2600 8 7
2601 30 50
2602 10 7
2603 5 8
2604 30 30
2605 7 6
2606 6 6
2607 5 9
2608 5 10
2609 6 7
2610 7 7
2611 30 50
2612 5 5
2613 20 20
2614 8 10
2615 6 6
2616 6 6
2617 5 8
2618 9 8
2619 20 50
2620 7 9
2621 6 6
2622 40 20
2623 8 7
2624 50 30
2625 9 8
2626 7 6
2627 6 5
2628 5 7
2629 10 8
2630 7 6
2631 10 7
2632 5 5
2633 6 10
2634 40 20
2635 8 10
2636 7 10
2637 6 7
2638 6 9
2639 7 8
2640 5 9
2641 10 5
2642 7 6
2643 5 10
2644 50 50
2645 8 9
2646 10 7
2647 50 20
2648 8 8
2649 9 6
2650 8 9
2651 30 40
2652 7 9
2653 20 50
2654 50 40
2655 9 8
2656 10 6
2657 7 7
2658 50 50
2659 8 6
2660 6 9
2661 5 6
2662 8 7
2663 40 50
2664 50 20
2665 30 50
2666 40 40
2667 40 50
2668 5 7
2669 9 7
2670 9 8
2671 7 5
2672 7 6
2673 5 5
2674 7 7
2675 20 40
2676 40 50
2677 20 50
2678 7 8
2679 5 6
2680 9 10
2681 20 50
2682 40 20
2683 6 8
2684 8 6
2685 10 7
2686 50 40
2687 5 5
2688 6 6
2689 50 20
2690 40 50
2691 30 20
2692 20 40
2693 50 20
2694 9 8
2695 30 30
2696 5 5
2697 5 7
2698 6 7
2699 50 40
2700 40 30
2701 50 50
2702 5 5
2703 5 9
2704 5 9
2705 7 6
2706 5 7
2707 40 30
2708 8 8
2709 30 50
2710 40 20
2711 8 7
2712 9 8
2713 10 8
2714 30 30
2715 10 6
2716 8 5
2717 5 8
2718 9 8
2719 10 9
2720 7 8
2721 5 6
2722 6 9
2723 6 10
2724 50 40
2725 7 10
2726 30 20
2727 7 7
2728 6 9
2729 50 20
2730 9 5
2731 40 30
2732 7 7
2733 8 7
2734 6 6
2735 10 6
2736 7 5
2737 5 9
2738 8 10
2739 5 6
2740 9 9
2741 6 9
2742 20 50
2743 6 6
2744 20 30
2745 7 10
2746 7 8
2747 6 5
2748 30 20
2749 8 9
2750 6 10
2751 8 7
2752 50 40
2753 30 50
2754 8 5
2755 7 9
2756 10 7
2757 7 10
2758 40 30
2759 8 8
2760 5 10
2761 50 40
2762 40 50
2763 5 10
2764 8 6
2765 7 8
2766 8 10
2767 10 10
2768 40 50
2769 5 8
2770 10 5
2771 9 8
2772 6 10
2773 30 20
2774 40 40
2775 5 10
2776 7 8
2777 10 10
2778 50 30
2779 9 7
2780 10 5
2781 9 8
2782 9 6
2783 7 7
2784 40 30
2785 7 6
2786 8 9
2787 10 6
2788 7 7
2789 40 40
2790 10 6
2791 5 6
2792 8 7
2793 30 50
2794 9 10
2795 7 9
2796 5 7
2797 6 7
2798 40 40
2799 5 6
2800 7 5
2801 40 50
2802 8 10
2803 6 6
2804 30 30
2805 50 50
2806 30 50
2807 20 40
2808 7 9
2809 8 10
2810 6 7
2811 5 10
2812 50 20
2813 8 6
2814 5 10
2815 8 7
2816 10 7
2817 7 8
2818 10 9
2819 10 8
2820 50 20
2821 40 40
2822 10 6
2823 7 5
2824 9 9
2825 40 40
2826 9 5
2827 6 10
2828 20 40
2829 30 30
2830 9 5
2831 6 9
2832 8 5
2833 8 5
2834 8 8
2835 50 20
2836 9 8
2837 20 20
2838 7 7
2839 8 6
2840 8 8
2841 10 10
2842 50 50
2843 10 7
2844 30 30
2845 10 5
2846 6 7
2847 7 6
2848 40 40
2849 6 10
2850 5 9
2851 9 6
2852 9 7
2853 30 30
2854 20 20
2855 7 8
2856 7 7
2857 40 20
2858 10 9
2859 7 10
2860 8 5
2861 5 7
2862 40 30
2863 50 50
2864 7 6
2865 9 8
2866 7 9
2867 7 8
2868 6 9
2869 8 5
2870 5 6
2871 8 10
2872 9 7
2873 30 40
2874 10 7
2875 6 10
2876 8 9
2877 7 5
2878 40 40
2879 8 5
2880 8 10
2881 7 7
2882 5 7
2883 40 50
2884 6 9
2885 6 10
2886 10 10
2887 40 40
2888 8 8
2889 8 9
2890 5 7
2891 50 50
2892 9 7
2893 5 8
2894 9 6
2895 10 7
2896 9 5
2897 9 8
2898 7 10
2899 7 10
2900 10 10
2901 9 10
2902 50 30
2903 10 7
2904 9 9
2905 5 6
2906 7 6
2907 10 6
2908 8 6
2909 9 9
2910 20 30
2911 8 9
2912 5 5
2913 5 6
2914 8 6
2915 8 9
2916 30 30
2917 7 7
2918 7 5
2919 8 9
2920 10 6
2921 5 5
2922 5 9
2923 7 7
2924 6 10
2925 50 30
2926 5 6
2927 9 10
2928 6 10
2929 5 10
2930 10 5
2931 6 8
2932 9 10
2933 7 6
2934 20 40
2935 7 7
2936 30 20
2937 10 6
2938 5 10
2939 50 30
2940 7 5
2941 7 7
2942 5 5
2943 7 9
2944 30 20
2945 20 20
2946 6 10
2947 7 8
2948 9 6
2949 8 8
2950 5 8
2951 20 20
2952 7 7
2953 7 6
2954 50 20
2955 40 30
2956 6 6
2957 10 6
2958 30 50
2959 10 7
2960 5 5
2961 10 9
2962 10 9
2963 20 20
2964 6 5
2965 20 20
2966 6 10
2967 8 7
2968 10 9
2969 5 7
2970 10 5
2971 50 20
2972 40 20
2973 7 7
2974 50 40
2975 7 10
2976 9 10
2977 8 5
2978 50 50
2979 8 5
2980 7 5
2981 10 7
2982 7 9
2983 50 40
2984 5 9
2985 9 10
2986 7 9
2987 9 6
2988 30 50
2989 8 8
2990 30 40
2991 6 6
2992 7 5
2993 8 7
2994 6 6
2995 7 7
2996 7 10
2997 8 7
2998 10 10
2999 40 30
3000 9 8
3001 6 5
3002 9 9
3003 9 5
3004 5 9
3005 30 50
3006 40 50
3007 10 6
3008 7 8
3009 9 8
3010 7 6
3011 10 7
3012 8 6
3013 7 6
3014 5 6
3015 8 6
3016 9 10
3017 8 9
3018 5 8
3019 30 40
3020 30 30
3021 7 7
3022 30 20
3023 20 20
3024 7 7
3025 9 10
3026 8 7
3027 6 9
3028 50 50
3029 5 10
3030 6 6
3031 8 9
3032 9 10
3033 5 5
3034 20 30
3035 10 9
3036 7 5
3037 8 5
3038 5 10
3039 10 8
3040 50 30
3041 8 9
3042 40 20
3043 6 6
3044 40 30
3045 8 8
3046 20 50
3047 8 10
3048 7 5
3049 7 6
3050 6 9
3051 40 20
3052 50 20
3053 9 7
3054 40 50
3055 7 10
3056 5 5
3057 8 7
3058 40 30
3059 5 9
3060 10 9
3061 20 50
3062 40 30
3063 5 6
3064 8 6
3065 40 50
3066 9 6
3067 8 5
3068 30 40
3069 6 7
3070 5 10
3071 20 20
3072 8 5
3073 10 5
3074 9 7
3075 20 40
3076 9 6
3077 9 7
3078 40 30
3079 6 10
3080 10 5
3081 20 40
3082 7 6
3083 30 30
3084 30 50
3085 6 6
3086 30 50
3087 7 8
3088 5 7
3089 7 7
3090 30 20
3091 30 50
3092 8 6
3093 7 8
3094 5 6
3095 50 40
3096 7 10
3097 9 9
3098 8 6
3099 30 30
3100 5 5
3101 20 40
3102 20 50
3103 7 5
3104 6 8
3105 8 10
3106 30 40
3107 8 8
3108 6 9
3109 7 7
3110 30 30
3111 10 5
3112 5 8
3113 5 7
3114 5 10
3115 6 9
3116 30 50
3117 7 5
3118 7 6
3119 6 6
3120 10 8
3121 5 10
3122 7 7
3123 8 8
3124 6 9
3125 8 10
3126 9 7
3127 8 5
3128 7 10
3129 30 40
3130 6 6
3131 9 6
3132 5 8
3133 5 6
3134 40 40
3135 10 6
3136 10 10
3137 6 6
3138 6 6
3139 9 9
3140 10 8
3141 8 6
3142 7 8
3143 50 50
3144 10 7
3145 50 50
3146 8 6
3147 5 7
3148 7 5
3149 6 8
3150 20 30
3151 40 20
3152 40 40
3153 30 50
3154 50 40
3155 6 7
3156 7 6
3157 9 7
3158 6 9
3159 20 50
3160 5 8
3161 6 10
3162 9 6
3163 5 5
3164 30 40
3165 9 8
3166 7 8
3167 40 40
3168 30 50
3169 9 10
3170 6 6
3171 6 9
3172 6 10
3173 6 7
3174 8 9
3175 5 7
3176 9 8
3177 30 50
3178 8 9
3179 7 10
3180 6 8
3181 10 5
3182 10 9
3183 8 7
3184 7 10
3185 30 40
3186 20 30
3187 6 10
3188 7 9
3189 9 10
3190 9 6
3191 6 8
3192 50 40
3193 8 8
3194 7 10
3195 9 9
3196 5 8
3197 5 6
3198 20 30
3199 5 5
3200 5 7
3201 10 6
3202 8 9
3203 30 20
3204 10 10
3205 20 30
3206 9 10
3207 7 7
3208 30 50
3209 5 9
3210 9 10
3211 9 6
3212 10 6
3213 50 30
3214 9 6
3215 30 20
3216 7 8
3217 5 8
3218 7 8
3219 5 9
3220 5 10
3221 8 9
3222 50 30
3223 5 6
3224 9 10
3225 10 5
3226 30 30
3227 10 8
3228 9 10
3229 7 8
3230 40 50
3231 20 40
3232 10 9
3233 8 9
3234 5 8
3235 10 8
3236 50 20
3237 9 8
3238 7 7
3239 7 8
3240 6 5
3241 20 20
3242 9 8
3243 30 20
3244 9 10
0 3119
0 2165
0 521
0 1397
1300 2225
2225 0
1 2811
819 1239
1239 1
3023 2
1103 3
4 919
2 4
3 4
6 1090
87 5
1074 2547
2547 6
5 6
231 519
535 3157
2520 2708
2520 1677
519 2520
3157 2520
7 3084
7 1989
7 2303
7 557
7 1291
1274 3155
3155 7
76 8
2592 9
10 2807
10 2600
10 944
8 10
9 10
47 12
945 11
13 350
556 2707
2707 13
11 13
12 13
15 3209
15 3219
15 1554
15 188
2591 2342
1792 14
2342 15
14 15
1877 2220
2202 2471
463 2945
2471 1877
2945 1877
960 17
2281 2240
2281 1737
2392 16
2947 3233
2657 2102
17 2281
16 2281
3233 2281
2102 2281
994 2296
161 18
20 2470
1045 19
19 20
18 20
2296 20
1179 1889
265 2538
2538 1179
2456 3200
3100 2118
3244 3237
2118 3244
3200 3244
1245 3242
505 1488
1281 848
633 1786
1786 1281
1488 1281
3242 1281
1483 992
3241 2839
992 3241
2808 747
2202 2399
1419 1730
2399 2808
1730 2808
2878 981
1223 2459
3240 442
2459 3240
981 3240
208 2553
412 3239
675 3167
2553 675
3239 675
2338 3238
3234 3086
3234 1416
3238 3234
3237 3234
2385 1943
2385 330
1322 1114
1114 2385
1722 370
462 530
1033 2929
530 1722
2929 1722
636 2764
3227 346
36 3232
3232 3227
2764 3227
3112 1675
312 3226
524 1679
975 3225
3225 524
3226 524
1675 524
1059 3220
3082 3166
1118 3223
2005 1123
1895 3224
3220 3082
3223 3082
1123 3082
3224 3082
1360 3216
3215 2039
872 3217
3217 3215
3216 3215
2880 2182
3081 3213
3212 1073
1045 1475
1475 3212
2182 3212
3213 3212
375 3145
715 2127
1471 3211
2378 2865
3145 715
3211 715
2865 715
3089 2619
2002 2998
274 1453
2619 2002
1453 2002
3208 1838
3208 131
318 638
3209 3208
638 3208
2510 254
3207 1011
2150 2398
254 3207
2398 3207
3048 3206
538 2996
2992 2767
40 3098
2847 837
837 2992
3098 2992
2996 2992
3206 2992
1083 1598
2267 3204
1432 2577
3204 1083
2577 1083
2940 237
1190 3203
1881 3202
3024 242
3202 3024
237 3024
3203 3024
2411 555
3195 1815
996 3198
994 3196
3196 3195
555 3195
3198 3195
1221 1738
1602 1802
3193 93
1738 3193
1802 3193
833 1470
2668 3192
3191 1545
3192 3191
1470 3191
3189 907
2595 3188
2384 3190
3190 3189
3188 3189
1666 2162
1285 2646
2108 1461
2646 2108
2162 2108
111 176
1945 3186
329 2995
176 329
3186 329
261 2812
395 1516
1610 440
1045 3184
3184 1610
2812 1610
1516 1610
1180 2616
3177 209
2552 3181
1271 3178
3178 3177
2616 3177
3181 3177
713 1512
1280 290
28 2629
1512 28
290 28
3174 1174
1124 2255
277 3176
2255 3174
3176 3174
2229 1946
1017 3172
833 566
1946 833
3172 833
1980 3171
1257 2218
3057 2469
2218 3057
3171 3057
348 3110
3116 3170
3168 2473
3168 625
1407 3169
3169 3168
3110 3168
3170 3168
2107 2061
2107 877
119 770
2178 3007
3167 2107
3007 2107
770 2107
1817 3165
499 2030
2986 2154
2986 1648
3165 2986
2030 2986
1164 3160
721 30
721 78
3151 3164
3164 721
3160 721
1028 3159
683 2308
916 2372
2372 683
3159 683
1461 683
2242 2426
1062 2133
2015 2288
905 3156
2426 1062
3156 1062
2288 1062
823 2702
517 2221
1001 2441
2221 1001
2702 1001
2302 343
1084 3154
268 1443
343 268
3154 268
2853 64
2522 3153
1336 1527
1527 2853
3153 2853
523 1474
432 1582
441 1687
1582 441
1474 441
1087 928
304 1106
928 3151
1106 3151
1656 3150
2498 3117
2498 2014
2498 723
3150 2498
873 2625
1160 2731
3148 2369
3148 1856
3148 513
2625 3148
2731 3148
3103 3126
1009 3146
3144 680
3126 3144
3146 3144
2680 3143
2199 811
2693 3074
1602 2647
3143 2199
2647 2199
3074 2199
3142 1070
2061 3142
178 3141
523 800
2492 2285
3139 3097
3139 311
3139 1426
3139 2006
3139 1368
800 3139
3141 3139
2285 3139
3135 832
1122 3138
476 3136
3138 3135
3136 3135
2153 1805
1970 3134
3132 376
3132 369
1805 3132
3134 3132
2051 1969
1004 3131
3131 2051
1371 429
3093 641
1514 1372
1514 349
843 2963
2963 1514
641 1514
429 1514
150 142
1930 1694
419 3129
2052 1022
1022 1930
142 1930
3129 1930
33 3127
1353 3128
994 3125
3125 3081
3128 3081
3127 3081
2552 3122
2480 306
3120 728
306 3120
3122 3120
2767 3120
591 3118
310 2627
1254 1192
1192 310
3119 310
3118 310
861 759
1271 1695
1695 3116
3117 3116
759 3116
711 732
574 3115
1196 2583
3115 711
2583 711
1999 2101
1594 407
2101 3112
407 3112
2238 1417
1452 3111
892 3109
3111 2238
3109 2238
987 1410
1002 2365
1147 2594
1410 1002
2594 1002
528 3107
2693 3104
2336 1168
3107 2336
3104 2336
2964 2999
2964 2419
793 3102
769 1356
3102 2964
1356 2964
2595 3101
1667 1218
3099 3185
3099 200
3099 526
1218 3099
3101 3099
3094 1133
3072 2141
880 3095
3095 3094
3097 3094
2141 3094
1396 2742
3091 734
3106 3090
2742 3091
3090 3091
2884 899
1483 2252
2252 3089
899 3089
3088 1967
572 1736
997 3180
1736 3088
3180 3088
2189 2357
2079 668
2334 2804
2357 2334
668 2334
873 3087
2947 2289
2947 2758
2947 1355
2947 1760
1160 3085
3087 2947
3085 2947
3083 289
3083 2377
1547 1494
1494 3083
3084 3083
2052 3079
3078 1812
570 192
639 3080
3079 3078
3080 3078
192 3078
2078 2566
781 211
341 941
211 2078
941 2078
621 3075
945 1077
2134 1268
3075 2134
1077 2134
3073 2435
3073 2245
2680 787
787 3073
2580 3071
1084 43
3070 2114
3071 3070
43 3070
1233 3068
1772 2614
458 3069
1594 3067
3067 1772
3069 1772
3068 1772
3063 2942
3063 2179
3063 196
3063 1214
814 2188
2195 3065
2188 3063
3065 3063
1439 2192
2815 2168
1285 2069
2906 3163
3163 2815
2069 2815
2192 2815
2726 1404
636 1768
2705 3062
3062 2726
1768 2726
1477 3061
2612 707
3060 279
3061 3060
707 3060
2462 3056
3054 3236
3054 1940
1537 1925
3056 3054
1925 3054
1278 2530
1104 1125
1161 3053
2530 1104
3053 1104
1084 2664
1303 988
3052 947
880 3008
3008 3052
988 3052
2664 3052
2320 46
1282 339
339 987
46 987
607 2155
3051 1849
2155 3051
1700 665
1196 3049
2614 1700
3049 1700
3042 2861
218 3043
2595 3047
2519 3044
3043 3042
3047 3042
3044 3042
1928 120
3040 1479
1672 2379
2379 3040
120 3040
2264 3039
2949 2579
1570 2080
1365 216
216 2949
3039 2949
2080 2949
918 1649
878 3038
2187 2440
1649 2187
3038 2187
3037 592
3037 2603
1274 2424
2289 3037
2424 3037
1087 3036
798 202
957 1704
3036 957
202 957
679 3035
861 85
861 2331
861 2273
2609 3034
889 3033
3033 861
3035 861
3034 861
1124 2405
935 961
2405 1190
961 1190
2148 3028
2381 2508
26 3031
3028 2381
832 2381
3031 2381
2052 3059
3020 1489
1166 3022
1038 1622
3059 3020
1622 3020
3022 3020
3018 51
443 3019
1319 1961
3019 3018
1961 3018
3016 1936
1175 2212
2212 3016
1989 3016
3013 2055
3013 132
263 3015
2532 464
201 1951
3015 3013
1951 3013
464 3013
148 1651
886 480
3011 652
880 3012
3012 3011
1651 3011
480 3011
2057 1699
781 1750
1275 1532
1750 2057
1532 2057
529 1138
1196 527
2508 529
527 529
2633 2925
1632 1354
1632 2227
1234 3009
661 2805
2925 1632
3009 1632
2805 1632
3152 3005
2724 1592
1617 1816
2420 1621
1621 1617
1592 1617
3005 1617
3003 1220
604 3004
3004 3003
977 1947
3048 1511
1362 2875
1511 977
2875 977
3002 2472
443 1710
277 1237
1710 3002
1237 3002
3001 2495
198 2736
3093 2844
2736 3001
2844 3001
1878 2997
898 2851
2866 1795
2157 766
766 898
1795 898
2999 898
2997 898
2763 1643
2818 2994
2995 2763
2994 2763
823 2760
1103 363
363 823
1767 147
2642 1111
2313 283
1045 2993
2993 2313
1111 2313
147 2313
2046 116
2207 2990
1196 215
2990 2046
215 2046
2985 190
2985 1377
535 2987
2617 2748
2987 2985
2748 2985
57 2983
181 65
181 3046
2085 2984
2984 181
2983 181
1955 954
523 805
1867 2982
2982 1955
805 1955
2103 1342
1120 2980
1789 2451
1789 1962
1342 1789
2980 1789
580 2979
2598 2977
2979 1570
2977 1570
2693 2905
1525 1081
1602 2864
925 1283
1283 1525
2864 1525
2905 1525
1439 2975
872 2446
1442 1749
2975 1442
2446 1442
272 2973
2972 273
2972 2130
2972 598
1434 934
1360 2974
2973 2972
934 2972
2974 2972
2966 415
251 2971
1271 2969
2969 2966
289 2966
2971 2966
148 2965
2962 782
2965 2962
2765 2028
2442 2960
2908 790
2960 2908
2028 2908
1579 2959
2978 2957
699 2329
1254 2956
2956 699
2959 699
2957 699
2761 865
2429 597
597 2761
1824 165
1594 2955
2954 1914
165 2954
2955 2954
1282 2951
784 409
2693 90
1602 2860
2951 784
2860 784
90 784
1353 2950
33 2948
1950 2919
880 2946
2946 1950
2950 1950
2948 1950
364 1344
2352 2944
2799 2943
2201 801
2943 2201
1344 2201
2944 2201
1419 2757
2942 2940
2757 2940
2886 663
2939 1850
2859 2938
663 2939
2938 2939
1124 1918
1124 2403
1124 2339
1124 2089
814 1309
880 2074
2074 1124
1309 1124
523 2737
523 123
523 1076
523 1550
1407 2236
2236 523
2899 2533
713 2937
2049 2936
2937 2899
2936 2899
1998 1978
1160 1144
2216 693
1978 2216
1144 2216
2633 2518
2933 1886
2933 1979
1074 2934
2277 2935
2518 2933
2935 2933
2934 2933
876 1806
1432 1252
2932 1552
1806 2932
1252 2932
2888 2931
2200 3133
2200 292
592 2200
2931 2200
1483 3218
2753 106
2921 2720
1370 2427
2427 2921
3218 2921
106 2921
2927 2569
2927 1614
1221 2585
2585 2927
2729 1302
1285 2926
2924 2513
2926 2924
1302 2924
2532 973
388 2548
1850 388
973 388
325 174
40 2056
1271 2776
2776 325
2419 325
2056 325
213 2923
2918 104
1084 1974
1974 2918
2923 2918
2919 2918
2522 2917
644 1932
1412 221
1932 1412
2917 1412
2913 1860
2660 2477
322 2914
2477 2913
2914 2913
2667 926
1985 2911
1196 931
2911 2667
931 2667
859 301
781 868
850 2909
868 859
2909 859
2907 2499
2298 2653
482 518
2653 2907
518 2907
448 1583
1164 2904
1624 2903
2904 448
2903 448
2164 568
2531 2901
1196 2900
2901 2164
2900 2164
1013 2897
2896 2683
563 2898
2898 2896
2897 2896
75 2894
1927 2893
2891 32
2891 779
1407 416
416 2891
2894 2891
2893 2891
1498 2887
773 1698
2887 2886
1698 2886
970 430
2884 1818
2884 741
430 2884
994 2881
1155 403
1205 2883
2881 2880
403 2880
2883 2880
2878 383
1210 2879
2879 2878
1666 1486
517 2545
2877 2382
2545 2877
1486 2877
1294 2874
2873 1827
2693 255
1602 2876
2874 2873
2876 2873
255 2873
1171 1472
1694 3152
1472 3152
76 2870
1959 1363
1809 1451
2870 1809
1363 1809
87 2867
2866 1165
2633 1765
1765 2866
2867 2866
2784 2780
1082 986
986 119
2780 119
2640 2863
2071 2658
2859 983
2859 1068
1440 2862
2862 2859
2658 2859
2863 2859
2231 1629
1193 2858
1970 2152
1629 1970
2858 1970
2791 1520
2840 743
2857 1194
743 2857
1520 2857
1163 222
2725 1508
1918 2725
222 2725
149 2872
2341 2854
2666 2855
2851 149
2854 149
2855 149
2377 149
1732 1739
1561 1301
1301 40
1739 40
1353 2988
33 3105
1902 2457
1254 2447
2447 1902
2988 1902
3105 1902
251 2144
25 2850
888 2849
2849 2847
2144 2847
2850 2847
148 2843
886 2418
994 875
875 2840
2843 2840
2418 2840
2045 2401
318 2838
3130 2831
2831 2045
2838 2045
1100 2003
1382 576
1599 2837
1294 2836
2836 1382
2003 1382
2837 1382
781 2719
1688 1308
2719 75
1308 75
2103 1317
1334 2259
169 335
335 1334
1317 1334
773 2834
233 774
1586 2912
774 1586
2834 1586
1483 1016
57 2284
2458 286
286 57
1016 57
1744 742
2121 792
1656 278
742 2121
278 2121
1548 2517
443 1393
935 2833
1393 1548
2833 1548
2692 2830
1409 1181
2830 1409
2220 1409
283 1409
1380 2829
2026 959
2829 2026
56 2826
2824 437
1389 2828
2052 2825
2825 2824
2828 2824
2826 2824
2525 2821
385 2819
2821 2818
2819 2818
3221 845
2325 1269
1905 2816
1269 3221
2816 3221
2852 2810
39 1349
1667 2814
2814 39
2810 39
406 1564
406 396
3130 1098
1997 1724
3219 406
1724 406
1098 406
1165 1180
891 1265
669 238
238 891
2809 2734
2809 1390
872 2412
2412 2809
2806 1727
789 1456
1456 2806
2807 2806
2657 2802
1274 2803
263 2113
263 1533
2803 263
2802 263
650 2953
1120 2801
722 2323
2396 1208
1208 722
2801 722
2953 722
1312 2800
3201 978
1294 457
457 3201
2800 3201
729 2798
2796 2233
911 999
662 1942
1942 2796
999 2796
2798 2796
2499 2796
494 2795
2793 309
2793 869
1755 2794
1285 259
2794 2793
2795 2793
259 2793
2791 2695
2791 2203
2791 1577
2791 1754
2791 1740
1045 2454
2454 2791
2325 135
2668 719
2668 1137
2668 1949
1905 2790
135 2668
2790 2668
1439 2738
1322 2274
2789 2269
2738 2789
2274 2789
2788 571
1122 1820
1053 2018
1820 2788
2018 2788
2784 2461
2784 664
2784 1189
412 2785
2785 2784
1100 2782
2906 2781
1770 1613
2782 1770
2781 1770
909 461
1817 2081
1817 1305
1817 1422
1064 2778
1013 1169
461 1817
2778 1817
1169 1817
687 2774
1503 2777
3121 2307
2777 3121
2774 3121
2090 368
517 2773
1988 68
2773 1988
368 1988
1084 1428
1346 761
2772 1578
880 1096
1096 2772
761 2772
1428 2772
2769 1501
1051 2771
1196 3076
2771 2769
3076 2769
2351 2527
1028 2013
2766 1983
2766 336
2766 1376
2527 2766
2013 2766
1285 2762
2759 246
2762 2759
2760 2759
2622 2755
1510 2756
2654 2117
2117 1051
2756 1051
2755 1051
334 2845
1709 2752
1196 489
2752 334
489 334
1452 2751
2749 2265
412 1829
2065 305
2751 2749
305 2749
1829 2749
272 2746
2588 63
451 2747
1312 1836
2746 2588
2747 2588
1836 2588
2743 1228
1452 2745
1462 2744
2745 2743
2744 2743
549 2740
1482 2485
736 2659
2740 1482
2659 1482
2478 1162
2411 1866
2411 281
2411 1879
2411 795
2737 2411
209 2411
1162 2411
517 2735
2733 704
2735 2733
2734 2733
2729 2230
1360 2184
2184 2729
1171 2728
1587 1056
2052 2727
2727 2724
1056 2724
2728 2724
2351 2556
2723 2209
2723 2198
2723 367
2723 757
2723 143
2723 963
1028 2722
2556 2723
2722 2723
1634 2476
102 2717
1293 2543
909 2721
2721 102
2476 102
2543 102
1803 587
42 227
1960 1832
1960 758
2720 1960
227 1960
587 1960
2718 948
814 2211
2452 2604
2604 2718
2211 2718
479 1448
1140 2599
1140 1539
1140 239
1140 487
1140 1170
123 1140
1448 1140
301 1140
812 1007
535 2408
2717 812
2408 812
2386 1079
2716 1538
970 2714
1079 2716
2714 2716
1339 3010
2356 1402
2656 1246
1384 249
249 2356
3010 2356
1246 2356
2709 1858
713 2713
1458 2712
2713 2709
2712 2709
600 2775
1912 617
1196 2106
617 600
2106 600
466 2706
2708 2705
2706 2705
1435 2703
953 2701
2700 1683
2700 319
2703 2700
2701 2700
909 2123
970 2630
970 287
970 2041
970 103
970 2438
688 2402
1270 342
2123 970
2402 970
342 970
1624 491
203 1986
2697 2007
491 2697
1986 2697
2407 380
150 2587
150 2145
150 502
150 1248
1407 2991
2991 150
380 150
415 150
783 1811
1811 2692
2695 2692
2687 620
201 2688
580 293
942 2690
2688 2687
2690 2687
293 2687
2685 2362
374 2686
2686 2685
2683 2685
1122 117
667 2681
2570 2119
117 2570
2681 2570
2678 2406
781 2679
2684 351
2679 2678
351 2678
866 2397
1381 1758
1381 1391
751 2676
2676 1381
2397 1381
3026 1072
1020 605
605 3026
1492 486
1215 2572
486 2525
2572 2525
2674 2159
2674 1467
1959 2895
2895 2674
2209 2674
563 1600
2672 1411
2693 2673
1602 1785
1600 2672
1785 2672
2673 2672
2885 2671
1345 80
2627 1345
2671 1345
195 2433
2094 1763
1359 1505
1763 195
1505 195
2301 2670
2670 2666
2680 1693
2662 1364
1322 2663
2663 2662
1693 2662
2657 2366
2657 1857
2657 543
1784 2661
273 2657
2661 2657
2143 81
3072 3231
1254 835
835 2143
311 2143
3231 2143
781 2149
781 1260
781 2479
781 1491
781 2414
781 2820
781 1911
781 2228
781 1373
781 2488
781 765
781 126
781 1287
1271 615
615 781
713 914
185 2655
914 2654
2655 2654
2885 2326
2885 49
2885 515
2885 2586
2885 1569
1594 2105
2105 2885
2157 2652
2846 2651
1271 2648
2648 1867
2652 1867
2651 1867
580 2643
295 2645
2645 2640
2643 2640
1012 2639
1145 710
1089 1172
2639 1089
710 1089
818 564
2638 1473
1701 2483
446 3222
564 2638
2483 2638
3222 2638
201 2042
2888 2636
2315 275
2113 2315
2636 2315
2042 2315
1206 1894
629 2635
972 2151
1894 972
2635 972
789 2131
2054 2634
2633 2158
2131 2633
2634 2633
601 228
2632 2024
1459 2631
228 2632
2631 2632
1928 1227
2630 1997
1227 1997
676 2813
1858 2207
2813 2207
221 2207
3210 1143
1619 2626
2626 1396
1143 1396
3030 2624
1171 2623
2624 2622
2623 2622
1439 101
1360 1609
2620 829
101 2620
1609 2620
1433 2618
151 2613
2612 887
2612 1929
2618 2612
2613 2612
1579 1747
2978 1915
994 2610
2610 783
1747 783
1915 783
2693 2287
2287 2609
2043 2393
2463 2608
1908 1716
1716 1985
2608 1985
2393 1985
2680 2607
3023 2605
2601 2389
2607 2601
2605 2601
333 1557
2052 384
384 3030
2599 3030
1557 3030
1403 545
1692 2597
545 2598
2597 2598
2592 558
87 2593
1865 2496
2496 2592
2593 2592
1100 2590
1282 2589
1203 2070
2590 1203
2589 1203
419 2584
880 2582
2582 2580
2587 2580
2584 2580
2920 1052
2920 1673
2170 2417
2579 2920
2417 2920
631 2100
1149 1316
2149 631
1316 631
179 2578
2981 2575
2571 720
1084 2573
2573 2571
2578 2571
2575 2571
2092 1728
2092 245
1215 2567
2567 2092
44 323
786 54
786 796
1407 2565
2565 786
2566 786
323 786
1895 1101
2564 539
1139 2768
1271 469
469 2564
1101 2564
2768 2564
272 2560
2559 2058
2559 452
2559 1067
856 971
872 2562
2560 2559
971 2559
2562 2559
1509 2555
2167 2557
2557 2552
2555 2552
1941 303
2548 1941
2303 1941
871 2823
1254 504
504 871
1628 2112
993 1229
1047 2546
1229 1628
2546 1628
2541 1686
2190 2544
1432 2542
2544 2541
2542 2541
1100 2540
2404 1469
1599 2539
1105 2514
2514 2404
2540 2404
2539 2404
1087 2535
2068 1010
2660 2536
2536 2068
2535 2068
532 2534
2533 2531
2534 2531
64 2531
272 1743
873 749
1642 2529
1322 2526
1743 873
2529 873
2526 873
2522 2346
2522 1851
2522 2373
2522 1638
1171 2523
2523 2522
2443 1199
1199 2519
613 153
2515 3199
153 2515
747 2515
2517 2515
1784 2293
2511 465
829 2511
2293 2511
2513 2511
272 2506
2505 1589
2505 1823
2505 731
1347 2509
1103 258
2506 2505
2509 2505
258 2505
160 2217
217 630
888 1917
630 888
2217 888
1767 2500
1043 2502
1045 1481
1481 2352
2502 2352
2500 2352
1306 2494
1260 2492
2494 2492
1602 1646
2906 2490
1249 320
1646 1249
2490 1249
672 2596
1678 1640
1477 2817
2817 1678
887 1678
85 1678
2596 1678
1667 1872
1819 2486
1872 1895
2486 1895
467 2040
467 951
809 2482
2485 467
2482 467
1071 1304
968 2448
693 968
1304 968
272 1920
1146 55
1146 3021
1146 536
1146 1296
1746 1800
1294 2344
1920 1146
1800 1146
2344 1146
443 2481
1153 1202
3197 168
2481 3197
1202 3197
2846 691
691 2480
3179 207
756 943
2479 3179
943 3179
456 628
1491 2478
628 2478
3113 2475
1921 2266
2474 1781
2266 2474
2475 2474
591 1032
591 393
591 2892
2473 591
685 2449
1635 1414
2449 1635
2472 1635
2470 1635
814 2928
2468 2208
652 2468
2928 2468
1594 2465
2856 2467
1254 2464
2464 2463
2467 2463
2465 2463
2644 1625
2694 3187
3187 2644
2461 2644
2213 2460
1814 2390
2390 2458
2460 2458
2456 1573
1160 3050
3050 2456
302 1496
2451 302
3058 1485
1485 736
2448 736
2442 460
1029 2444
2444 2442
2439 651
1402 2439
2440 2439
517 2437
2434 2310
2437 2434
2435 2434
285 1307
2431 827
1307 2431
414 2430
1774 2425
1477 1729
2430 1477
2425 1477
2416 1107
1515 2422
2422 2416
2804 2416
1734 2409
2414 2407
2409 2407
2395 768
1441 2400
2403 2395
2400 2395
2392 602
2392 654
2392 1733
2392 775
1215 824
2058 2392
824 2392
514 2391
614 2185
2389 614
2391 614
2310 614
1254 1791
1916 2147
570 356
639 2551
1791 1916
2551 1916
356 1916
169 2215
2384 229
2384 1519
945 2388
2215 2384
2388 2384
687 2253
2375 1896
1566 2380
2380 2375
2253 2375
2382 2375
793 2374
2371 1870
2374 2371
1936 2371
2563 347
602 2563
2369 2563
2366 2563
2364 2137
2364 1329
2365 2364
2362 2364
2098 1854
1109 1662
607 2361
1254 2358
2358 1109
2361 1109
1854 1109
272 2353
2351 157
1018 2355
925 2354
2353 2351
2355 2351
2354 2351
2349 159
2349 637
2180 896
896 2349
1225 2000
2348 884
2179 2348
2000 2348
2183 173
581 2347
563 3230
2347 2183
3230 2183
2341 240
2532 2343
953 2345
2345 2341
2343 2341
886 1121
1463 205
148 3027
1254 2340
2340 1463
3027 1463
1121 1463
925 2196
2196 1666
2017 821
2017 1134
2429 455
455 2017
2337 1385
1319 2086
2339 2337
2086 2337
1905 2009
2335 2008
409 2335
2009 2335
3023 985
872 139
1531 1935
985 1531
139 1531
994 1972
1303 2332
1446 52
1045 1611
1611 1446
2332 1446
1972 1446
2330 1288
1744 1086
1177 71
71 2330
1086 2330
2331 2330
2329 2148
2326 2148
1100 110
2680 2786
110 2015
2786 2015
909 266
2325 881
1259 1981
1282 522
266 2325
1981 2325
522 2325
1128 1822
2324 1150
1451 2324
1822 2324
2322 2177
2322 1367
2323 2322
1781 2322
1293 777
2967 1826
1826 2320
777 2320
1439 2318
1103 2317
2316 1762
2318 2316
2317 2316
1100 2314
1599 2312
1322 2311
2311 3100
2314 3100
2312 3100
1813 565
1813 567
636 1796
1796 1813
1962 1813
2308 2846
2307 2846
1045 2501
2306 744
1815 2306
2501 2306
996 2305
880 2304
2304 2302
1866 2302
2305 2302
2301 433
1403 575
2912 2301
575 2301
2178 2783
412 2299
2298 1325
2298 1092
2298 1559
2783 2298
2299 2298
2295 851
1855 3162
1271 2297
2297 2295
30 2295
3162 2295
956 2292
69 193
1271 2290
2290 69
3236 69
2292 69
1122 3194
1145 2283
2286 1637
3194 2286
2283 2286
1100 882
1599 2280
1103 428
428 1223
882 1223
2280 1223
198 2278
712 1748
1748 2277
2278 2277
672 2276
2275 481
2276 2275
2273 2275
2835 2271
2271 251
2133 251
3045 1222
1160 2270
2269 2338
2270 2338
1222 2338
911 2091
729 2602
1591 2268
2265 2267
2091 2267
2602 2267
2268 2267
580 1151
1869 2263
1151 2264
2263 2264
2260 129
813 2261
2261 2260
2259 2260
1322 2256
2693 2257
1602 2258
2256 1998
2258 1998
2257 1998
446 2016
2591 2251
2250 3140
65 2250
2251 2250
2016 2250
1841 421
2094 2249
1458 2711
2249 1841
2711 1841
1013 2291
3023 2248
1963 1776
2291 1963
2248 1963
1900 145
2455 2247
2820 1900
2247 1900
265 2246
2595 936
2595 107
2595 62
2595 698
2967 1323
909 1852
1852 2595
2246 2595
1323 2595
1599 2244
2245 2242
2244 2242
500 1055
398 186
1055 398
1172 398
2629 398
814 1804
814 1623
1084 3214
3214 814
2139 718
789 1995
1995 2139
2240 2139
2237 816
163 2239
1196 1626
2239 2237
1626 2237
1883 921
1045 2129
921 2799
2129 2799
1046 788
3048 2234
1271 2368
2368 1046
1886 1046
2234 1046
909 1601
2231 447
2231 883
980 1198
563 2232
1601 2231
1198 2231
2232 2231
67 1224
1979 67
1354 67
2872 67
2172 1395
2869 128
2229 1631
2229 938
128 2229
1395 2229
2219 478
538 2224
1271 2223
2223 2219
2227 2219
2224 2219
1493 2576
1624 1893
1893 1493
3185 1493
2213 365
1370 2214
2214 2213
287 2213
1825 2036
389 1108
2210 967
2036 2210
1108 2210
1898 810
2208 1898
1385 1898
947 1898
74 2206
2206 3048
848 3048
2202 234
2202 2770
1767 2205
2205 2202
2203 2202
1715 1835
1715 1899
370 1715
2198 1715
2195 1971
2195 155
880 2197
2197 2195
994 2503
1346 2194
2550 2516
1045 2193
2193 2550
2194 2550
2503 2550
236 2191
2191 3058
2185 3058
2005 2181
1993 1703
1271 2176
2176 1993
2181 1993
2177 1993
2174 2436
802 2175
2175 2174
909 2173
2173 2172
77 2171
2169 2282
1545 2169
845 2169
2171 2169
2861 2169
1439 219
1221 315
219 2396
315 2396
466 2696
1244 624
645 1595
624 466
1595 466
511 2665
2168 2167
2665 2167
1439 2428
2166 933
1285 1553
1282 855
855 2166
1553 2166
2428 2166
2052 2989
2989 644
2165 644
1032 644
2160 708
1196 2163
186 2160
2163 2160
2158 2157
1835 2157
2159 2157
1937 1480
2153 1821
2153 1158
1480 2153
2154 2153
138 847
847 2150
2151 2150
2140 2319
1594 2022
2022 2140
2147 2140
1662 2140
1315 2136
2135 354
2822 2138
235 1742
1742 2135
2136 2135
2138 2135
2137 2135
1644 175
2124 1723
1196 2581
1723 1644
2581 1644
822 2359
1139 2132
2132 822
1784 762
2071 1126
2130 2071
762 2071
472 608
692 2128
2128 472
2126 879
1196 857
2127 2126
857 2126
1847 2084
1091 2125
2423 402
2084 2124
402 2124
2125 2124
1084 2970
161 2832
2122 1487
880 496
496 2122
2832 2122
2970 2122
2871 853
2871 1217
1905 2120
2120 2871
1378 2363
2115 1298
2363 2115
2119 2115
2433 2115
1616 1311
285 1318
2495 285
2112 285
1311 285
1727 285
802 2111
2103 381
1221 1568
909 2110
2110 2103
2111 2103
1568 2103
2098 2050
2098 422
2098 1148
2098 1543
1407 2099
2099 2098
2100 2098
1703 2098
2097 206
1832 2097
1012 1958
1012 984
1012 1551
2011 1885
2346 1012
1885 1012
2093 541
1530 2096
983 2093
2096 2093
2090 806
1105 282
282 2090
1244 2004
1244 2491
1244 1014
754 2637
2637 1244
1153 2088
2087 2568
2089 2087
2088 2087
1375 2083
2401 2085
2083 2085
31 2082
1033 2360
2082 2079
2360 2079
1992 2076
1047 2073
2076 74
2073 74
544 1060
1655 1447
1905 2072
1060 1655
2072 1655
2070 1655
1465 2067
350 1139
2067 1139
1959 2064
2063 1361
2063 1764
367 2063
2064 2063
2693 1931
61 1406
1602 2062
1103 1256
1256 61
2062 61
1931 61
154 204
517 1455
599 112
1455 599
204 599
791 2060
1668 2059
2178 326
2178 946
2178 438
2178 922
2178 1394
2178 547
2060 2178
2059 2178
953 1369
2055 2054
1369 2054
2047 1810
607 2053
2052 2048
2048 2047
2053 2047
2050 2047
1436 2044
1594 2309
2044 2043
2309 2043
2041 3130
376 3130
2038 745
1271 2787
2787 2038
1052 2038
2040 2038
1197 2033
1130 2031
886 247
886 1575
2033 886
2031 886
1439 1026
1294 2025
3147 1069
1026 3147
2025 3147
2021 746
889 1576
1576 2021
1671 2020
248 1834
2019 506
2020 2019
1834 2019
1741 684
2014 1741
1564 1741
3166 1741
1618 737
1196 1897
1298 1618
1897 1618
2052 1685
1685 2011
1210 2010
904 695
1406 904
2010 904
649 1798
225 2104
2008 225
1798 225
2007 2005
2004 2005
419 2001
1254 1188
1188 1999
2145 1999
2001 1999
2453 2689
1267 828
2689 1267
2600 1267
2693 1996
1602 542
870 1994
1994 1992
542 1992
1996 1992
661 717
717 751
3243 1207
1483 1991
1538 3243
1991 3243
1669 324
2243 1984
1984 1669
2104 1669
1980 377
1361 1980
1983 1980
1968 444
1084 1976
2642 1977
1971 1968
1977 1968
1976 1968
1656 949
1177 1661
3228 1966
1661 1339
949 1339
1966 1339
1028 1757
1965 167
1081 1965
1757 1965
462 1964
1033 1415
1964 1959
1415 1959
476 1954
2611 162
1958 2611
1954 2611
226 1952
1784 1948
1952 1945
1948 1945
517 1944
3032 2235
1944 3032
1943 3032
956 1939
1271 1799
1799 432
1940 432
1939 432
1937 2321
1937 1546
27 1938
1938 1937
1031 2262
930 1934
280 1266
1271 2413
2413 1031
1266 1031
1934 1031
418 554
1271 678
678 1927
554 1927
1929 1927
1100 917
1599 1926
1221 1923
1923 1921
917 1921
1926 1921
2797 849
2869 1919
1919 2797
982 1913
1913 1912
1637 1912
1914 1912
1910 82
1605 1255
1911 1910
1255 1910
2094 1050
185 1909
1050 1908
1909 1908
1907 1063
499 991
2081 1907
991 1907
322 1846
1667 1904
669 1906
1906 322
1904 322
1541 2272
2241 546
673 1903
1903 2241
2272 2241
2693 1320
3205 1040
2569 3205
1320 3205
1118 1641
2617 1901
936 1118
1901 1118
1234 1421
2842 3158
1899 2842
1421 2842
1210 1721
1589 3093
1721 3093
2186 177
713 1892
840 894
1892 2186
894 2186
1017 1890
581 434
1602 1891
1890 2243
1891 2243
434 2243
3072 1676
994 1884
1884 1883
1426 1883
1676 1883
1878 426
580 1882
45 1880
1882 1878
1880 1878
572 492
1351 1876
492 662
1876 662
729 863
1558 1874
1761 1563
911 2710
1522 1873
1873 1761
2710 1761
863 1761
1874 1761
1403 1868
1870 1869
1868 1869
1863 224
1196 1864
2319 1863
1864 1863
1862 156
2576 1862
1860 1862
1338 2037
2037 538
442 538
1888 1859
1068 769
1859 769
2528 1833
2035 730
730 2528
1857 1440
1856 1440
182 1853
1853 1847
1851 1847
2617 1845
250 912
1846 250
1845 250
563 1844
3023 390
1843 559
1844 1843
390 1843
2906 1840
925 1842
1842 1278
1840 1278
418 1837
2650 1839
1837 1059
1838 1059
78 1059
1839 1059
2968 1875
1668 1831
1833 2968
1831 2968
1828 1654
996 1830
2052 327
327 1828
281 1828
1830 1828
2180 867
1827 1825
867 1825
996 477
1254 1871
1871 1824
1879 1824
477 1824
1164 1497
1164 253
719 1164
1865 618
1210 1707
1823 1865
1707 1865
1814 3114
1821 1814
1818 1814
1171 1807
1807 1709
1812 1709
1810 1709
1615 1176
819 2109
2109 1615
703 3124
1801 609
3124 1801
1804 1801
2978 3017
1579 1797
880 1975
1975 703
1797 703
3017 703
66 1794
2617 1957
1794 1792
1957 1792
1084 1065
1790 1450
1133 1790
1065 1790
657 1088
230 2075
1042 1358
1088 1042
2075 1042
909 1787
1483 2961
1483 586
1483 1352
1020 1788
889 2142
1787 1483
1788 1483
2142 1483
528 1201
2906 1753
1753 528
636 1049
1782 525
1782 357
1497 1782
1049 1782
1282 995
3023 1780
2300 91
995 2300
1780 2300
1407 1779
851 1197
1779 1197
114 3064
499 1777
1776 1774
1777 1774
3064 1774
901 2146
2094 1773
634 21
1773 901
21 901
1769 1113
1152 23
1196 146
23 1769
146 1769
1262 256
256 25
3086 25
27 404
1193 646
447 27
646 27
59 1289
1289 1732
1728 1732
3023 2327
517 29
2906 1115
1115 31
29 31
2327 31
2650 989
1271 2574
2574 44
989 44
309 44
33 3229
32 33
1652 3055
1704 1652
156 1652
1454 3000
1554 1656
3000 1656
2284 1656
817 2704
1315 753
2704 1315
2998 1315
1193 35
559 151
35 151
173 151
1861 37
2822 640
37 2822
1125 2822
1667 50
1536 1159
1295 537
50 1536
537 1536
1322 3161
3023 41
764 785
3161 764
41 764
1136 595
2889 73
962 659
73 962
168 962
595 962
483 397
695 1362
397 1362
2841 1425
481 2841
279 2841
2839 42
103 42
127 2779
1005 689
2779 45
689 45
1159 36
1010 36
773 108
960 740
740 673
108 673
808 1518
808 1627
808 1238
808 507
808 1593
618 808
2094 100
2094 1327
2094 2294
2094 677
1254 724
724 2094
49 2094
1142 815
234 364
815 364
2445 3183
1194 2445
51 2445
52 2445
994 1240
1173 727
1045 1261
1261 1136
727 1136
1240 1136
56 2156
56 2512
56 1374
54 56
462 58
58 3210
452 3210
53 1157
821 53
373 355
903 1771
903 2116
712 60
355 903
60 903
535 1335
535 2792
107 535
655 1565
66 2032
231 199
199 66
62 66
1565 66
915 1544
70 1276
1429 1603
1603 70
1544 70
68 70
92 3025
1020 72
72 92
560 1044
1372 712
1044 712
862 799
1023 725
725 862
1969 862
198 3137
3137 76
757 76
520 79
421 1152
79 1152
80 1152
1340 939
1340 497
1294 1670
1670 1340
1990 1500
996 755
1407 84
84 996
82 996
1500 996
462 86
87 2561
87 579
1033 990
86 87
990 87
91 649
853 649
112 649
297 794
1432 252
252 297
3014 1982
253 3014
1349 3014
3113 269
1040 1206
269 1206
93 1206
1268 138
1276 138
1200 1608
1262 686
1271 95
95 1200
426 1200
686 1200
420 97
3072 1116
3072 752
1407 372
372 3072
97 3072
2262 3072
581 99
870 623
99 1245
623 1245
840 706
100 26
706 26
635 656
702 842
1476 109
109 111
656 111
842 111
581 3096
1013 113
3096 114
113 114
1671 2027
705 115
2027 1130
115 1130
793 561
654 793
127 1549
127 1499
1313 2394
2394 127
513 127
3133 127
1231 583
583 446
272 118
1392 1657
1392 548
1392 1095
864 902
2680 658
118 1392
902 1392
658 1392
731 3106
157 3106
1389 410
1585 860
410 1585
1439 1006
122 1521
1285 1131
2680 844
844 122
1131 122
1006 122
818 1607
125 96
2591 124
1231 1778
1607 125
124 125
1778 125
129 817
1007 817
604 130
169 1066
1105 38
909 1211
1211 169
130 169
38 169
915 1324
945 1664
1664 915
1271 3123
3123 1990
131 1990
1729 1990
392 2383
499 134
2383 414
134 414
937 900
1766 1247
1365 1212
1212 2170
1247 2170
900 2170
1221 1647
140 2941
3023 551
517 136
1647 140
136 140
551 140
1105 671
1221 776
776 1147
671 1147
1641 280
1594 1633
81 1378
1633 1378
154 2976
1599 767
2976 544
767 544
321 1596
1432 585
585 321
1717 141
141 1257
143 1257
1848 606
1271 244
244 1848
433 1848
1416 1848
148 294
1407 1058
1058 148
145 148
174 148
220 362
1407 780
1021 170
2228 220
170 220
780 220
893 573
1045 307
573 613
307 613
692 180
2961 692
2438 692
2532 797
2532 1418
2532 1036
2532 3092
2180 449
55 2532
449 2532
517 1178
1178 581
1282 152
152 154
514 1232
905 1680
1680 514
905 846
942 413
942 468
1657 942
846 942
158 1080
1084 386
1043 270
155 158
270 158
386 158
576 160
159 160
589 1250
1250 163
162 163
177 163
1389 2524
1389 632
1389 1264
1407 923
923 1389
207 1389
1608 1389
696 653
1251 577
1373 696
577 696
1292 378
333 164
880 838
838 1292
1539 1292
164 1292
1008 166
1855 2910
166 1855
1447 1855
565 77
1137 77
1028 427
427 687
167 1515
1896 1515
880 1674
1691 2466
1035 171
1674 179
171 179
2466 179
1271 1665
1665 178
240 178
1917 178
1158 1803
180 1803
2052 2226
2226 182
294 182
247 182
2978 660
316 454
1579 2868
2052 184
184 316
2868 316
660 316
3023 1427
870 1156
1427 633
1156 633
1375 1019
1672 187
188 418
187 418
1019 418
231 2732
636 191
2732 304
190 304
191 304
1540 1226
2180 417
3021 1540
417 1540
2415 473
193 2415
1542 2915
2915 1541
1226 1541
993 197
198 3108
198 666
198 352
1047 825
197 198
825 198
2617 940
200 203
940 203
1953 298
205 1953
515 1953
1360 2952
3023 212
517 210
2952 226
210 226
212 226
880 1182
1155 2222
1205 1526
1182 213
2222 213
1526 213
1103 214
870 340
340 1161
214 1161
1667 1922
636 1759
218 622
1922 218
1759 218
3228 223
2488 348
223 348
754 895
229 231
895 231
1102 484
484 1175
797 1175
960 611
953 232
611 233
232 233
235 183
734 235
2024 235
905 1216
811 236
1216 236
1594 2916
647 1653
243 88
1254 681
681 243
1653 243
2916 243
1084 471
378 1881
471 1881
387 830
1009 317
1009 2649
830 1009
608 1009
1120 2554
2941 629
2554 629
1714 612
2493 1094
612 2493
1174 2493
1487 2493
1947 809
1107 809
994 260
1691 257
1035 552
260 261
552 261
257 261
267 748
2890 264
264 267
3055 2852
698 2852
883 274
1305 274
789 391
450 1030
275 789
620 789
1030 789
347 789
1141 709
745 1141
713 826
713 593
713 1987
2052 1507
1507 713
2373 713
1650 733
540 1712
419 2421
419 771
1407 1093
1093 419
733 419
1712 419
910 313
2180 578
1069 217
578 217
313 217
1519 1667
834 1490
834 1326
387 288
288 834
3114 834
365 834
2032 3103
2497 291
826 2420
291 2420
1313 1466
292 295
1466 295
299 716
298 299
2146 299
571 299
1084 424
1173 3182
435 1386
880 1027
1027 435
3182 435
424 435
387 694
694 1928
369 1928
1594 308
1587 1299
1254 1383
1383 312
1299 312
308 312
2591 314
314 2753
317 2753
318 2029
318 2615
499 3066
1422 318
3066 318
511 852
1168 2189
852 2189
320 2189
1620 1132
1432 1277
2233 1620
1277 1620
1225 588
1423 1034
2770 1423
588 1423
930 924
924 2510
324 2510
561 1692
303 1692
412 1398
729 1720
326 729
1398 729
1285 328
328 3045
330 3045
1057 445
1733 1057
1126 1057
332 1236
1020 331
331 332
3108 1128
336 1128
1013 1556
2693 338
1602 337
1556 392
337 392
338 392
2682 1708
636 1973
645 2376
2443 2739
1973 2682
2376 2682
2739 2682
333 2484
1254 1399
1399 1436
239 1436
2484 1436
714 1243
788 714
1294 2549
3023 137
803 425
2549 803
137 803
1407 344
1271 345
1039 1041
1039 1502
344 1039
345 1039
133 1581
1231 405
405 2462
1581 2462
346 2462
241 626
3158 241
666 241
1755 958
958 1017
349 1074
352 1074
1725 94
2114 1725
884 1725
768 1725
2497 2521
1327 975
2521 975
2930 353
1171 1000
353 375
1000 375
1119 358
493 89
230 1887
2890 360
360 493
1887 493
354 493
358 493
1112 1003
366 929
1003 366
1041 366
362 366
2967 1321
930 459
3023 22
517 371
1321 930
371 930
22 930
626 373
2561 373
831 1956
1045 976
2677 1078
1956 2677
976 2677
2660 1015
1290 1517
1015 1290
912 1290
1518 661
377 661
754 1783
754 807
754 1808
1120 382
381 754
382 754
919 483
383 483
2441 483
1935 385
245 385
704 385
572 1524
946 572
664 572
438 1452
1479 2386
2029 2386
1521 2835
1232 2835
994 394
394 395
521 395
393 395
635 1209
1784 1535
1535 635
399 1061
672 1718
1271 284
284 399
396 399
1718 399
517 400
1183 2410
400 1183
939 1183
2615 387
404 387
2321 1375
1648 1375
408 1793
443 927
1441 2095
927 408
2095 408
475 411
411 773
413 773
2715 2621
765 420
2621 420
2586 1122
2823 1122
607 534
778 1756
994 423
423 778
534 778
422 778
425 389
637 389
2410 389
2066 431
436 533
1325 436
431 436
1270 890
889 1085
1085 374
890 374
443 2367
994 439
439 443
1577 443
735 1235
445 450
1235 450
1254 1658
1166 453
1038 2489
1658 458
2489 458
453 458
272 2023
739 2387
2906 2279
2023 462
2387 462
2279 462
1033 485
485 511
590 1333
465 1262
1333 1262
1403 2958
2958 1313
468 1313
1332 470
1407 474
474 2978
470 2978
473 2978
2888 1437
557 475
1437 475
478 479
2882 682
1196 643
1816 2882
643 2882
333 2537
994 488
488 893
487 893
2537 893
1100 490
490 494
2675 1682
1196 361
361 2675
1285 495
495 910
497 910
272 501
993 965
964 760
870 2504
501 993
760 993
2504 993
994 1241
1241 831
502 831
2421 831
1353 2507
1353 105
954 1353
506 1353
509 1187
1432 2641
1563 509
2641 509
1285 510
510 650
1614 650
854 897
978 854
2039 854
1210 512
1762 1338
512 1338
246 1338
1120 836
836 3113
1594 516
1401 1924
1254 979
979 520
1924 520
516 520
1711 1630
1711 379
526 1711
1783 1711
525 1711
1171 531
647 2750
2052 2730
2730 532
2750 532
531 532
2180 1696
2888 1604
2888 726
536 2888
1696 2888
539 540
541 1102
546 1102
905 550
548 1274
550 1274
1314 2450
1023 1438
1438 1314
1439 1048
1105 885
1048 556
885 556
558 560
963 560
2491 1295
1583 1295
567 1087
566 1087
1404 1087
603 569
1464 1110
1110 574
88 574
569 574
807 669
1335 669
580 3235
543 580
932 582
819 1697
1719 874
1697 1719
582 1719
2350 1263
1196 553
716 2350
553 2350
1310 584
584 1744
586 1744
820 1684
994 3077
3077 820
2524 820
2156 820
454 589
1638 589
1185 1357
1357 590
1209 590
634 690
593 2423
690 2423
749 601
598 601
2457 603
1569 603
607 2691
1407 2077
2077 607
1699 607
606 607
1024 271
610 1933
609 610
271 610
444 610
1105 619
2693 616
1602 2432
619 621
2432 621
616 621
622 798
1265 798
1288 2656
718 1766
1771 1766
1758 1766
2152 1370
741 1370
2591 1702
2282 2591
1708 2591
897 1861
1364 1861
1756 2889
1754 2889
1215 262
1067 735
262 735
1388 1751
1215 2628
1749 1561
2628 1561
1751 1561
2696 2660
1496 2660
1677 2660
1193 1330
1411 1433
1330 1433
2669 1445
1745 276
1450 1745
1445 1745
1080 1745
1684 685
1740 685
1735 908
1737 1735
944 1735
1142 1408
196 2669
1408 2669
1053 1731
984 1091
1731 1091
508 1457
880 83
83 508
632 508
2512 508
1270 1706
3023 1273
517 998
1706 672
998 672
1273 672
911 1636
1967 2190
1636 2190
1720 2190
533 2190
579 1717
1713 2034
1443 1713
1508 1713
1578 1713
1105 2741
3023 697
2741 1429
697 1429
98 1366
2359 98
2910 98
869 98
459 98
636 3041
1517 2650
3041 2650
1701 1348
1702 1701
1630 1701
132 2453
1467 866
1090 866
296 1117
1078 296
1034 296
1793 296
1100 2922
1599 1690
872 48
48 59
2922 59
1690 59
1681 3149
1444 1689
1687 1681
1502 1681
1689 1681
1184 1449
1271 858
858 1184
1673 1184
951 1184
1546 1672
1063 1672
1005 750
2603 1005
1683 1005
1663 642
819 1097
1097 1663
2333 1659
1473 1537
3140 1537
96 1537
1659 1537
1380 1379
772 498
1379 772
1602 1431
1431 679
1377 1819
2792 1819
1171 1204
1654 500
1204 500
1285 1645
1645 47
806 47
967 549
1643 549
913 189
412 1639
1099 1219
189 1099
1639 1099
3029 674
1148 3029
2469 1234
1627 1234
960 1129
1291 960
1418 960
2606 2370
1219 2606
922 2606
1625 2606
63 1619
965 1619
1403 24
2758 1403
785 1071
1573 1071
2235 1071
1195 1484
1033 1075
1484 1509
1075 1509
1613 1509
880 1606
1606 2981
1397 2981
2892 2981
319 1547
1604 1547
1238 843
1376 843
1271 1597
1597 1671
1076 1671
1154 906
1092 1591
906 1591
1213 3175
1407 1584
1584 1579
3175 1579
709 1579
1167 1571
126 1650
1571 1650
1808 2443
1949 2443
1328 1612
1575 1328
2765 804
359 1574
1574 2765
172 2487
1350 1572
1196 2204
1572 172
2204 172
1280 2699
2294 982
2699 982
1599 1562
1201 1195
1562 1195
994 1560
1560 1767
34 1752
1559 1558
1752 1558
1449 1112
1550 1112
1191 2754
1549 1542
2754 1542
2052 1726
1726 2930
2006 2930
1116 2930
1533 1530
1036 1530
24 1530
1242 2902
1196 974
1679 1242
974 1242
1705 1590
819 1529
1529 1705
952 839
1524 1522
839 1522
1171 2698
2856 2328
2052 1513
1513 1510
2328 1510
2698 1510
2693 1343
1602 1660
872 1506
1506 1492
1660 1492
1343 1492
1100 1341
1599 1286
925 1495
1495 1503
1341 1503
1286 1503
1499 1498
726 1498
1254 1135
1135 1233
1264 1233
1374 1233
1490 1454
1352 1454
1171 701
701 1350
1489 1350
437 1350
1337 2161
819 1331
1331 1337
2693 1478
2230 1476
1478 1476
1469 1465
1324 1465
2049 1230
677 1464
1230 1464
1100 1528
1599 1460
1360 920
920 1185
1528 1185
1460 1185
1011 956
1425 956
1457 1714
1623 1714
1407 1025
950 1127
1287 1444
1127 1444
1025 1444
1047 738
738 505
2052 503
503 1336
2507 1336
3229 1336
3092 1435
2558 401
1119 1588
1588 2558
1296 1459
1095 1459
933 1008
1217 1008
645 121
907 1624
121 1624
636 1468
1755 1186
1631 636
1186 636
881 813
938 813
1430 1297
379 1430
2649 1430
1413 955
1029 1420
657 1424
359 1284
89 1413
1420 1413
1424 1413
1284 1413
750 1888
3235 1888
1359 3173
1987 2378
3173 2378
3023 1279
925 594
1279 1566
594 1566
1555 1523
700 670
744 700
1523 700
2516 700
1405 1387
1014 1405
1982 1405
1360 3006
1602 1400
3006 702
1400 702
880 969
969 2452
2691 2452
1543 2452
1394 911
1189 911
391 937
1391 937
2116 937
1150 1616
507 1616
1285 1504
1504 1388
1390 1388
1387 133
1468 133
596 2254
105 596
1567 841
948 1567
2568 1567
1386 1567
1380 966
1580 300
300 1380
333 2012
1407 194
194 333
2406 333
1061 333
1764 1371
1593 1371
1231 1775
3046 2333
1348 2333
1775 2333
1037 763
1640 1037
1367 1037
1366 1037
1171 2827
1401 2848
2052 627
627 676
2848 676
2827 676
667 1258
1551 1471
1258 1471
945 144
1066 645
144 645
463 1272
1214 1024
1272 1024
1207 818
1326 818
1439 648
925 1534
648 916
1534 916
1129 1191
1355 1191
1163 1054
2367 1555
1054 1555
357 655
1300 562
1407 1253
1253 1300
653 1300
1243 1300
1760 201
775 201
