3802 4791
0 128 128
1 64 16
2 64 4
3 2048 512
4 64 32
5 8 64
6 16 128
7 1024 2048
8 512 256
9 2048 512
10 32 16
11 256 256
12 256 1024
13 128 128
14 8 128
15 64 16
16 8 4
17 8 32
18 8 32
19 32 16
20 2048 2048
21 4 32
22 128 128
23 512 2048
24 2048 256
25 256 512
26 64 64
27 8 4
28 64 32
29 8 4
30 64 16
31 64 8
32 8 128
33 128 128
34 32 8
35 4 16
36 8 8
37 64 16
38 32 4
39 128 4
40 16 64
41 8 128
42 32 16
43 32 32
44 2048 1024
45 4 8
46 512 256
47 64 8
48 1024 2048
49 64 8
50 256 512
51 1024 1024
52 4 4
53 4 32
54 128 8
55 4 16
56 2048 512
57 1024 1024
58 16 64
59 8 16
60 64 128
61 16 4
62 32 16
63 1024 1024
64 2048 512
65 64 8
66 512 1024
67 1024 512
68 1024 2048
69 1024 512
70 32 32
71 256 512
72 8 32
73 256 256
74 64 64
75 128 64
76 16 32
77 16 32
78 2048 1024
79 32 32
80 1024 256
81 1024 512
82 16 8
83 512 1024
84 8 16
85 4 128
86 4 64
87 512 2048
88 128 16
89 64 32
90 32 64
91 64 4
92 32 64
93 16 64
94 2048 512
95 32 8
96 16 16
97 128 64
98 128 64
99 64 4
100 4 4
101 1024 256
102 128 128
103 1024 1024
104 16 8
105 32 64
106 8 128
107 2048 2048
108 4 32
109 16 16
110 16 4
111 32 8
112 32 8
113 1024 2048
114 128 4
115 64 4
116 16 4
117 4 32
118 32 32
119 64 4
120 64 32
121 4 32
122 16 16
123 32 16
124 4 32
125 32 64
126 8 16
127 32 8
128 32 128
129 8 128
130 16 16
131 64 8
132 8 16
133 16 4
134 32 8
135 16 128
136 32 4
137 8 8
138 16 64
139 4 16
140 32 64
141 128 8
142 4 8
143 128 32
144 1024 512
145 512 256
146 1024 2048
147 128 16
148 8 8
149 8 16
150 16 8
151 128 4
152 256 1024
153 256 256
154 4 128
155 8 128
156 512 512
157 16 32
158 4 8
159 4 64
160 512 512
161 128 128
162 64 8
163 32 128
164 16 64
165 16 128
166 2048 1024
167 2048 512
168 128 64
169 64 128
170 64 16
171 256 1024
172 512 2048
173 128 64
174 128 4
175 256 256
176 512 1024
177 256 2048
178 4 32
179 256 2048
180 4 8
181 16 4
182 128 128
183 512 512
184 4 32
185 128 8
186 64 64
187 4 8
188 256 2048
189 256 2048
190 16 16
191 512 512
192 128 32
193 256 512
194 4 32
195 4 64
196 8 64
197 8 16
198 8 32
199 16 32
200 2048 1024
201 128 16
202 4 128
203 128 64
204 32 16
205 4 32
206 128 8
207 8 64
208 2048 512
209 16 16
210 64 128
211 1024 2048
212 4 128
213 128 8
214 1024 512
215 128 16
216 4 8
217 4 16
218 256 1024
219 64 4
220 1024 2048
221 32 32
222 16 64
223 8 8
224 128 128
225 32 64
226 2048 512
227 512 2048
228 64 32
229 64 4
230 1024 1024
231 1024 2048
232 64 8
233 8 4
234 2048 512
235 256 512
236 512 512
237 128 16
238 16 4
239 64 64
240 512 2048
241 64 32
242 16 64
243 512 1024
244 64 4
245 16 32
246 8 8
247 512 2048
248 2048 1024
249 64 128
250 512 256
251 256 512
252 64 8
253 2048 512
254 128 16
255 256 512
256 4 16
257 128 64
258 32 32
259 4 4
260 4 4
261 32 32
262 256 512
263 4 4
264 64 4
265 8 16
266 4 8
267 32 32
268 32 64
269 8 64
270 16 32
271 1024 256
272 1024 1024
273 64 32
274 4 16
275 16 64
276 128 32
277 16 16
278 1024 256
279 1024 512
280 1024 512
281 64 128
282 4 8
283 2048 1024
284 128 8
285 16 8
286 8 128
287 4 4
288 128 64
289 32 16
290 1024 256
291 512 2048
292 128 8
293 64 64
294 16 128
295 32 8
296 64 32
297 16 64
298 64 4
299 512 1024
300 16 128
301 64 64
302 8 64
303 1024 2048
304 64 128
305 4 32
306 64 128
307 16 8
308 512 1024
309 32 4
310 4 16
311 1024 2048
312 32 4
313 1024 2048
314 128 64
315 16 32
316 16 4
317 64 16
318 16 32
319 2048 1024
320 128 32
321 32 8
322 64 64
323 8 16
324 32 64
325 1024 512
326 2048 256
327 512 256
328 4 8
329 1024 512
330 4 128
331 128 8
332 64 32
333 64 4
334 32 64
335 512 1024
336 8 32
337 16 8
338 64 64
339 16 64
340 32 8
341 256 1024
342 8 32
343 1024 1024
344 16 64
345 512 1024
346 8 8
347 1024 256
348 512 256
349 16 4
350 1024 256
351 16 4
352 256 512
353 512 512
354 8 4
355 32 16
356 128 4
357 32 16
358 128 8
359 8 16
360 128 128
361 4 64
362 16 64
363 256 1024
364 16 8
365 256 1024
366 64 16
367 64 8
368 16 128
369 32 128
370 64 32
371 16 128
372 2048 256
373 1024 2048
374 2048 2048
375 64 8
376 64 128
377 4 128
378 1024 2048
379 2048 256
380 16 16
381 32 8
382 4 8
383 16 128
384 64 4
385 128 16
386 1024 2048
387 1024 256
388 256 2048
389 2048 256
390 32 8
391 64 8
392 256 1024
393 8 4
394 4 64
395 8 32
396 128 64
397 2048 2048
398 8 8
399 32 16
400 4 32
401 512 512
402 8 4
403 128 4
404 64 64
405 64 16
406 4 16
407 128 4
408 8 16
409 4 64
410 128 4
411 256 512
412 8 8
413 64 16
414 32 64
415 8 4
416 256 2048
417 32 16
418 512 512
419 2048 512
420 32 128
421 4 8
422 32 8
423 8 128
424 32 4
425 64 4
426 16 128
427 8 32
428 128 8
429 32 16
430 64 64
431 4 64
432 32 16
433 4 64
434 8 4
435 4 4
436 32 4
437 256 2048
438 128 4
439 1024 2048
440 64 16
441 32 32
442 16 8
443 32 32
444 4 32
445 256 1024
446 256 512
447 512 256
448 512 1024
449 16 64
450 8 4
451 32 128
452 512 512
453 512 1024
454 8 8
455 4 128
456 256 256
457 128 16
458 32 4
459 1024 256
460 64 8
461 64 16
462 128 64
463 256 2048
464 2048 1024
465 4 8
466 256 2048
467 16 128
468 256 512
469 1024 1024
470 1024 2048
471 2048 2048
472 64 8
473 16 8
474 1024 1024
475 32 128
476 512 2048
477 512 1024
478 1024 512
479 1024 256
480 32 128
481 512 512
482 64 16
483 16 32
484 128 32
485 64 4
486 32 16
487 8 4
488 4 16
489 8 128
490 8 16
491 64 128
492 32 32
493 64 16
494 8 128
495 4 4
496 16 128
497 8 128
498 2048 2048
499 8 64
500 64 64
501 2048 256
502 4 128
503 4 16
504 64 8
505 256 1024
506 4 32
507 128 16
508 4 4
509 128 8
510 4 4
511 8 4
512 16 32
513 128 32
514 64 32
515 1024 512
516 4 4
517 512 256
518 8 128
519 4 16
520 32 16
521 4 32
522 64 4
523 64 16
524 4 4
525 2048 1024
526 16 64
527 64 32
528 1024 512
529 32 64
530 64 128
531 256 1024
532 32 32
533 512 256
534 1024 256
535 2048 256
536 16 8
537 128 64
538 64 64
539 8 8
540 2048 2048
541 256 1024
542 256 1024
543 8 4
544 2048 256
545 64 128
546 16 32
547 32 16
548 64 4
549 128 32
550 4 4
551 8 32
552 256 512
553 16 4
554 128 128
555 16 64
556 4 32
557 128 4
558 1024 256
559 16 16
560 256 1024
561 16 32
562 64 64
563 4 4
564 16 128
565 1024 512
566 16 4
567 16 64
568 32 64
569 64 8
570 2048 512
571 256 1024
572 128 128
573 512 1024
574 32 4
575 8 4
576 128 16
577 1024 2048
578 16 16
579 4 64
580 512 512
581 128 16
582 2048 256
583 2048 256
584 128 64
585 2048 512
586 256 512
587 4 16
588 128 128
589 512 1024
590 32 8
591 512 512
592 16 64
593 4 8
594 64 4
595 512 256
596 2048 2048
597 1024 256
598 256 512
599 8 16
600 512 256
601 2048 512
602 4 128
603 16 8
604 8 64
605 8 128
606 16 32
607 4 8
608 8 4
609 1024 1024
610 128 64
611 8 128
612 64 32
613 64 4
614 8 8
615 8 16
616 256 512
617 64 16
618 8 32
619 8 32
620 64 16
621 64 4
622 8 16
623 128 4
624 4 4
625 2048 2048
626 64 16
627 512 256
628 32 128
629 2048 2048
630 8 16
631 8 4
632 4 8
633 16 32
634 64 16
635 64 16
636 32 128
637 256 256
638 2048 256
639 512 1024
640 32 128
641 4 64
642 4 32
643 256 2048
644 512 512
645 2048 256
646 16 16
647 256 256
648 4 8
649 32 64
650 32 4
651 128 8
652 8 32
653 128 64
654 32 32
655 2048 2048
656 8 16
657 128 16
658 128 128
659 128 32
660 16 8
661 128 8
662 32 128
663 32 16
664 16 32
665 256 1024
666 2048 512
667 128 4
668 8 32
669 4 16
670 16 4
671 256 256
672 16 32
673 4 32
674 16 32
675 16 4
676 64 128
677 256 512
678 128 64
679 64 64
680 64 128
681 32 8
682 16 16
683 32 16
684 16 32
685 4 8
686 64 8
687 256 1024
688 64 8
689 8 128
690 32 64
691 4 32
692 4 128
693 2048 256
694 1024 512
695 64 32
696 512 1024
697 64 128
698 64 4
699 256 512
700 64 128
701 4 64
702 128 64
703 128 8
704 64 8
705 2048 1024
706 8 16
707 128 128
708 128 16
709 8 16
710 128 8
711 128 32
712 256 512
713 4 8
714 2048 256
715 2048 2048
716 64 128
717 16 32
718 16 64
719 16 16
720 16 16
721 2048 512
722 16 32
723 128 128
724 512 1024
725 64 16
726 256 1024
727 16 32
728 64 64
729 16 16
730 1024 1024
731 128 8
732 2048 512
733 32 32
734 2048 512
735 256 512
736 32 64
737 4 32
738 4 32
739 512 256
740 8 128
741 512 2048
742 512 2048
743 2048 2048
744 64 64
745 8 16
746 16 32
747 256 512
748 256 512
749 2048 1024
750 256 256
751 4 8
752 512 2048
753 128 16
754 8 16
755 8 8
756 16 64
757 4 128
758 32 64
759 8 8
760 2048 1024
761 1024 256
762 256 1024
763 2048 2048
764 32 4
765 4 128
766 512 256
767 256 2048
768 128 16
769 128 128
770 32 4
771 16 4
772 256 512
773 8 16
774 16 128
775 2048 256
776 16 128
777 4 128
778 128 8
779 1024 2048
780 16 64
781 16 16
782 8 32
783 256 256
784 8 64
785 256 2048
786 32 32
787 8 32
788 16 16
789 32 64
790 512 256
791 256 2048
792 8 64
793 64 128
794 64 4
795 64 4
796 2048 256
797 1024 512
798 32 32
799 128 16
800 2048 1024
801 4 32
802 32 8
803 8 32
804 2048 1024
805 16 64
806 8 4
807 2048 1024
808 4 8
809 16 8
810 64 16
811 512 512
812 16 128
813 2048 256
814 4 128
815 256 2048
816 2048 512
817 2048 512
818 2048 2048
819 2048 2048
820 512 1024
821 32 8
822 128 64
823 256 2048
824 1024 2048
825 2048 256
826 8 128
827 32 16
828 256 1024
829 1024 2048
830 1024 512
831 1024 256
832 4 32
833 256 256
834 2048 2048
835 128 64
836 4 8
837 16 32
838 128 8
839 512 512
840 4 128
841 8 4
842 64 32
843 8 64
844 512 2048
845 16 128
846 64 128
847 256 2048
848 1024 256
849 16 8
850 16 32
851 8 128
852 32 4
853 1024 1024
854 1024 512
855 16 128
856 128 64
857 8 16
858 4 16
859 64 32
860 8 8
861 512 256
862 64 32
863 4 64
864 32 128
865 64 16
866 512 256
867 256 256
868 2048 256
869 512 1024
870 64 8
871 4 32
872 128 16
873 32 16
874 128 4
875 128 32
876 2048 512
877 16 16
878 4 128
879 2048 512
880 1024 512
881 16 16
882 8 32
883 256 256
884 8 64
885 1024 512
886 64 16
887 512 256
888 8 4
889 32 32
890 4 4
891 256 1024
892 64 128
893 1024 256
894 512 1024
895 32 8
896 512 2048
897 256 1024
898 128 16
899 512 2048
900 4 4
901 64 128
902 8 128
903 32 64
904 16 16
905 128 32
906 64 64
907 16 32
908 8 16
909 16 32
910 32 8
911 256 1024
912 4 64
913 128 4
914 64 8
915 256 512
916 2048 512
917 8 8
918 4 32
919 16 64
920 8 4
921 128 4
922 128 4
923 128 4
924 128 16
925 128 16
926 1024 256
927 64 8
928 256 2048
929 256 1024
930 4 32
931 8 16
932 4 16
933 4 32
934 8 16
935 32 16
936 128 4
937 512 1024
938 256 512
939 16 8
940 512 2048
941 256 256
942 2048 512
943 8 8
944 32 8
945 32 128
946 64 8
947 128 64
948 256 1024
949 64 4
950 32 128
951 4 128
952 1024 1024
953 128 128
954 4 32
955 256 256
956 8 8
957 4 64
958 2048 256
959 128 32
960 256 256
961 64 128
962 1024 256
963 128 32
964 1024 1024
965 32 16
966 64 32
967 128 128
968 32 32
969 8 64
970 2048 256
971 16 4
972 8 128
973 4 128
974 512 1024
975 512 256
976 1024 2048
977 64 64
978 32 32
979 512 2048
980 64 8
981 16 64
982 32 128
983 8 32
984 64 8
985 2048 512
986 4 32
987 2048 256
988 2048 256
989 2048 1024
990 64 4
991 256 512
992 32 32
993 16 4
994 512 512
995 32 128
996 2048 256
997 256 256
998 8 8
999 32 32
1000 16 8
1001 16 32
1002 128 32
1003 16 8
1004 16 16
1005 32 64
1006 8 128
1007 8 128
1008 4 8
1009 4 16
1010 256 2048
1011 1024 256
1012 32 16
1013 4 4
1014 4 16
1015 128 64
1016 2048 2048
1017 256 256
1018 4 128
1019 32 128
1020 256 2048
1021 1024 512
1022 32 8
1023 128 32
1024 8 4
1025 256 512
1026 16 32
1027 128 8
1028 16 8
1029 8 8
1030 16 8
1031 16 32
1032 256 512
1033 8 64
1034 128 64
1035 4 64
1036 256 512
1037 256 1024
1038 64 128
1039 512 512
1040 16 8
1041 512 1024
1042 2048 2048
1043 2048 512
1044 128 8
1045 16 32
1046 1024 256
1047 8 4
1048 16 16
1049 4 16
1050 256 256
1051 64 8
1052 64 4
1053 64 64
1054 128 16
1055 64 128
1056 64 64
1057 128 128
1058 128 4
1059 256 1024
1060 1024 256
1061 4 64
1062 64 128
1063 512 256
1064 8 32
1065 32 8
1066 512 1024
1067 4 32
1068 64 8
1069 1024 2048
1070 1024 1024
1071 64 4
1072 8 128
1073 4 32
1074 4 8
1075 32 128
1076 256 256
1077 1024 1024
1078 512 256
1079 16 32
1080 128 8
1081 16 128
1082 8 64
1083 4 4
1084 4 16
1085 128 4
1086 2048 256
1087 512 2048
1088 512 2048
1089 32 32
1090 64 64
1091 1024 256
1092 2048 2048
1093 32 8
1094 256 256
1095 1024 2048
1096 32 128
1097 4 8
1098 8 8
1099 64 4
1100 32 128
1101 32 16
1102 32 128
1103 1024 512
1104 512 256
1105 4 16
1106 512 2048
1107 1024 2048
1108 16 16
1109 8 64
1110 128 16
1111 16 4
1112 64 8
1113 256 256
1114 64 4
1115 4 64
1116 32 128
1117 1024 2048
1118 64 128
1119 64 64
1120 4 8
1121 256 256
1122 2048 512
1123 32 64
1124 64 8
1125 2048 512
1126 128 32
1127 8 128
1128 2048 512
1129 1024 512
1130 8 32
1131 2048 512
1132 64 4
1133 4 8
1134 4 8
1135 8 8
1136 8 32
1137 16 16
1138 1024 1024
1139 4 64
1140 16 64
1141 2048 512
1142 8 8
1143 64 128
1144 16 8
1145 1024 512
1146 32 128
1147 64 64
1148 128 16
1149 128 128
1150 128 64
1151 8 4
1152 8 32
1153 2048 1024
1154 8 32
1155 32 128
1156 4 16
1157 4 16
1158 1024 256
1159 256 256
1160 128 128
1161 16 32
1162 128 128
1163 4 4
1164 4 8
1165 512 256
1166 8 64
1167 8 4
1168 2048 512
1169 16 16
1170 32 32
1171 4 4
1172 16 4
1173 128 32
1174 32 64
1175 1024 256
1176 32 64
1177 2048 1024
1178 256 256
1179 32 8
1180 512 256
1181 8 32
1182 256 256
1183 16 16
1184 8 16
1185 2048 256
1186 16 16
1187 2048 2048
1188 128 4
1189 128 32
1190 128 128
1191 16 8
1192 8 8
1193 2048 2048
1194 8 128
1195 128 4
1196 1024 2048
1197 64 8
1198 16 64
1199 8 32
1200 8 16
1201 128 32
1202 512 512
1203 128 64
1204 128 32
1205 64 32
1206 8 8
1207 2048 2048
1208 32 8
1209 64 64
1210 32 4
1211 8 16
1212 256 256
1213 2048 1024
1214 2048 256
1215 16 64
1216 4 8
1217 4 8
1218 128 128
1219 4 32
1220 32 32
1221 64 8
1222 128 128
1223 8 4
1224 32 16
1225 128 32
1226 4 4
1227 8 128
1228 16 64
1229 1024 256
1230 2048 2048
1231 64 64
1232 64 128
1233 4 4
1234 32 4
1235 32 128
1236 64 8
1237 512 512
1238 16 8
1239 512 2048
1240 32 32
1241 64 32
1242 16 64
1243 64 16
1244 8 128
1245 32 32
1246 16 8
1247 16 8
1248 8 4
1249 1024 2048
1250 16 16
1251 2048 256
1252 256 1024
1253 2048 2048
1254 32 16
1255 8 8
1256 4 64
1257 64 4
1258 128 16
1259 64 16
1260 16 128
1261 128 128
1262 4 8
1263 512 1024
1264 4 64
1265 32 4
1266 64 4
1267 8 4
1268 2048 256
1269 4 16
1270 16 32
1271 4 64
1272 512 1024
1273 8 8
1274 64 128
1275 8 128
1276 64 128
1277 256 512
1278 2048 2048
1279 128 4
1280 64 128
1281 128 32
1282 128 8
1283 8 4
1284 8 4
1285 64 64
1286 16 4
1287 8 8
1288 16 8
1289 1024 512
1290 128 4
1291 8 4
1292 512 2048
1293 4 128
1294 64 4
1295 4 4
1296 1024 1024
1297 4 64
1298 256 2048
1299 64 32
1300 1024 2048
1301 4 16
1302 512 2048
1303 32 32
1304 2048 1024
1305 2048 2048
1306 8 64
1307 128 16
1308 2048 256
1309 128 64
1310 4 4
1311 8 64
1312 8 8
1313 4 8
1314 4 16
1315 32 8
1316 1024 512
1317 1024 512
1318 1024 256
1319 2048 1024
1320 256 512
1321 32 128
1322 4 8
1323 16 32
1324 4 8
1325 512 256
1326 4 4
1327 512 512
1328 128 32
1329 512 1024
1330 256 512
1331 64 64
1332 8 4
1333 8 64
1334 1024 256
1335 4 16
1336 512 1024
1337 512 256
1338 512 2048
1339 32 128
1340 32 128
1341 1024 2048
1342 16 8
1343 4 4
1344 4 4
1345 1024 1024
1346 16 4
1347 4 128
1348 128 8
1349 8 128
1350 1024 512
1351 8 16
1352 128 128
1353 8 16
1354 2048 512
1355 16 128
1356 64 4
1357 64 4
1358 128 64
1359 32 64
1360 4 8
1361 128 8
1362 128 128
1363 1024 256
1364 512 2048
1365 1024 512
1366 32 32
1367 8 16
1368 32 16
1369 16 4
1370 128 128
1371 1024 256
1372 256 1024
1373 1024 256
1374 4 8
1375 1024 256
1376 4 8
1377 256 256
1378 256 1024
1379 2048 1024
1380 32 4
1381 128 64
1382 128 128
1383 2048 2048
1384 4 4
1385 8 8
1386 32 128
1387 4 16
1388 32 16
1389 512 2048
1390 128 16
1391 2048 256
1392 2048 256
1393 512 512
1394 1024 512
1395 8 32
1396 8 32
1397 32 16
1398 2048 1024
1399 16 128
1400 8 32
1401 2048 1024
1402 64 16
1403 8 32
1404 8 8
1405 2048 1024
1406 8 8
1407 8 8
1408 16 128
1409 8 128
1410 16 8
1411 2048 512
1412 16 8
1413 8 128
1414 8 128
1415 32 4
1416 4 8
1417 8 4
1418 32 32
1419 4 64
1420 256 256
1421 8 64
1422 32 32
1423 128 4
1424 1024 512
1425 16 16
1426 2048 256
1427 256 512
1428 512 2048
1429 4 32
1430 1024 256
1431 128 4
1432 32 32
1433 32 8
1434 8 8
1435 1024 2048
1436 16 8
1437 2048 512
1438 64 128
1439 4 32
1440 64 32
1441 16 64
1442 16 8
1443 8 4
1444 64 16
1445 64 64
1446 128 8
1447 64 32
1448 256 256
1449 512 1024
1450 8 128
1451 64 64
1452 8 32
1453 256 1024
1454 16 16
1455 64 128
1456 16 128
1457 8 32
1458 64 16
1459 32 16
1460 512 256
1461 8 4
1462 64 32
1463 16 64
1464 64 4
1465 512 256
1466 64 16
1467 64 32
1468 128 4
1469 16 64
1470 32 8
1471 128 8
1472 256 256
1473 16 8
1474 2048 256
1475 256 1024
1476 256 256
1477 1024 1024
1478 2048 256
1479 4 32
1480 256 256
1481 128 32
1482 4 4
1483 64 16
1484 8 128
1485 16 16
1486 1024 256
1487 512 256
1488 16 64
1489 128 64
1490 4 4
1491 16 8
1492 128 16
1493 128 4
1494 8 16
1495 1024 2048
1496 32 32
1497 32 4
1498 256 2048
1499 16 128
1500 2048 2048
1501 256 256
1502 1024 512
1503 32 8
1504 32 8
1505 32 32
1506 256 512
1507 1024 256
1508 64 4
1509 64 16
1510 4 128
1511 32 8
1512 256 2048
1513 128 16
1514 16 128
1515 1024 2048
1516 128 64
1517 8 16
1518 512 512
1519 2048 2048
1520 128 32
1521 512 2048
1522 256 512
1523 32 64
1524 1024 1024
1525 512 512
1526 32 32
1527 64 64
1528 8 32
1529 4 64
1530 512 1024
1531 64 16
1532 512 2048
1533 4 8
1534 64 64
1535 32 8
1536 8 64
1537 8 32
1538 64 8
1539 2048 1024
1540 16 16
1541 8 16
1542 16 16
1543 16 4
1544 32 8
1545 512 256
1546 2048 256
1547 256 1024
1548 64 4
1549 32 16
1550 32 64
1551 1024 256
1552 4 8
1553 128 64
1554 64 32
1555 32 128
1556 1024 2048
1557 16 4
1558 512 1024
1559 4 4
1560 128 128
1561 2048 1024
1562 32 4
1563 16 4
1564 2048 2048
1565 512 2048
1566 4 128
1567 1024 256
1568 1024 2048
1569 8 128
1570 16 16
1571 256 512
1572 1024 1024
1573 16 16
1574 2048 512
1575 64 32
1576 2048 512
1577 4 128
1578 16 8
1579 32 4
1580 4 4
1581 16 4
1582 4 16
1583 128 128
1584 4 128
1585 16 8
1586 16 64
1587 32 64
1588 512 256
1589 2048 1024
1590 16 8
1591 16 32
1592 16 32
1593 4 8
1594 512 256
1595 8 4
1596 64 4
1597 8 16
1598 8 128
1599 4 64
1600 512 512
1601 16 8
1602 256 2048
1603 64 16
1604 2048 2048
1605 2048 512
1606 256 512
1607 64 64
1608 64 64
1609 1024 512
1610 16 32
1611 64 16
1612 128 128
1613 16 32
1614 16 8
1615 256 512
1616 64 128
1617 16 16
1618 256 1024
1619 64 4
1620 512 512
1621 32 8
1622 256 256
1623 4 8
1624 2048 256
1625 128 4
1626 4 4
1627 8 64
1628 16 128
1629 2048 256
1630 4 64
1631 128 16
1632 16 128
1633 64 16
1634 8 64
1635 1024 256
1636 64 16
1637 2048 256
1638 16 32
1639 32 32
1640 128 8
1641 1024 512
1642 128 4
1643 64 128
1644 128 16
1645 16 32
1646 128 64
1647 64 128
1648 128 4
1649 16 128
1650 64 4
1651 2048 512
1652 128 128
1653 512 256
1654 32 128
1655 64 16
1656 256 2048
1657 8 16
1658 256 2048
1659 128 8
1660 8 4
1661 4 128
1662 64 8
1663 8 4
1664 256 2048
1665 256 256
1666 32 8
1667 64 32
1668 256 2048
1669 128 128
1670 64 16
1671 4 8
1672 128 64
1673 32 4
1674 4 8
1675 256 256
1676 256 512
1677 32 4
1678 1024 1024
1679 8 8
1680 1024 256
1681 16 4
1682 16 64
1683 1024 512
1684 64 64
1685 64 4
1686 256 256
1687 64 128
1688 256 2048
1689 8 16
1690 512 512
1691 64 64
1692 32 8
1693 512 1024
1694 4 64
1695 4 128
1696 2048 256
1697 128 8
1698 128 4
1699 128 32
1700 8 4
1701 1024 256
1702 32 4
1703 4 128
1704 2048 2048
1705 1024 2048
1706 32 128
1707 8 128
1708 4 32
1709 4 16
1710 4 32
1711 64 8
1712 1024 256
1713 32 32
1714 8 128
1715 16 16
1716 512 2048
1717 4 32
1718 8 16
1719 128 64
1720 8 32
1721 32 128
1722 32 16
1723 16 8
1724 2048 2048
1725 64 64
1726 512 256
1727 32 128
1728 2048 2048
1729 4 16
1730 32 32
1731 32 128
1732 128 4
1733 2048 2048
1734 16 16
1735 128 16
1736 32 32
1737 128 16
1738 128 16
1739 8 4
1740 2048 256
1741 1024 512
1742 1024 256
1743 256 1024
1744 16 128
1745 128 128
1746 16 128
1747 128 8
1748 32 8
1749 2048 512
1750 512 256
1751 4 64
1752 4 32
1753 2048 2048
1754 64 16
1755 1024 1024
1756 256 1024
1757 2048 256
1758 4 4
1759 2048 256
1760 128 128
1761 32 64
1762 1024 256
1763 64 4
1764 512 512
1765 256 2048
1766 8 4
1767 4 4
1768 8 64
1769 128 64
1770 16 128
1771 64 4
1772 128 8
1773 8 64
1774 1024 256
1775 16 16
1776 1024 512
1777 64 8
1778 16 64
1779 64 32
1780 16 64
1781 512 2048
1782 8 128
1783 64 16
1784 2048 2048
1785 128 64
1786 1024 2048
1787 128 16
1788 4 64
1789 4 128
1790 1024 1024
1791 8 4
1792 4 4
1793 8 64
1794 128 8
1795 512 1024
1796 512 2048
1797 16 64
1798 32 4
1799 1024 512
1800 64 4
1801 512 2048
1802 128 8
1803 64 64
1804 16 64
1805 256 256
1806 4 128
1807 2048 256
1808 64 16
1809 256 2048
1810 2048 1024
1811 1024 1024
1812 32 8
1813 32 64
1814 4 16
1815 32 128
1816 256 2048
1817 8 16
1818 32 128
1819 8 16
1820 8 128
1821 128 16
1822 4 16
1823 16 32
1824 128 16
1825 8 128
1826 256 1024
1827 8 8
1828 128 8
1829 32 128
1830 1024 1024
1831 256 1024
1832 16 4
1833 16 4
1834 256 2048
1835 16 128
1836 4 4
1837 512 256
1838 64 4
1839 16 32
1840 4 8
1841 4 64
1842 1024 512
1843 1024 1024
1844 32 4
1845 4 16
1846 256 512
1847 16 8
1848 4 64
1849 2048 512
1850 32 128
1851 4 32
1852 16 64
1853 2048 256
1854 128 128
1855 64 4
1856 512 2048
1857 2048 256
1858 2048 1024
1859 1024 1024
1860 32 64
1861 128 16
1862 8 32
1863 4 16
1864 256 1024
1865 64 4
1866 16 64
1867 128 8
1868 128 32
1869 8 64
1870 8 32
1871 128 16
1872 256 1024
1873 128 32
1874 32 64
1875 32 16
1876 8 8
1877 16 64
1878 8 4
1879 2048 256
1880 128 16
1881 128 64
1882 64 128
1883 64 32
1884 4 128
1885 8 8
1886 256 1024
1887 16 16
1888 512 256
1889 512 512
1890 8 16
1891 16 4
1892 8 16
1893 1024 256
1894 32 64
1895 1024 2048
1896 32 128
1897 32 16
1898 8 32
1899 512 256
1900 256 2048
1901 8 128
1902 1024 1024
1903 8 128
1904 16 32
1905 16 4
1906 8 32
1907 32 8
1908 4 4
1909 1024 2048
1910 256 256
1911 1024 1024
1912 8 16
1913 1024 256
1914 256 1024
1915 8 16
1916 32 8
1917 16 32
1918 128 16
1919 256 2048
1920 16 64
1921 8 8
1922 8 8
1923 32 8
1924 32 16
1925 2048 2048
1926 16 4
1927 4 64
1928 64 128
1929 2048 512
1930 16 32
1931 64 128
1932 8 16
1933 2048 512
1934 512 512
1935 8 128
1936 64 8
1937 1024 1024
1938 512 512
1939 8 64
1940 4 16
1941 2048 256
1942 64 8
1943 8 64
1944 256 1024
1945 128 4
1946 1024 256
1947 16 8
1948 16 32
1949 1024 2048
1950 256 1024
1951 256 256
1952 32 128
1953 32 64
1954 16 4
1955 8 32
1956 128 32
1957 8 8
1958 4 4
1959 32 32
1960 32 4
1961 64 4
1962 1024 256
1963 1024 2048
1964 16 8
1965 16 4
1966 128 8
1967 16 64
1968 16 8
1969 64 4
1970 32 32
1971 64 16
1972 2048 2048
1973 4 32
1974 512 2048
1975 8 4
1976 4 4
1977 256 1024
1978 32 128
1979 512 1024
1980 32 32
1981 4 128
1982 16 32
1983 1024 512
1984 4 64
1985 256 1024
1986 1024 256
1987 16 4
1988 128 128
1989 4 4
1990 32 4
1991 64 16
1992 128 4
1993 512 512
1994 16 8
1995 32 8
1996 4 32
1997 128 16
1998 128 4
1999 8 128
2000 4 128
2001 1024 2048
2002 128 128
2003 128 4
2004 128 128
2005 512 256
2006 8 64
2007 8 32
2008 16 128
2009 512 2048
2010 8 64
2011 512 2048
2012 64 8
2013 4 8
2014 4 64
2015 16 64
2016 4 32
2017 16 32
2018 4 8
2019 256 256
2020 64 4
2021 16 32
2022 16 8
2023 128 16
2024 8 16
2025 64 16
2026 1024 256
2027 4 16
2028 32 8
2029 256 1024
2030 2048 2048
2031 128 16
2032 256 512
2033 16 4
2034 128 64
2035 8 32
2036 32 4
2037 128 16
2038 32 8
2039 128 4
2040 128 32
2041 1024 2048
2042 8 32
2043 128 64
2044 128 4
2045 128 32
2046 8 4
2047 16 16
2048 64 128
2049 32 64
2050 64 32
2051 8 16
2052 2048 256
2053 128 16
2054 8 16
2055 16 4
2056 4 32
2057 16 128
2058 8 8
2059 256 512
2060 64 4
2061 8 32
2062 32 64
2063 128 64
2064 64 16
2065 1024 512
2066 2048 2048
2067 64 16
2068 512 512
2069 16 32
2070 128 32
2071 64 4
2072 8 4
2073 64 64
2074 16 16
2075 512 2048
2076 128 32
2077 1024 1024
2078 8 4
2079 512 1024
2080 256 512
2081 8 128
2082 32 64
2083 512 1024
2084 16 16
2085 256 512
2086 1024 1024
2087 1024 2048
2088 64 8
2089 128 32
2090 4 32
2091 64 16
2092 128 4
2093 128 8
2094 32 16
2095 64 128
2096 64 4
2097 512 2048
2098 1024 256
2099 4 4
2100 128 32
2101 4 64
2102 8 32
2103 128 8
2104 32 4
2105 32 32
2106 32 32
2107 4 128
2108 32 32
2109 8 16
2110 512 256
2111 1024 512
2112 32 128
2113 1024 512
2114 256 2048
2115 2048 256
2116 8 4
2117 32 16
2118 64 16
2119 256 256
2120 32 32
2121 4 64
2122 1024 512
2123 2048 1024
2124 64 32
2125 64 4
2126 32 8
2127 128 64
2128 64 4
2129 64 32
2130 8 4
2131 128 32
2132 512 2048
2133 16 8
2134 256 256
2135 4 16
2136 8 8
2137 16 128
2138 128 16
2139 256 256
2140 1024 2048
2141 128 128
2142 64 16
2143 64 16
2144 256 1024
2145 16 128
2146 32 32
2147 16 64
2148 8 32
2149 4 16
2150 128 64
2151 16 32
2152 8 4
2153 8 128
2154 512 2048
2155 32 4
2156 16 8
2157 2048 512
2158 16 64
2159 128 16
2160 128 128
2161 16 8
2162 4 16
2163 512 256
2164 1024 256
2165 4 8
2166 16 8
2167 1024 1024
2168 2048 2048
2169 512 256
2170 128 32
2171 512 1024
2172 2048 256
2173 512 512
2174 4 8
2175 8 64
2176 32 4
2177 16 4
2178 512 256
2179 64 4
2180 16 16
2181 32 128
2182 32 64
2183 256 1024
2184 32 32
2185 64 32
2186 128 4
2187 128 128
2188 32 16
2189 16 128
2190 128 128
2191 128 64
2192 64 128
2193 512 1024
2194 1024 2048
2195 128 8
2196 128 32
2197 64 128
2198 16 64
2199 16 64
2200 128 64
2201 4 32
2202 4 16
2203 64 32
2204 16 4
2205 32 64
2206 256 256
2207 32 8
2208 128 32
2209 512 1024
2210 128 128
2211 64 16
2212 64 4
2213 2048 512
2214 1024 512
2215 128 64
2216 256 2048
2217 256 1024
2218 1024 512
2219 256 512
2220 2048 512
2221 64 128
2222 4 16
2223 16 8
2224 256 1024
2225 4 64
2226 256 1024
2227 32 32
2228 4 32
2229 256 256
2230 256 256
2231 16 128
2232 1024 256
2233 16 32
2234 64 128
2235 256 2048
2236 256 512
2237 4 128
2238 1024 512
2239 4 32
2240 32 4
2241 128 32
2242 128 32
2243 4 8
2244 128 16
2245 16 128
2246 32 4
2247 32 8
2248 4 8
2249 512 256
2250 64 64
2251 256 512
2252 4 128
2253 8 64
2254 64 32
2255 256 256
2256 8 16
2257 512 512
2258 128 8
2259 16 128
2260 32 16
2261 16 16
2262 64 4
2263 128 128
2264 64 8
2265 32 64
2266 8 8
2267 128 4
2268 4 64
2269 1024 1024
2270 2048 1024
2271 2048 1024
2272 64 64
2273 256 2048
2274 4 16
2275 16 4
2276 32 16
2277 16 16
2278 4 32
2279 4 64
2280 64 64
2281 512 256
2282 1024 256
2283 32 128
2284 8 4
2285 1024 2048
2286 16 8
2287 256 1024
2288 32 8
2289 8 32
2290 512 2048
2291 32 16
2292 256 2048
2293 32 64
2294 16 64
2295 64 16
2296 128 128
2297 128 4
2298 8 16
2299 2048 1024
2300 16 32
2301 8 8
2302 4 32
2303 4 32
2304 64 8
2305 256 512
2306 8 16
2307 2048 2048
2308 256 256
2309 1024 256
2310 128 16
2311 16 64
2312 64 8
2313 8 16
2314 1024 1024
2315 2048 2048
2316 32 16
2317 128 128
2318 8 16
2319 4 64
2320 2048 1024
2321 8 8
2322 8 16
2323 4 16
2324 32 32
2325 16 4
2326 2048 256
2327 128 4
2328 32 4
2329 1024 2048
2330 128 64
2331 8 64
2332 1024 256
2333 8 64
2334 16 64
2335 2048 1024
2336 1024 256
2337 16 8
2338 128 64
2339 64 32
2340 128 64
2341 512 1024
2342 32 16
2343 8 32
2344 16 8
2345 32 4
2346 256 1024
2347 64 128
2348 16 64
2349 8 4
2350 16 16
2351 4 8
2352 32 128
2353 128 32
2354 64 8
2355 128 128
2356 128 4
2357 512 1024
2358 1024 1024
2359 512 512
2360 128 4
2361 32 16
2362 1024 1024
2363 2048 2048
2364 2048 256
2365 64 64
2366 8 64
2367 256 256
2368 256 2048
2369 16 128
2370 16 64
2371 32 128
2372 2048 512
2373 64 32
2374 4 4
2375 4 16
2376 256 256
2377 8 128
2378 8 32
2379 4 16
2380 512 1024
2381 128 32
2382 2048 512
2383 8 32
2384 2048 1024
2385 32 64
2386 4 16
2387 1024 1024
2388 8 4
2389 4 32
2390 64 8
2391 256 1024
2392 512 2048
2393 1024 512
2394 4 4
2395 16 64
2396 4 64
2397 16 8
2398 256 1024
2399 8 64
2400 2048 2048
2401 4 128
2402 2048 2048
2403 512 256
2404 512 1024
2405 4 32
2406 64 128
2407 512 256
2408 128 64
2409 8 4
2410 4 4
2411 8 16
2412 8 16
2413 16 16
2414 128 64
2415 4 16
2416 4 8
2417 128 64
2418 1024 2048
2419 64 4
2420 1024 1024
2421 4 16
2422 128 16
2423 4 4
2424 16 16
2425 32 32
2426 512 512
2427 4 64
2428 512 2048
2429 64 32
2430 1024 256
2431 16 8
2432 1024 2048
2433 32 4
2434 4 32
2435 8 32
2436 8 128
2437 16 64
2438 128 16
2439 256 1024
2440 64 8
2441 1024 1024
2442 32 16
2443 8 128
2444 32 128
2445 64 64
2446 2048 1024
2447 128 8
2448 1024 2048
2449 8 16
2450 16 4
2451 512 256
2452 8 128
2453 32 128
2454 256 512
2455 4 64
2456 16 4
2457 64 16
2458 32 128
2459 4 8
2460 1024 1024
2461 1024 2048
2462 16 8
2463 512 1024
2464 512 2048
2465 512 256
2466 512 2048
2467 2048 2048
2468 64 8
2469 4 32
2470 256 2048
2471 1024 1024
2472 32 32
2473 32 8
2474 4 8
2475 64 4
2476 64 128
2477 128 16
2478 1024 1024
2479 64 16
2480 2048 256
2481 256 512
2482 512 256
2483 2048 1024
2484 64 32
2485 128 16
2486 1024 256
2487 16 8
2488 4 16
2489 256 256
2490 128 8
2491 512 512
2492 512 512
2493 8 8
2494 32 4
2495 4 32
2496 128 64
2497 2048 1024
2498 2048 2048
2499 1024 256
2500 16 32
2501 64 16
2502 32 8
2503 2048 512
2504 8 128
2505 32 8
2506 128 128
2507 1024 256
2508 128 128
2509 128 16
2510 2048 256
2511 2048 1024
2512 64 8
2513 4 16
2514 256 256
2515 256 256
2516 4 4
2517 256 256
2518 4 4
2519 64 16
2520 16 128
2521 32 128
2522 32 8
2523 8 16
2524 1024 1024
2525 16 16
2526 64 64
2527 64 64
2528 32 8
2529 128 32
2530 128 8
2531 64 16
2532 128 4
2533 16 64
2534 64 8
2535 4 8
2536 32 16
2537 16 4
2538 32 64
2539 512 2048
2540 4 8
2541 16 64
2542 4 64
2543 4 8
2544 2048 1024
2545 128 32
2546 16 4
2547 16 32
2548 16 8
2549 64 32
2550 8 32
2551 16 64
2552 128 16
2553 256 256
2554 128 16
2555 1024 256
2556 16 4
2557 8 4
2558 4 128
2559 64 4
2560 1024 256
2561 2048 1024
2562 32 32
2563 4 128
2564 4 8
2565 512 1024
2566 2048 512
2567 128 64
2568 512 512
2569 256 256
2570 128 16
2571 32 16
2572 8 8
2573 128 4
2574 16 4
2575 64 8
2576 128 128
2577 32 8
2578 4 4
2579 512 512
2580 2048 512
2581 16 32
2582 4 16
2583 8 16
2584 4 32
2585 4 32
2586 32 128
2587 4 32
2588 32 64
2589 4 128
2590 2048 2048
2591 64 32
2592 16 16
2593 512 256
2594 8 4
2595 4 4
2596 4 32
2597 32 32
2598 16 64
2599 4 4
2600 512 256
2601 8 32
2602 128 4
2603 64 8
2604 512 2048
2605 32 32
2606 8 64
2607 4 4
2608 512 1024
2609 2048 2048
2610 8 32
2611 8 16
2612 1024 512
2613 64 8
2614 128 64
2615 512 256
2616 2048 256
2617 8 32
2618 512 2048
2619 2048 256
2620 8 8
2621 512 2048
2622 8 32
2623 32 32
2624 8 16
2625 2048 512
2626 32 128
2627 64 128
2628 256 512
2629 2048 512
2630 8 32
2631 32 4
2632 2048 2048
2633 16 64
2634 64 128
2635 2048 1024
2636 64 64
2637 64 128
2638 2048 512
2639 32 16
2640 128 128
2641 2048 512
2642 8 128
2643 64 64
2644 16 128
2645 4 16
2646 64 32
2647 64 32
2648 256 512
2649 4 128
2650 1024 2048
2651 2048 2048
2652 16 32
2653 8 64
2654 1024 2048
2655 8 128
2656 2048 2048
2657 4 128
2658 64 128
2659 512 256
2660 256 1024
2661 32 128
2662 512 2048
2663 8 128
2664 32 64
2665 16 64
2666 16 64
2667 4 128
2668 1024 256
2669 64 4
2670 32 4
2671 16 8
2672 8 64
2673 64 32
2674 8 64
2675 256 512
2676 64 4
2677 128 128
2678 512 1024
2679 256 1024
2680 64 32
2681 32 32
2682 64 8
2683 512 2048
2684 8 128
2685 32 32
2686 4 16
2687 8 8
2688 32 128
2689 64 4
2690 1024 256
2691 2048 256
2692 64 16
2693 4 16
2694 256 2048
2695 2048 512
2696 256 2048
2697 512 2048
2698 128 128
2699 32 64
2700 256 2048
2701 16 128
2702 8 8
2703 1024 512
2704 32 8
2705 64 16
2706 1024 1024
2707 512 256
2708 8 32
2709 1024 512
2710 128 8
2711 4 64
2712 1024 1024
2713 8 16
2714 16 16
2715 128 8
2716 128 32
2717 64 64
2718 64 8
2719 8 64
2720 4 4
2721 1024 512
2722 512 512
2723 128 64
2724 128 4
2725 1024 256
2726 8 32
2727 16 4
2728 2048 1024
2729 8 32
2730 16 32
2731 64 4
2732 16 32
2733 32 128
2734 128 128
2735 128 32
2736 2048 2048
2737 64 64
2738 2048 2048
2739 4 32
2740 256 512
2741 16 32
2742 512 256
2743 32 128
2744 1024 256
2745 2048 256
2746 4 128
2747 4 128
2748 2048 512
2749 256 1024
2750 4 8
2751 32 4
2752 1024 2048
2753 16 32
2754 1024 256
2755 8 8
2756 4 32
2757 16 4
2758 2048 512
2759 1024 1024
2760 8 64
2761 2048 256
2762 512 256
2763 8 128
2764 64 64
2765 64 128
2766 32 32
2767 128 64
2768 32 16
2769 16 128
2770 4 64
2771 8 128
2772 64 8
2773 4 16
2774 8 128
2775 256 1024
2776 16 4
2777 256 2048
2778 32 16
2779 16 4
2780 32 4
2781 64 32
2782 64 16
2783 2048 2048
2784 128 16
2785 128 4
2786 64 64
2787 1024 1024
2788 8 128
2789 4 16
2790 4 128
2791 256 512
2792 16 64
2793 64 32
2794 256 2048
2795 64 32
2796 16 32
2797 128 64
2798 8 64
2799 128 8
2800 2048 512
2801 8 8
2802 512 2048
2803 16 4
2804 64 128
2805 128 4
2806 128 32
2807 4 128
2808 128 32
2809 8 128
2810 32 128
2811 128 4
2812 1024 1024
2813 32 4
2814 64 8
2815 4 64
2816 8 4
2817 8 4
2818 2048 2048
2819 16 8
2820 32 16
2821 2048 256
2822 8 4
2823 4 16
2824 512 512
2825 256 512
2826 4 4
2827 16 4
2828 2048 256
2829 128 32
2830 512 2048
2831 4 4
2832 16 16
2833 2048 2048
2834 256 2048
2835 16 128
2836 16 128
2837 128 16
2838 64 4
2839 2048 512
2840 256 512
2841 2048 1024
2842 16 64
2843 256 256
2844 128 4
2845 32 64
2846 16 4
2847 128 4
2848 16 64
2849 64 32
2850 4 16
2851 4 8
2852 16 8
2853 2048 1024
2854 16 16
2855 32 64
2856 64 128
2857 4 32
2858 2048 256
2859 256 256
2860 4 64
2861 8 8
2862 64 16
2863 4 128
2864 128 128
2865 64 32
2866 2048 512
2867 8 32
2868 16 32
2869 32 8
2870 16 16
2871 8 128
2872 16 4
2873 256 512
2874 256 1024
2875 4 16
2876 32 64
2877 256 512
2878 64 32
2879 16 128
2880 32 16
2881 2048 1024
2882 16 8
2883 4 32
2884 64 16
2885 16 64
2886 128 16
2887 256 2048
2888 128 32
2889 1024 2048
2890 2048 512
2891 4 8
2892 64 8
2893 128 4
2894 256 256
2895 8 32
2896 128 64
2897 4 128
2898 8 64
2899 8 4
2900 2048 1024
2901 512 256
2902 64 16
2903 4 4
2904 2048 512
2905 64 16
2906 4 8
2907 4 32
2908 1024 2048
2909 4 64
2910 64 8
2911 128 64
2912 64 4
2913 128 64
2914 64 32
2915 1024 256
2916 16 128
2917 16 128
2918 128 8
2919 1024 2048
2920 64 128
2921 64 8
2922 256 2048
2923 1024 2048
2924 128 128
2925 256 2048
2926 4 128
2927 2048 1024
2928 8 128
2929 4 8
2930 4 128
2931 4 8
2932 8 8
2933 64 4
2934 512 512
2935 256 2048
2936 512 1024
2937 32 128
2938 512 512
2939 8 32
2940 64 16
2941 16 16
2942 256 512
2943 64 4
2944 32 128
2945 32 32
2946 8 128
2947 128 64
2948 512 512
2949 8 64
2950 8 16
2951 4 64
2952 16 16
2953 256 2048
2954 64 64
2955 1024 512
2956 64 8
2957 256 256
2958 32 16
2959 256 256
2960 64 32
2961 2048 256
2962 1024 2048
2963 32 64
2964 1024 1024
2965 64 64
2966 512 512
2967 128 8
2968 128 8
2969 2048 512
2970 512 2048
2971 8 4
2972 64 32
2973 128 8
2974 128 8
2975 64 16
2976 2048 2048
2977 16 32
2978 16 16
2979 32 16
2980 4 8
2981 8 8
2982 2048 1024
2983 256 512
2984 32 128
2985 512 1024
2986 512 2048
2987 256 256
2988 2048 256
2989 4 32
2990 128 8
2991 32 16
2992 32 4
2993 4 8
2994 4 4
2995 128 128
2996 4 64
2997 8 32
2998 64 4
2999 32 4
3000 64 4
3001 1024 1024
3002 8 32
3003 8 16
3004 128 64
3005 512 512
3006 32 64
3007 128 64
3008 256 512
3009 16 64
3010 2048 1024
3011 128 8
3012 8 64
3013 128 4
3014 32 4
3015 8 4
3016 32 64
3017 2048 1024
3018 16 64
3019 16 128
3020 32 4
3021 32 64
3022 4 128
3023 2048 2048
3024 4 8
3025 256 512
3026 512 1024
3027 128 8
3028 1024 1024
3029 8 32
3030 4 8
3031 32 8
3032 32 64
3033 32 16
3034 2048 2048
3035 64 16
3036 64 32
3037 32 16
3038 16 16
3039 4 8
3040 256 512
3041 1024 512
3042 512 1024
3043 8 32
3044 8 4
3045 16 16
3046 8 32
3047 16 64
3048 64 128
3049 1024 512
3050 16 32
3051 16 128
3052 16 32
3053 2048 2048
3054 128 64
3055 16 128
3056 4 32
3057 256 256
3058 4 16
3059 128 64
3060 128 32
3061 64 16
3062 128 32
3063 8 16
3064 32 128
3065 64 128
3066 512 1024
3067 64 8
3068 32 32
3069 1024 256
3070 128 128
3071 128 8
3072 8 4
3073 128 128
3074 64 128
3075 16 4
3076 256 512
3077 8 128
3078 32 8
3079 256 1024
3080 2048 512
3081 1024 1024
3082 4 4
3083 2048 2048
3084 16 16
3085 128 16
3086 2048 1024
3087 16 64
3088 8 4
3089 256 512
3090 128 4
3091 16 64
3092 1024 1024
3093 2048 2048
3094 512 512
3095 16 64
3096 4 8
3097 256 512
3098 256 256
3099 4 32
3100 64 64
3101 32 128
3102 4 64
3103 1024 2048
3104 32 16
3105 64 128
3106 1024 512
3107 256 1024
3108 32 64
3109 128 64
3110 4 16
3111 64 4
3112 1024 2048
3113 4 8
3114 64 8
3115 1024 512
3116 128 32
3117 64 16
3118 16 32
3119 8 64
3120 32 128
3121 128 64
3122 2048 512
3123 8 128
3124 16 32
3125 4 4
3126 4 4
3127 8 32
3128 1024 512
3129 32 8
3130 16 64
3131 32 8
3132 16 128
3133 8 128
3134 64 4
3135 1024 1024
3136 256 256
3137 256 2048
3138 32 16
3139 128 128
3140 8 64
3141 4 128
3142 4 128
3143 16 32
3144 4 8
3145 2048 512
3146 16 64
3147 64 128
3148 64 4
3149 512 256
3150 8 64
3151 4 16
3152 8 8
3153 4 4
3154 512 256
3155 16 32
3156 2048 256
3157 1024 512
3158 64 16
3159 4 64
3160 8 128
3161 128 64
3162 32 32
3163 64 64
3164 16 32
3165 2048 512
3166 256 2048
3167 32 8
3168 128 16
3169 128 128
3170 64 64
3171 256 512
3172 32 128
3173 128 128
3174 32 8
3175 512 256
3176 4 8
3177 16 4
3178 16 128
3179 4 64
3180 512 1024
3181 64 8
3182 2048 256
3183 4 16
3184 4 32
3185 64 128
3186 64 16
3187 128 32
3188 8 32
3189 4 128
3190 128 4
3191 32 16
3192 4 32
3193 256 2048
3194 4 16
3195 8 64
3196 256 512
3197 2048 512
3198 32 16
3199 8 4
3200 64 128
3201 128 128
3202 128 64
3203 64 16
3204 16 32
3205 512 2048
3206 64 32
3207 512 1024
3208 128 128
3209 128 8
3210 256 1024
3211 16 32
3212 16 8
3213 16 4
3214 8 32
3215 32 64
3216 512 2048
3217 128 32
3218 16 8
3219 64 128
3220 8 16
3221 1024 256
3222 64 4
3223 128 8
3224 2048 256
3225 32 8
3226 64 4
3227 16 8
3228 512 512
3229 16 16
3230 256 2048
3231 1024 1024
3232 4 64
3233 1024 1024
3234 512 256
3235 64 32
3236 64 128
3237 64 4
3238 32 16
3239 1024 256
3240 128 64
3241 8 4
3242 2048 1024
3243 64 32
3244 2048 512
3245 256 512
3246 64 8
3247 4 4
3248 8 8
3249 128 8
3250 8 8
3251 32 128
3252 8 64
3253 2048 256
3254 128 16
3255 32 64
3256 1024 2048
3257 256 512
3258 128 64
3259 8 4
3260 4 16
3261 2048 256
3262 128 8
3263 64 16
3264 4 128
3265 1024 1024
3266 256 512
3267 64 128
3268 256 2048
3269 64 32
3270 128 32
3271 1024 512
3272 16 16
3273 1024 256
3274 16 4
3275 128 128
3276 128 8
3277 8 32
3278 8 8
3279 64 32
3280 4 4
3281 8 64
3282 16 4
3283 256 512
3284 16 4
3285 16 128
3286 8 32
3287 8 4
3288 2048 512
3289 8 32
3290 4 32
3291 4 16
3292 32 16
3293 128 8
3294 256 1024
3295 128 8
3296 16 128
3297 8 32
3298 16 128
3299 256 256
3300 32 4
3301 64 8
3302 8 64
3303 8 4
3304 1024 512
3305 2048 2048
3306 1024 512
3307 16 16
3308 32 16
3309 8 64
3310 32 64
3311 256 512
3312 1024 1024
3313 512 512
3314 512 1024
3315 1024 1024
3316 64 8
3317 4 16
3318 32 64
3319 2048 256
3320 32 16
3321 8 8
3322 128 128
3323 64 4
3324 1024 1024
3325 8 64
3326 1024 2048
3327 16 4
3328 4 128
3329 2048 256
3330 64 4
3331 128 16
3332 4 64
3333 2048 512
3334 32 4
3335 2048 256
3336 32 32
3337 128 32
3338 4 16
3339 256 1024
3340 2048 256
3341 128 32
3342 8 64
3343 128 16
3344 2048 2048
3345 128 32
3346 1024 1024
3347 64 16
3348 128 128
3349 2048 2048
3350 512 512
3351 16 4
3352 128 16
3353 512 512
3354 4 8
3355 128 8
3356 8 64
3357 128 4
3358 16 4
3359 8 64
3360 8 32
3361 128 8
3362 32 128
3363 16 32
3364 4 64
3365 64 64
3366 1024 2048
3367 256 512
3368 8 128
3369 16 128
3370 16 64
3371 128 8
3372 128 128
3373 8 16
3374 4 16
3375 64 32
3376 64 16
3377 8 16
3378 2048 512
3379 2048 2048
3380 256 2048
3381 4 16
3382 1024 2048
3383 32 64
3384 512 256
3385 16 32
3386 256 1024
3387 1024 256
3388 512 2048
3389 16 64
3390 2048 256
3391 128 128
3392 128 8
3393 8 4
3394 128 32
3395 32 4
3396 1024 256
3397 64 8
3398 1024 256
3399 4 4
3400 64 32
3401 1024 1024
3402 128 16
3403 256 1024
3404 16 64
3405 32 4
3406 64 128
3407 64 32
3408 8 32
3409 2048 1024
3410 64 16
3411 128 64
3412 64 4
3413 512 1024
3414 64 8
3415 32 64
3416 8 128
3417 64 64
3418 64 64
3419 32 16
3420 256 1024
3421 32 128
3422 8 64
3423 16 64
3424 16 128
3425 8 8
3426 64 64
3427 1024 1024
3428 8 128
3429 1024 256
3430 4 64
3431 2048 512
3432 16 64
3433 64 4
3434 2048 1024
3435 16 64
3436 16 8
3437 128 16
3438 128 16
3439 64 8
3440 512 256
3441 4 8
3442 4 32
3443 512 256
3444 8 16
3445 32 128
3446 64 64
3447 64 128
3448 2048 256
3449 32 32
3450 1024 1024
3451 128 64
3452 16 128
3453 4 8
3454 16 4
3455 4 8
3456 8 128
3457 4 16
3458 16 16
3459 4 8
3460 512 512
3461 32 128
3462 4 8
3463 128 4
3464 512 1024
3465 256 2048
3466 8 16
3467 4 32
3468 4 4
3469 128 16
3470 64 16
3471 4 8
3472 4 16
3473 512 2048
3474 64 128
3475 8 4
3476 64 64
3477 128 16
3478 4 32
3479 64 16
3480 8 128
3481 16 32
3482 16 64
3483 1024 512
3484 64 64
3485 256 2048
3486 256 256
3487 512 2048
3488 16 16
3489 512 512
3490 8 16
3491 1024 1024
3492 32 128
3493 8 4
3494 128 64
3495 32 64
3496 2048 1024
3497 512 1024
3498 1024 2048
3499 8 128
3500 16 32
3501 64 32
3502 8 4
3503 2048 256
3504 512 2048
3505 128 128
3506 1024 512
3507 32 4
3508 4 4
3509 2048 2048
3510 16 64
3511 4 128
3512 4 8
3513 8 128
3514 64 128
3515 8 4
3516 64 4
3517 2048 1024
3518 2048 512
3519 256 2048
3520 128 128
3521 512 512
3522 2048 512
3523 128 16
3524 4 32
3525 4 4
3526 128 16
3527 2048 2048
3528 32 4
3529 32 64
3530 1024 512
3531 256 256
3532 4 4
3533 2048 1024
3534 16 16
3535 2048 256
3536 8 4
3537 64 32
3538 1024 256
3539 512 512
3540 4 8
3541 512 256
3542 16 16
3543 1024 512
3544 256 2048
3545 64 16
3546 128 64
3547 8 16
3548 256 512
3549 1024 2048
3550 16 16
3551 16 4
3552 64 64
3553 4 64
3554 1024 1024
3555 32 8
3556 32 16
3557 2048 512
3558 32 8
3559 64 64
3560 1024 512
3561 64 4
3562 8 4
3563 64 4
3564 1024 2048
3565 16 64
3566 128 16
3567 8 16
3568 8 8
3569 2048 2048
3570 128 32
3571 128 128
3572 128 128
3573 2048 1024
3574 32 32
3575 128 16
3576 4 32
3577 512 2048
3578 16 64
3579 1024 512
3580 64 4
3581 64 128
3582 2048 256
3583 512 2048
3584 8 128
3585 4 8
3586 1024 2048
3587 128 128
3588 8 128
3589 16 16
3590 256 256
3591 512 1024
3592 64 128
3593 4 8
3594 4 128
3595 32 8
3596 32 64
3597 2048 2048
3598 256 256
3599 128 128
3600 16 16
3601 512 2048
3602 1024 512
3603 32 8
3604 32 4
3605 8 32
3606 4 4
3607 8 32
3608 512 256
3609 4 128
3610 64 64
3611 8 32
3612 128 128
3613 4 8
3614 128 128
3615 8 4
3616 1024 2048
3617 256 512
3618 2048 512
3619 2048 256
3620 256 256
3621 4 128
3622 32 128
3623 32 128
3624 32 4
3625 64 8
3626 16 64
3627 4 128
3628 2048 256
3629 64 32
3630 8 64
3631 128 4
3632 128 64
3633 8 32
3634 32 64
3635 8 4
3636 64 4
3637 8 4
3638 4 128
3639 1024 2048
3640 16 32
3641 64 128
3642 8 8
3643 8 128
3644 64 32
3645 4 64
3646 256 256
3647 256 512
3648 4 128
3649 32 16
3650 8 128
3651 16 8
3652 256 512
3653 128 32
3654 16 16
3655 128 4
3656 32 64
3657 4 8
3658 64 8
3659 8 64
3660 8 8
3661 32 32
3662 4 4
3663 128 128
3664 16 8
3665 64 4
3666 512 2048
3667 64 8
3668 64 4
3669 1024 512
3670 32 16
3671 8 64
3672 512 2048
3673 8 4
3674 16 4
3675 8 8
3676 1024 2048
3677 1024 512
3678 32 16
3679 32 32
3680 16 16
3681 32 32
3682 1024 512
3683 128 64
3684 512 1024
3685 8 16
3686 512 512
3687 16 8
3688 256 2048
3689 1024 512
3690 128 8
3691 4 4
3692 2048 256
3693 1024 512
3694 2048 2048
3695 4 64
3696 64 32
3697 16 4
3698 256 2048
3699 16 128
3700 4 128
3701 32 8
3702 128 8
3703 64 128
3704 16 16
3705 64 4
3706 512 1024
3707 8 8
3708 1024 2048
3709 1024 2048
3710 64 4
3711 512 1024
3712 32 128
3713 4 8
3714 16 64
3715 512 1024
3716 128 8
3717 8 8
3718 64 16
3719 128 8
3720 256 256
3721 8 16
3722 16 64
3723 64 16
3724 16 64
3725 512 2048
3726 64 128
3727 8 16
3728 2048 1024
3729 32 4
3730 32 4
3731 64 4
3732 128 8
3733 64 32
3734 64 16
3735 256 2048
3736 512 512
3737 64 4
3738 8 4
3739 64 8
3740 4 128
3741 8 128
3742 512 2048
3743 128 16
3744 128 128
3745 16 128
3746 512 512
3747 64 32
3748 32 128
3749 4 4
3750 128 16
3751 2048 256
3752 32 8
3753 2048 1024
3754 128 128
3755 64 128
3756 4 64
3757 128 64
3758 64 128
3759 8 128
3760 4 4
3761 2048 2048
3762 32 32
3763 64 64
3764 512 1024
3765 4 32
3766 512 512
3767 64 8
3768 1024 256
3769 64 128
3770 128 128
3771 64 32
3772 64 8
3773 1024 256
3774 512 512
3775 512 2048
3776 8 16
3777 8 16
3778 8 128
3779 512 512
3780 32 8
3781 16 128
3782 16 128
3783 256 256
3784 2048 512
3785 512 2048
3786 4 16
3787 2048 512
3788 64 16
3789 8 64
3790 4 4
3791 8 64
3792 512 512
3793 64 128
3794 4 32
3795 1024 512
3796 8 16
3797 4 8
3798 256 512
3799 128 4
3800 2048 1024
3801 32 16
2445 987
0 1672
0 3347
0 2791
3000 1688
1210 842
987 0
842 0
1688 0
2366 610
1 1820
909 2
610 1
2 1
1455 25
3 2071
3 2214
3701 3784
3784 3
25 3
252 3185
252 3514
1116 4
2896 222
222 252
4 252
2948 1104
3263 1641
55 3676
1641 55
1104 55
1089 3142
2017 975
3262 19
3142 3262
975 3262
1255 6
5 2107
2655 2051
2051 5
6 5
1284 846
7 3620
2329 8
846 7
8 7
397 2805
1772 10
2311 9
1024 3717
10 397
3717 397
9 397
11 1115
1338 1000
1000 11
13 31
2445 991
1045 12
12 13
991 13
3556 14
2041 323
246 15
14 2041
15 2041
1269 2364
695 2924
2924 1269
17 203
2171 1617
2704 16
1617 17
16 17
315 18
20 1166
18 20
19 20
771 21
3413 1546
874 22
21 3413
22 3413
2867 24
23 164
23 3659
23 1620
23 3204
2279 1394
1394 23
24 23
2864 28
1076 26
27 1365
26 27
28 27
288 29
2157 2277
708 30
29 2157
30 2157
1371 32
33 2725
33 3595
33 3042
31 33
32 33
3208 678
2000 3338
34 3602
678 34
3338 34
3167 930
35 3418
35 3690
35 3687
35 3625
35 2568
35 464
35 1731
716 2007
930 35
2007 35
2652 1505
1371 1432
1265 964
964 2652
1432 2652
125 1618
37 1127
37 1823
37 2049
2391 36
36 37
1618 37
39 266
39 3127
39 541
39 1270
39 1441
1095 38
38 39
1371 1922
585 40
301 3448
301 3183
301 3146
40 301
1922 301
2549 43
1245 318
1245 3652
1245 3308
1245 2169
1513 449
1772 41
689 42
43 1245
449 1245
41 1245
42 1245
1228 2204
1733 826
44 3416
44 2941
2204 44
826 44
3536 89
3536 216
3536 304
3536 2858
3536 1766
3536 833
2377 45
45 3536
254 46
1397 2456
1258 2168
1258 1888
1258 1101
2456 1258
46 1258
2145 48
1819 47
3033 1815
3033 1759
1554 49
402 1934
1934 3033
49 3033
47 3033
48 3033
51 2044
1742 50
50 51
2911 2421
2911 853
2207 52
52 2911
2664 1849
53 2721
2974 3670
1849 53
3670 53
647 3695
3337 1943
1995 891
1995 3683
1995 3213
3695 1995
1943 1995
2890 1691
54 2452
2328 56
1691 54
56 54
410 1079
58 126
58 2631
3208 57
1079 58
57 58
1898 59
3738 3422
3342 1223
59 3342
3422 3342
592 3364
60 2058
3364 60
2066 2418
1893 62
2948 1764
2887 61
62 2066
61 2066
1764 2066
3375 64
63 983
63 2167
2221 1702
1702 63
64 63
2445 690
66 1068
66 1041
66 1067
3225 2656
1749 65
690 66
65 66
2656 66
204 1872
2036 1414
1864 196
1864 527
1864 1385
1864 831
1414 1864
1872 1864
2183 67
1466 424
68 1580
67 68
424 68
3782 3757
69 3174
3757 69
71 3442
71 3744
2445 70
1349 2510
70 71
2510 71
74 1456
771 72
120 73
72 74
73 74
2445 75
76 3474
76 1713
76 2130
642 272
1381 1927
75 76
1927 76
272 76
313 3059
3345 77
78 1030
78 434
78 2100
3059 78
77 78
1371 79
3770 3469
80 2393
80 3669
80 2804
3469 80
79 80
459 1919
1060 566
2782 2243
1919 2782
566 2782
1929 81
2739 82
83 3719
83 3036
83 2159
81 83
82 83
3154 1723
3664 561
3524 84
394 2344
84 394
1723 394
561 394
2341 2965
86 545
3231 85
85 86
2965 86
88 2138
2140 87
87 88
3024 3319
3712 3126
3712 2121
3712 495
89 3712
3319 3712
2689 91
3402 2273
2311 90
90 3402
91 3402
662 3587
662 2459
2445 92
371 2276
92 662
2276 662
94 2874
562 620
214 95
2353 1297
1042 93
95 94
620 94
1297 94
93 94
1773 96
1466 97
873 2892
96 873
97 873
2577 540
710 98
99 2578
540 99
98 99
390 100
771 1965
538 3168
538 2761
538 1071
100 538
1965 538
751 101
1811 1902
102 473
101 102
1902 102
1089 103
104 348
103 104
106 1559
838 105
105 106
3425 1780
420 107
107 3425
3401 109
110 1516
2837 108
108 110
109 110
680 631
1226 227
1192 111
3571 112
112 1226
111 1226
631 1226
114 2775
1633 113
3593 239
113 114
239 114
116 2708
2445 3080
2665 115
115 116
3080 116
117 1300
1108 1795
1795 117
119 3381
119 3315
1869 118
118 119
3795 1088
120 3557
120 2916
891 120
1088 120
1035 1950
2584 3440
2567 121
1950 2584
121 2584
3090 1025
2445 947
1360 1062
1062 3090
947 3090
2263 732
2737 2814
1628 299
732 1628
2814 1628
1681 2947
1607 122
122 1681
2207 124
1800 123
125 906
123 125
124 125
818 1293
127 3723
127 2691
127 2617
3217 821
1293 127
126 127
821 127
450 128
2361 249
2361 3294
327 2856
3789 129
129 2361
2856 2361
128 2361
2243 2361
132 3640
1801 130
356 131
130 132
131 132
1925 3199
1356 3544
1356 2438
1356 3329
1032 1335
1335 1356
3199 1356
2445 2213
3191 834
3191 3182
3191 2220
1119 133
3349 976
2213 3191
976 3191
133 3191
254 135
3598 134
3269 722
3269 3528
134 3269
135 3269
3228 137
138 330
138 742
138 1319
644 136
136 138
137 138
3593 139
3302 2511
3474 3302
139 3302
1610 2865
878 142
971 883
721 140
400 141
883 1610
142 1610
140 1610
141 1610
2257 143
3569 144
145 1273
145 3456
143 145
144 145
1740 147
170 146
681 2602
681 2422
146 681
147 681
1102 148
149 3764
3706 3475
2198 868
868 149
3475 149
148 149
2735 152
151 2399
151 1884
151 905
2140 150
150 151
152 151
1709 1452
2123 2124
2123 2693
2123 749
2123 514
2123 2050
1322 1249
1249 2123
1452 2123
1466 153
1573 1611
154 3237
153 154
1611 154
161 2114
1153 1729
2114 1153
1815 1153
2855 1658
814 155
156 3282
156 640
1658 156
155 156
2400 3382
353 157
158 247
158 2252
3382 158
157 158
2503 580
508 159
3762 160
160 161
159 161
580 161
1459 2435
162 988
3735 2596
2435 162
2596 162
911 163
1014 2460
931 3026
163 1014
3026 1014
1787 179
165 1096
165 2259
164 165
179 165
402 166
2312 2727
166 2312
1467 333
3530 167
2237 3164
3383 578
167 3383
3164 3383
333 3383
2351 168
2366 1881
1216 3414
168 2366
3414 2366
1882 676
170 1968
170 2047
170 2847
170 2176
170 2674
1449 169
169 170
676 170
1262 1719
838 171
171 1262
1797 1114
2551 2250
172 2743
1114 172
2250 172
229 1279
382 173
174 248
1279 174
173 174
2792 1215
1431 175
175 2792
443 2195
2180 177
603 3351
254 176
177 443
176 443
3351 443
180 1350
180 2581
3362 178
178 180
2798 1003
1076 856
3732 737
181 534
856 181
1003 181
737 181
1404 273
400 2505
1868 3449
2063 183
1763 182
273 400
3449 400
182 400
183 400
785 618
1320 2373
618 1320
2579 510
1076 184
441 3192
646 2324
184 646
510 646
3192 646
1926 934
3129 2545
3129 419
3231 1828
934 3129
1828 3129
3227 185
1744 186
2546 1804
2546 1806
2546 1464
185 2546
186 2546
1947 187
1330 188
189 862
187 189
188 189
3718 913
1466 2247
190 2536
913 190
2247 190
192 1469
1322 191
191 192
194 3048
194 1601
2654 193
193 194
2112 2383
1526 195
3464 1887
195 2112
1887 2112
197 579
196 197
198 1093
3450 199
527 198
199 198
1752 2420
3560 1357
3738 200
1893 230
1357 1752
200 1752
230 1752
3128 201
1979 759
2466 3358
201 2466
759 2466
3205 202
204 319
204 2754
204 2282
224 2009
270 205
205 204
2009 204
202 204
203 204
1211 206
1541 207
208 3215
208 3592
208 3405
206 208
207 208
1676 209
210 2982
209 210
1466 211
403 3021
211 1744
3021 1744
2669 212
214 1380
214 2794
214 389
214 697
220 213
212 214
213 214
215 509
921 3075
3075 215
2340 3603
2449 1596
216 2449
3603 2449
2445 219
220 3671
220 2125
2409 218
1761 217
219 220
217 220
218 220
2045 221
2057 223
221 224
223 224
2014 426
1260 832
3177 893
832 2014
893 2014
226 3698
226 3506
1945 225
225 226
1966 1204
1304 1445
1204 1304
227 1304
229 477
2445 2700
1985 228
2700 229
228 229
2083 1132
1431 231
231 2083
2837 698
3399 1935
3399 2831
698 3399
233 3435
1991 232
232 233
1109 234
2701 235
236 411
236 1266
373 1624
2872 237
237 236
1624 236
234 236
235 236
1523 3496
2981 3049
238 3521
3496 238
3049 238
242 2022
2612 2475
3388 240
3598 241
2475 242
240 242
241 242
2010 1150
812 985
985 2010
2880 1865
3325 468
243 1058
468 243
1865 243
2607 245
310 244
246 3076
246 2810
246 1540
246 2274
244 246
245 246
817 3343
247 817
248 817
3005 293
299 3005
249 3005
747 415
3629 253
2095 251
1171 250
253 747
250 747
251 747
822 1368
1832 2574
1368 254
2574 254
1075 2289
255 1517
2075 256
2289 255
256 255
2313 258
3200 3476
3106 257
257 3200
258 3200
626 2286
3024 516
1049 1080
516 1049
2286 1049
2407 260
2746 261
2447 259
1550 3451
261 1550
259 1550
260 1550
263 2457
263 2210
2391 262
262 263
554 3360
2445 265
2116 264
264 554
265 554
268 780
268 1562
268 3504
2673 267
266 268
267 268
2654 1358
3113 269
1358 270
269 270
2677 2219
271 765
429 1696
1696 271
2219 271
275 932
2172 3017
410 274
274 275
3017 275
657 276
1466 1802
2224 685
276 2224
1802 2224
278 2110
278 1663
2600 277
2948 1914
1893 1336
277 278
1914 278
1336 278
1758 279
1585 3318
1585 2026
903 1198
1198 1585
279 1585
687 3062
3148 280
280 687
2725 687
3316 456
3525 281
282 3180
282 2526
282 2514
281 282
456 282
2532 283
3298 284
283 710
284 710
287 3703
287 455
2445 285
1483 286
285 287
286 287
1496 3646
981 3516
3516 288
3646 288
1545 1054
1987 289
289 1545
3411 291
292 2961
292 2913
292 352
292 956
2254 1603
2132 290
291 292
290 292
1603 292
1894 2342
3553 2659
293 3553
2342 3553
3627 294
3012 295
2499 2773
2499 788
2499 3074
294 2499
295 2499
3088 297
1089 296
501 314
501 1410
296 501
297 501
2445 300
302 3736
302 2703
302 703
1252 298
1605 2963
300 302
2963 302
298 302
3499 3463
1095 1536
1095 2362
1869 303
303 1095
3463 1095
896 3489
2740 3344
3344 896
304 896
3081 3236
342 1188
2307 305
1188 3081
305 3081
308 709
1425 307
2454 306
306 308
307 308
310 990
2401 309
309 310
313 1577
2445 311
2758 312
311 313
312 313
1021 1077
315 1321
314 315
1077 315
317 2752
317 656
2445 316
2327 2840
316 317
2840 317
1006 377
377 3762
318 3762
1676 320
2270 489
319 2270
320 2270
1116 321
1801 3238
322 3752
3238 322
321 322
324 3586
2244 1315
323 324
1315 324
3119 879
2266 325
844 326
879 327
325 327
326 327
329 3794
1359 328
1899 3335
2970 480
330 329
328 329
480 329
3335 329
3782 332
331 2734
1260 1784
1784 331
332 331
335 1199
1530 334
2314 3366
3366 335
334 335
3270 2541
1027 336
813 2476
813 3484
813 1576
813 3501
2541 813
336 813
2091 1439
1974 337
337 931
1439 931
1040 1841
1343 2875
2944 338
432 339
339 1343
338 1343
1672 1343
1841 1343
1371 1555
2482 340
3593 2410
340 3593
1555 3593
1539 3798
3800 3761
1890 3801
2029 3419
3798 3800
3801 3800
3419 3800
2805 3800
2445 1642
1455 2980
1455 2490
2547 2520
2129 3797
1642 1455
3797 1455
2520 1455
3795 1059
1771 2653
2653 3795
903 2440
1758 3793
3792 2291
2440 3792
3793 3792
2194 3791
3790 3243
3791 3790
722 3790
1886 3206
3788 3468
3788 877
3788 2127
3206 3788
2892 3788
2445 3787
1377 3110
1377 2698
1377 2426
1503 3673
3787 1377
3673 1377
2364 1377
1708 674
3388 3061
3388 1157
3388 2818
3388 1352
3388 617
1108 3785
3785 3388
674 3388
3766 3783
921 872
3782 1829
3782 372
3782 1939
3783 3782
872 3782
3193 3781
797 860
3780 2102
3781 3780
860 3780
3298 3585
3778 2350
1608 3776
3585 3778
3776 3778
1074 3775
3257 1942
3775 3257
3602 3257
2445 3773
488 3774
3774 3770
3773 3770
3024 1593
3273 3519
3273 2616
3273 576
1593 3273
3418 3273
630 3769
2978 1302
2978 2738
2978 2197
3769 2978
3651 1871
3632 3668
3668 3651
2773 3651
723 2437
2749 2592
3764 2749
2437 2749
529 3058
1449 2670
2670 529
2549 3759
719 2015
3761 719
3759 719
3756 2844
3756 3765
1801 2097
2097 3756
2711 2854
2404 910
3755 2358
3755 2715
3755 2206
2854 3755
910 3755
2641 3754
751 2451
1159 2322
3754 1159
2451 1159
1371 1727
2030 3753
3751 1791
3751 596
3751 895
3753 3751
1727 3751
563 3027
563 2845
3519 563
1829 563
3748 1477
1992 2201
2461 3750
2201 3748
3750 3748
1380 3748
1122 3746
1440 3643
1213 3285
3746 1213
3643 1213
518 3745
3743 2212
3745 3743
3544 3743
1895 3742
3741 3221
3742 3741
2727 3741
2717 2819
2161 1219
2560 3740
2819 2161
3740 2161
2733 1796
2279 3737
3737 2733
1383 665
1466 2028
3063 2024
665 3063
2028 3063
2230 789
2632 2645
789 2632
3736 2632
2445 3073
844 1500
844 692
2951 3323
3562 1680
3073 844
1680 844
3323 844
3733 3409
3733 2903
1027 1944
1944 3733
2393 3733
829 3678
2476 3732
3678 3732
3064 2976
3064 2376
3064 2823
2752 3064
2024 3064
1229 3731
1466 1794
2284 658
3731 2284
1794 2284
2244 1309
2467 387
1793 418
387 1793
1309 1793
3401 3728
2537 2099
3728 2537
1011 3726
1512 2824
3726 1512
3723 1512
3721 3244
1021 1542
2654 3722
3722 3721
1542 3721
3716 2716
3167 3720
3720 3716
3719 3716
3713 1135
1255 3715
3715 3713
709 3713
911 3082
1924 3124
3711 2042
3124 3711
3082 3711
498 360
1981 1175
360 1981
1514 3007
1466 2637
1051 3102
3007 1051
2637 1051
2580 3710
1466 3105
3710 1541
3105 1541
1480 3709
2140 3006
1145 2605
1145 2411
1145 1362
3709 1145
3006 1145
917 764
2647 3704
764 3706
3704 3706
1271 2723
1466 816
3694 2483
2723 3694
816 3694
3517 3657
944 2292
2292 2313
3657 2313
475 3564
3701 3312
3701 2016
3703 3701
3564 3701
766 3700
3699 1081
3700 3699
2645 3699
2780 1185
3697 2039
2253 3020
2597 3696
3696 3697
3020 3697
3698 3697
1185 3697
1742 3692
3692 814
2228 2958
3053 1197
3690 3053
2958 3053
3666 2562
2562 2740
3687 2740
1709 470
942 1774
2999 1910
2999 3297
470 2999
1774 2999
3305 1164
3322 2993
3271 928
3181 2325
1164 2549
2993 2549
2325 2549
928 2549
2461 3439
2353 1387
2353 1421
2353 2205
1992 1434
3439 2353
1434 2353
2067 2068
1282 3289
1282 2651
1282 799
2068 1282
2601 3172
2601 435
2601 1170
2601 1083
1771 2962
2962 2601
3683 2601
363 3681
3680 1308
3680 3022
1633 3682
3682 3680
3681 3680
2622 1160
1466 3679
3077 2870
1160 3077
3679 3077
3231 1151
3231 2593
3231 405
1787 3677
3677 3231
797 2627
3763 998
513 1254
513 1748
998 513
2627 513
1206 3241
1206 2925
1206 2902
1374 3675
3675 1206
3282 1206
3676 1206
2064 3796
3672 3512
3534 1590
3796 3672
1590 3672
3270 864
3669 3270
1526 3667
3224 3561
3667 3666
3561 3666
3548 3159
3336 1521
3159 3336
3632 2073
2073 1890
788 1890
3318 1890
2154 1276
921 3665
3665 2154
3137 801
2371 3573
3664 3607
3664 505
3664 1584
801 3664
3573 3664
3674 3663
3662 2374
2175 3661
3663 3662
3661 3662
647 3478
2445 1461
1084 474
1461 647
474 647
3656 1571
1634 3658
3659 3656
3658 3656
2917 3655
1714 2153
1043 3527
1043 3140
1043 2660
1043 589
1043 1400
2023 344
3288 3654
3654 1043
344 1043
3655 1043
2153 1043
1444 1355
2516 3497
3497 3464
1355 3464
1006 3653
3400 1646
3650 1645
3652 3650
1646 3650
3653 3650
731 3649
2091 3084
3648 1782
3649 3648
3084 3648
3647 1340
3215 3647
2796 1736
2796 2888
2445 761
1548 3645
761 2796
3645 2796
3644 1629
2445 1408
1741 2143
2143 3644
1408 3644
802 3261
2689 2011
2689 2352
2689 1578
3261 2689
2536 2689
2770 3642
3641 2563
3277 3331
3331 3641
3642 3641
1812 1564
3466 3032
3640 1192
3032 1192
1564 1192
838 1674
3638 2088
3638 2594
3638 2182
1935 3638
1674 3638
1310 3637
1466 3346
2595 1010
3637 2595
3346 2595
2855 2713
2948 3057
2948 3311
1742 3214
3214 2948
2713 2948
3227 664
2445 3636
1567 497
3636 3227
497 3227
2445 2799
3632 636
3240 3634
1742 734
2799 3632
3634 3632
734 3632
2098 3103
792 3631
472 1946
3103 3789
1946 3789
3631 3789
2887 1291
2566 2742
2566 1931
1536 2566
1291 2566
2834 3162
3628 3295
1273 3628
3162 3628
3121 1039
2383 3121
3625 3121
1639 2827
1991 3623
3725 3559
2827 3725
3623 3725
486 3619
2764 1907
2240 3621
3619 2764
3621 2764
3620 2764
897 3618
2944 3550
2944 3498
1736 2944
3618 2944
1925 2907
523 3616
3615 945
3615 994
2907 3615
3616 3615
3611 3300
3611 597
2180 3613
2612 3614
3613 3611
3614 3611
3061 3611
2237 2147
2545 909
2147 909
3610 1178
901 940
940 3610
3739 2939
630 3596
490 3495
3495 3739
3596 3739
1664 3533
3609 1382
3609 519
3300 3609
3533 3609
3125 859
3607 3125
3606 3563
3606 912
3606 2414
3606 611
3606 1369
3057 3606
3605 1631
2445 3369
1280 3431
1588 1518
3369 3605
3431 3605
1518 3605
1384 1856
1819 3604
1530 1341
3604 1384
1341 1384
432 3601
3549 2508
3768 2795
3768 388
3601 3768
2508 3768
3481 1313
3481 1443
2445 2991
823 3600
2991 3481
3600 3481
1027 3599
3599 1119
3598 2472
3598 632
1987 3067
3067 3598
3595 3598
1089 2945
1089 1446
1089 1015
1089 1001
1607 3590
3592 1089
3590 1089
3258 3583
3580 2977
3587 3580
3583 3580
1708 3579
2686 3135
2686 1612
3579 2686
3379 1411
2470 3578
3576 1294
3576 1373
1411 3576
3578 3576
2489 1278
3574 2846
3574 2873
3036 3574
1278 3574
2767 3572
3626 612
3499 3384
3499 1296
3572 3499
612 3499
3228 2868
2240 398
644 3570
1087 3568
3568 3569
2868 3569
398 3569
3570 3569
2896 952
3571 3566
469 3372
952 469
3566 469
3560 1824
3560 639
2673 3565
3565 3560
3563 3560
2285 1447
2649 3284
1447 2649
3559 2649
3558 1833
2848 3187
2554 1326
3187 3558
1326 3558
2841 1311
3556 1390
3556 621
2603 1912
1912 3556
3557 3556
1311 3556
3461 3555
521 536
3555 521
640 521
1526 2202
1551 567
786 967
786 2232
567 786
2202 786
2076 2558
448 3552
3552 2076
3405 2076
1222 3551
1466 3222
2571 1883
3551 2571
3222 2571
1886 820
2445 499
919 3190
499 1886
3190 1886
3347 3549
3550 3549
818 1781
1964 2879
410 2233
3208 3584
1781 1964
2233 1964
3584 1964
2180 3547
2957 1825
3542 706
2612 3546
3546 3542
1825 3542
3547 3542
2445 3539
1107 2152
1107 446
1107 1561
1492 3724
3539 1107
3724 1107
1559 1107
565 1450
1431 1589
1589 565
3537 3786
3537 811
3688 3249
2834 3538
1522 768
3308 3537
3249 3537
768 3537
3538 3537
1250 2227
1597 3535
2227 3534
3535 3534
1284 3531
2025 1064
1082 1435
3531 1082
1064 1082
3530 3491
3530 3130
3530 3108
3530 341
2844 3530
3372 3530
3035 3529
3524 752
3524 1244
3529 3524
3527 3524
1855 1637
3522 1504
3320 430
3184 3523
3521 3522
1637 3522
430 3522
3523 3522
2816 937
3520 3567
937 3520
3230 2271
1190 1413
1615 3340
1615 1117
2271 1615
1413 1615
2864 2990
3518 2386
3518 1286
829 3281
3281 3518
2990 3518
1332 370
1677 2053
2053 3517
370 3517
1599 1361
3271 3515
3515 1599
3513 3153
2445 3428
1743 1892
1892 3513
3428 3513
3507 2843
570 1666
444 3509
3509 3507
1666 3507
2374 3507
2424 2303
798 2035
1676 3266
3266 798
3506 798
2303 798
1425 2726
3283 2378
2623 3505
3505 3283
2726 3283
3502 3387
3502 739
2445 3503
1770 3112
3503 3502
3112 3502
2400 925
2445 3500
1715 1655
3500 2400
1655 2400
3455 1847
1042 805
3498 3455
805 3455
3493 615
1371 569
3350 3494
3494 3493
569 3493
1926 920
3490 1307
3491 3490
920 3490
3024 2464
2464 2175
3489 2175
3298 2922
767 2458
767 2060
3313 1085
1085 767
2922 767
506 2606
2445 3176
1906 3488
1630 3380
3176 506
3380 506
3488 506
575 504
1831 3486
3417 652
3486 575
652 575
2385 3407
3629 1623
3407 3629
3484 3629
1526 1705
1526 433
2954 3482
3482 1526
2600 3134
1378 2975
1385 1378
3134 1378
2445 3480
738 3296
738 3092
738 1463
1422 1146
3480 738
1146 738
509 738
1509 2850
3450 2515
2621 1661
2515 1509
1661 1509
751 3473
3362 3479
3472 1863
3472 1120
3479 3472
3473 3472
607 3471
1035 2591
1035 1324
1577 1035
3471 1035
472 950
3136 1816
950 3136
3468 3136
3348 599
3467 3398
2231 351
599 3467
351 3467
942 1538
1322 2634
2634 942
3465 3292
2445 892
1407 364
364 3465
892 3465
2554 3462
3461 1419
3461 3635
3462 3461
746 3707
369 3460
912 746
3460 746
381 837
381 1427
2445 2644
1487 1932
2644 381
1932 381
1760 3196
3196 3240
2445 3459
1753 1287
1287 1265
3459 1265
3143 3454
1549 1862
3453 2046
3453 2164
3454 3453
1862 3453
3738 3452
1975 2624
1750 1779
1779 1975
3452 1975
3450 2682
3450 2544
1740 2666
2666 3450
785 707
3447 1515
3448 3447
707 3447
1643 3445
1466 3444
1716 2772
3445 1716
3444 1716
2837 3443
1926 3101
1926 2590
838 1853
3443 1926
1853 1926
2107 1974
2168 1974
1501 2575
2266 1208
2266 357
3442 2266
2575 2266
3526 3441
3211 2403
3441 3211
3440 3211
3438 2885
459 1316
1500 3438
1316 3438
3436 796
2171 3437
1790 2308
3437 3436
2308 3436
2445 3433
1597 1474
1597 2441
2402 2504
3433 1597
2504 1597
3435 1597
2104 546
3378 2849
932 2104
2849 2104
590 2815
1176 2611
3429 3332
3429 997
3429 2416
2815 3429
2611 3429
3627 2898
2445 3427
1053 3424
3427 3627
3424 3627
2711 2434
1844 870
3173 2173
2173 1844
2434 1844
3457 2949
2780 3421
622 1372
3421 622
2949 622
1620 2254
3416 2254
630 3412
1682 2683
2683 3411
3412 3411
3409 2864
346 1031
2445 1860
1367 3117
3117 346
1860 346
3404 1861
3404 951
1756 3408
3408 3404
3543 1301
3401 2540
3387 3401
1301 3401
3391 2806
3400 1581
3400 1454
1759 3400
2806 3400
762 3397
587 3396
2320 3727
2771 1017
2771 2080
3396 2771
3727 2771
3398 2771
3397 2771
2583 3395
2629 3394
729 2883
2000 3390
2071 729
3390 729
3395 729
3394 729
2258 2056
1466 835
2056 3543
835 3543
802 3385
1896 2863
1882 530
1882 2413
3385 1882
2863 1882
1582 1858
1431 2061
3771 2226
2061 3771
1858 3771
1351 1195
1351 3545
3384 1351
3381 1351
1924 2690
3379 3068
2690 3379
1157 3379
3376 2650
2477 1718
2067 740
1718 3376
740 3376
830 3374
3373 1458
3373 1867
3150 3327
3374 3373
3327 3373
1592 2331
3375 2222
3375 962
3375 1342
2391 3353
3353 3375
2331 3375
1466 2199
2618 1602
2199 3012
1602 3012
3371 2648
1741 362
362 3371
2323 1126
1652 3368
3368 2323
2145 2604
402 3367
2677 627
2604 2872
1856 2872
3367 2872
627 2872
2711 2431
3365 2987
771 2731
2431 3365
2916 3365
2731 3365
2445 3363
2230 1938
2230 2895
2496 1386
1331 3122
3363 2230
3122 2230
1386 2230
3362 3341
3362 1465
901 2319
2319 3362
1791 3362
2711 3359
1486 2126
3359 1486
3358 1486
2404 1144
3357 613
3104 3016
3016 3357
1144 3357
2445 3354
1275 3355
3355 3350
3354 3350
2013 1648
1769 3758
1648 3348
3758 3348
702 3209
650 485
3209 650
3343 650
3339 774
3341 3339
3340 3339
2565 3483
1466 1182
3483 3337
1182 3337
441 1726
2577 3577
3577 441
1350 441
829 396
2641 3617
396 2641
1576 2641
785 550
2067 2613
2067 436
1338 3334
3334 2067
550 2067
2389 3031
1108 1140
1140 2389
1925 2428
2428 702
3332 702
1783 3109
3251 2218
3512 1783
2218 1783
885 2390
2968 3330
988 885
3330 885
356 2174
3571 1952
3328 2473
2174 3328
1952 3328
3321 2585
2942 3326
3326 3320
2585 3320
1371 3317
3314 3767
3314 2396
3314 2003
3153 3314
3317 3314
1811 1137
3313 1370
3617 3313
1137 3313
2841 3054
2395 2829
2829 2841
3076 2841
1768 1412
2408 3242
1412 2408
3311 2408
2573 3310
3310 1228
1371 2332
1389 3309
847 345
3309 847
2332 847
1116 2959
1116 1481
1096 1116
1302 1116
3101 1116
2406 3307
3305 2695
3307 3305
1308 3305
2078 3303
1283 3301
2491 1046
3303 2491
3301 2491
1478 3299
2105 2188
1918 3532
3532 2105
3299 2105
983 2105
2040 391
3296 2040
2591 2040
2878 989
3295 2878
3294 2878
454 3541
3293 2480
3541 3293
3244 3293
2506 1121
3289 3288
1121 3288
3148 1267
3287 3029
3287 2821
3287 784
1832 606
606 3287
1267 3287
1722 3280
1801 568
1424 3279
3279 1801
3280 1801
3284 1801
2987 1801
390 1805
1063 2186
2852 890
1805 1063
890 1063
2830 3278
1945 992
1008 2005
3278 1008
992 1008
531 1875
3277 2899
3277 2087
455 3277
1875 3277
736 3247
834 3271
3247 3271
2447 3268
1057 869
586 1363
1363 1057
3268 1057
3123 3267
2884 2101
2685 3415
2101 2685
3267 2685
2704 3264
1790 3265
677 2983
677 1671
677 2343
3265 677
3264 677
553 3260
3038 3259
3260 373
3259 373
2117 629
1466 1525
629 3258
1525 3258
886 1614
716 494
3316 3747
3316 673
1614 3316
494 3316
1530 1111
3255 1980
1708 3256
3256 3255
1111 3255
2445 3145
2445 726
2445 3055
2445 2248
2445 2984
2445 2971
2445 3093
2445 439
2445 2781
2445 3232
2445 2706
2445 2388
2445 2679
2445 1130
2445 3223
2445 2468
2445 2142
2445 2235
2445 374
2445 385
2445 876
2445 953
2445 1936
2445 1878
2445 3234
2445 1257
2445 1493
2445 1735
2445 959
2445 584
2445 602
2445 1203
2445 717
2445 2357
2445 1242
2445 782
2445 1583
2445 1870
2445 1699
2445 1106
2445 1908
2445 1737
2445 1468
2445 1375
2445 1786
2445 1751
2445 2236
2445 3686
2445 1675
2445 3274
1466 3254
3254 2445
2970 2676
3228 3253
3253 3251
2676 3251
3065 2956
3250 836
2287 3245
2956 3250
3245 3250
603 2934
2008 1510
3243 2008
2934 2008
1616 1988
3242 1616
3241 1616
3118 3239
3235 977
3239 3235
3237 3235
1448 3233
3233 3230
699 884
1012 3226
3226 3224
884 3224
1819 3248
1831 3220
3248 1109
3220 1109
1938 1109
3221 1109
2172 3219
2000 3705
3705 3217
3219 3217
2203 3207
2115 601
2564 3212
1149 3210
415 2115
3207 2115
3212 2115
3210 2115
3133 3630
2480 3205
3630 3205
2351 2681
3204 2351
1220 3202
3203 1436
2859 1923
1923 3203
3202 3203
3198 972
751 3170
829 3730
3730 3198
3170 3198
1465 3198
3501 3198
715 3194
3115 1196
586 2359
2359 3115
3194 3115
2189 2745
3193 693
2745 3193
3321 1016
3571 3189
1016 3184
3185 3184
1382 3184
3189 3184
2506 1264
3183 2506
1861 2506
736 2914
3182 3181
2914 3181
3236 626
3180 626
2425 3178
1532 887
887 2231
3178 2231
757 2370
1235 3091
672 3477
3091 672
2370 672
2954 1626
2616 3177
1626 3177
390 3175
378 3470
3175 3173
3470 3173
3166 2861
3457 3169
3168 3166
3172 3166
3169 3166
3171 2293
1466 3165
2763 1066
2293 2763
3165 2763
1592 3163
2391 2614
2548 3138
2548 1638
3163 2548
2614 2548
1021 3161
2367 2278
3160 1839
2278 3160
3161 3160
3157 2255
1832 3158
3158 3157
603 2997
2180 2960
3156 3420
3156 2835
3156 1949
2789 970
970 3156
2997 3156
2960 3156
1036 2109
3466 564
2109 3466
2088 3466
1664 3155
3154 500
3155 3154
859 3154
414 1963
1819 2705
1897 2938
1963 1819
2938 1819
3152 3094
3152 2876
3152 476
3457 2836
2836 3152
1592 3151
2391 2678
3151 3150
2678 3150
3144 2462
2184 3147
3147 3144
3145 3144
2528 2672
3321 1346
1329 803
2672 1329
1346 1329
3799 3141
2417 2306
3141 2417
3140 2417
2185 3393
3139 2625
2624 3139
3393 3139
1127 3137
3138 3137
1108 1745
2957 1717
3135 2957
1745 2957
1852 2927
917 3272
840 1838
3272 840
2927 840
1765 3132
3356 1103
3130 3356
545 3356
3132 3356
2730 2692
2517 718
1709 2857
2692 1709
718 1709
3128 2797
3128 2037
1456 3128
945 3128
2212 3128
1201 2196
3575 1325
2196 3575
1833 369
3127 369
3126 3123
3747 3123
2124 3123
1060 2038
3119 1586
459 3120
2038 3119
3120 3119
917 2615
917 1112
917 3633
603 1285
1285 917
3118 3693
1557 733
726 3118
733 3118
2897 3116
1652 3114
3113 1579
3116 3113
3114 3113
2198 2170
2170 3799
3420 3799
3322 3014
609 3304
3304 3322
3110 3322
3044 3107
3109 587
3107 587
3066 2807
2925 3106
2807 3106
1211 651
651 410
3102 410
3047 3100
1466 2820
3100 1176
2820 1176
728 1288
1771 3098
3098 728
2608 1703
2886 3097
2189 824
2189 1826
2189 701
2741 3096
536 2189
3096 2189
1703 2189
3097 2189
3095 776
1263 2766
2766 3095
3092 3095
3088 453
465 3089
3089 3088
1230 3087
1466 688
3086 1667
3087 3086
688 3086
1371 3079
520 3085
1758 2272
3085 1758
3079 1758
3072 3019
3074 3072
2272 3072
2834 2085
2085 2737
1201 907
1201 3446
1274 3071
3071 1201
1388 393
3069 2918
393 3069
2693 3069
2655 938
3068 2075
938 2075
1097 1683
1683 3065
3062 3065
2953 559
2953 1994
2953 849
2953 2283
1418 3060
3055 2953
3060 2953
3058 2953
2603 3052
3054 518
3052 518
3324 3050
2048 2348
3050 2048
2273 2048
3045 633
3045 711
1947 2748
2748 3045
3048 3045
2429 1961
2885 3044
1961 3044
2952 2427
1251 3043
3043 2952
2248 2952
386 3041
2728 3039
3041 3038
3039 3038
1924 2405
3689 3037
2405 3035
3037 3035
2198 3030
354 2862
3030 723
2862 723
2188 723
838 1813
2341 3777
2831 2341
1813 2341
1075 1037
1075 2478
1075 1547
1075 1973
3029 1075
3028 2534
487 1996
1996 3028
1835 2561
3702 1600
3027 3702
2561 3702
1772 431
1772 2355
2026 1772
1871 1772
648 1393
2989 2501
2661 3025
796 2989
3025 2989
1393 2989
3024 2908
713 1732
1732 3024
2275 1472
2406 3013
3013 2275
3014 2275
3022 2275
1361 2275
1466 1527
1575 3010
1527 3626
3010 3626
1467 3008
3004 423
1747 3009
3009 3004
3008 3004
3003 1891
1223 3003
1968 3003
716 3001
3001 3000
2770 1572
1572 2045
2998 943
437 649
1788 2996
649 2998
2996 2998
487 1982
1165 2994
2954 1566
2121 487
2994 487
1566 487
2336 1591
3246 2988
2783 1962
1591 2783
2988 2783
2973 1627
1072 2986
2986 2973
2984 2973
2597 1818
2983 2597
2982 2597
1797 2979
2980 1074
2979 1074
1030 2664
2977 2664
2857 2974
2976 2974
2970 2335
1354 2972
1237 744
2971 2970
744 2970
2972 2970
2969 491
2395 2636
2636 2969
3094 2969
1951 2912
2787 3201
3201 1951
2858 1951
481 3772
3772 2968
1816 2968
1371 2967
1692 2485
414 445
414 552
2485 414
2967 414
713 1901
713 3083
713 1960
3377 2191
2191 713
2159 713
1433 2964
2855 871
2898 2855
2964 2855
2729 694
2729 1118
2961 2729
2959 2729
2955 2177
1800 2531
2531 2955
2954 1476
921 902
902 2954
434 2954
1733 1013
1013 2951
1721 2950
3093 3208
2950 3208
2947 3208
2946 380
2046 2946
2945 2946
2503 1885
2074 927
1885 2074
1581 2074
3548 2943
2981 2349
2943 2942
2349 2942
2937 3487
2937 1156
772 908
908 2937
2941 2937
2939 2937
2404 1253
1986 1090
1253 1986
418 1986
3306 1200
1032 2935
2935 3306
2932 2832
2932 1023
1094 406
683 2933
2102 2932
406 2932
972 2932
2933 2932
3548 2269
496 2869
2931 2156
2269 2931
2869 2931
1513 2930
2926 2995
1788 2928
1068 2926
2928 2926
2930 2926
431 2926
2185 2891
2923 2072
2975 2923
2891 2923
2919 2481
1552 2921
2921 2919
448 2523
3143 3581
2523 3143
2915 1594
1991 1125
1125 2915
3548 2033
3752 3548
2913 3548
2171 2141
2171 2070
2148 2910
1827 2909
2909 2171
2910 2171
3415 2171
2912 2171
829 2012
2532 793
2532 1403
2012 2532
2903 2532
3597 572
588 926
2908 3597
926 3597
1693 2209
3487 1216
2209 1216
2906 2442
2906 1180
752 2906
2222 2906
461 1430
2936 1997
2108 2905
2905 2936
1430 2936
2901 1214
1497 2471
2471 2901
2381 2900
1836 1937
1474 1836
2900 1836
2899 2897
1831 1762
2894 2318
2895 2894
1762 2894
502 2893
2893 2890
504 2890
1747 1473
2889 2134
3108 2889
1881 2889
1473 2889
1808 2710
3167 1879
2888 3167
2710 3167
2880 2822
1558 2882
2879 2880
2882 2880
2883 2880
2743 2880
1511 3389
2877 1142
3389 2877
2687 1644
2876 2852
1644 2852
2724 2380
1724 2866
1724 2354
2380 1724
1477 1724
2875 1724
2874 1724
961 2004
559 961
2011 961
2638 2871
2867 2786
2867 1154
2871 2867
2870 2867
2866 1011
2797 2859
2861 2859
2059 1318
1563 1983
1983 2059
2047 2059
2853 556
2920 2851
776 2853
2851 2853
2363 880
3046 1707
1707 2363
439 2363
2850 2848
2847 2848
1252 1990
1987 1187
1187 1252
1260 1535
1835 2842
2842 1260
2846 1260
2845 1260
2098 2838
2246 2479
1653 2839
2838 2834
2479 2834
2839 2834
2830 2294
489 2830
2832 2830
2825 2288
643 2828
808 2826
2781 2825
2828 2825
2826 2825
1495 438
2824 1495
2822 1495
2454 712
2454 946
2821 2454
2818 2454
2816 1348
1417 1061
2031 3361
1061 2816
3361 2816
2813 1754
1607 660
660 2813
390 2811
1205 1625
2811 1205
2810 1205
2543 3684
3767 2543
2804 2543
2704 809
1698 2802
3133 1660
2017 2803
2802 2704
1660 2704
2803 2704
829 2800
867 2801
2801 2798
2800 2798
2728 3612
402 2699
402 1972
386 2718
3612 402
2718 402
1248 2256
667 1956
2794 667
1463 667
2795 667
2256 667
2793 2642
2793 696
2095 889
889 2793
562 2302
2790 1169
2302 2790
2791 2790
2158 645
2573 2788
2788 2158
2786 2158
422 3149
3149 2623
2613 2623
2780 2135
2780 2338
3571 2784
2784 2780
1712 2474
2777 1306
2474 2777
2775 2777
898 2774
2770 2337
2774 2770
2772 2770
460 775
2769 483
775 2769
869 2769
519 2981
3738 2768
2765 1669
2176 2765
2768 2765
1789 2760
1466 2759
2346 1668
2760 2346
2759 2346
1622 828
828 2467
2135 2467
845 2757
1087 2234
1087 2118
1250 794
2757 1087
794 1087
603 1168
1756 3333
3333 603
3146 603
2150 2755
2095 2450
2095 684
2755 2095
2754 2095
3760 1152
1449 3660
3660 3760
1163 3218
1449 2753
2887 1502
3218 2887
2753 2887
1750 395
852 1665
395 1332
1665 1332
2735 2751
2751 1480
1893 1247
1740 2750
3763 1757
1824 3763
1247 3763
2750 3763
440 2747
2058 2741
2747 2741
1420 3430
1466 1133
3430 2739
1133 2739
2305 2398
2738 2237
2398 2237
1221 2239
1916 2736
2735 745
2239 2735
2736 2735
1440 3370
1837 2006
2181 3186
3186 1837
3370 1837
3786 1837
2730 2812
966 2732
3232 2730
2732 2730
1371 1955
2728 1876
880 2728
1955 2728
1976 2639
1956 2724
2639 2724
2721 2717
2716 2717
2368 641
1549 2714
2714 2368
2711 2375
2711 1333
2711 1453
1991 2712
997 2711
2712 2711
1506 2707
2707 1389
2706 1389
3417 555
2699 2701
2703 2701
2705 2701
555 2701
594 2160
609 2696
2695 594
2698 594
2696 594
451 2694
2694 3325
2691 3325
3586 2687
2037 2687
854 2684
1466 343
2052 1050
2684 2052
343 2052
2767 2316
3639 547
2388 2767
547 2767
2682 1563
3476 1563
2677 3622
522 2680
2679 2677
2680 2677
3031 2677
2674 2673
2663 3131
1371 2668
857 2671
2671 2663
2668 2663
2658 2092
1664 2494
2660 2658
2494 2658
845 2657
1686 770
2381 2193
2193 1686
2657 1686
2655 2384
2655 1971
1717 2655
778 3070
3070 1714
2651 1714
1425 2646
2650 2647
2646 2647
2638 1056
1451 2640
1130 2638
2640 2638
2633 1070
1756 2635
2635 2633
2172 2630
2631 2629
2630 2629
1110 368
2570 974
368 2336
974 2336
1108 2628
2262 760
1612 2262
2628 2262
2625 2621
2902 2621
2620 1738
1869 1491
1491 2620
3688 1460
1894 2619
2619 3688
2617 3688
1037 2612
2615 2612
363 3051
1713 1532
3051 1532
2609 763
777 2610
2610 2609
2606 2609
435 2603
2605 2603
2602 2600
3432 2599
1466 2598
2576 471
2599 2576
2598 2576
1151 1765
2594 1765
2589 1131
2589 2200
2593 2589
2590 2589
2551 2587
2583 1391
2583 1002
1797 2586
2587 2583
2586 2583
1640 1778
1431 2643
2643 1640
2329 2582
2582 2025
2579 2081
2581 2579
2578 2579
1426 1701
1281 2722
3223 1263
1701 1263
2722 1263
1112 1102
2378 1102
754 3729
2573 1695
3744 2573
3729 2573
1662 2572
2570 2432
2570 3392
2572 2570
2421 2570
810 781
692 810
1208 810
2307 1155
2307 1954
2568 2307
1705 2307
2563 2560
2558 2560
2556 1191
1190 2557
2557 2556
592 2216
2554 655
2554 2300
440 2260
2260 2554
2216 2554
1482 452
452 1426
898 2552
1415 1034
2551 2084
2552 2551
1034 2551
1652 2550
2550 2547
1898 957
579 1898
2544 1898
1710 2542
2542 1787
2540 1787
342 2539
2533 1379
2539 2533
2534 2533
1173 2530
2528 583
2033 2528
2530 2528
2521 2187
850 2524
2526 2521
2524 2521
3674 479
3674 3386
3674 1069
3674 924
749 3674
1608 1998
2519 686
867 3195
1998 2519
3195 2519
1992 503
503 2920
3671 2920
1289 2518
1466 2785
2518 2517
2785 2517
2734 2516
2514 2516
1241 2513
2268 637
2513 2268
1540 2268
1019 2509
1323 2507
2507 2503
2511 2503
2509 2503
444 800
2498 2756
2069 2502
800 2498
2502 2498
2501 2498
1444 758
2918 2340
758 2340
1832 2497
2497 2496
1371 2492
2465 2493
1448 753
1448 2529
2493 1448
2492 1448
2489 954
3377 2778
2778 2489
1810 2488
1466 638
2486 841
2488 2486
638 2486
1929 2484
1042 654
2484 1042
2483 1042
2478 2477
2460 2477
2470 577
2472 2470
784 2470
2469 1609
1733 960
960 2469
1328 2133
2133 2465
2468 2465
2463 619
1428 3229
3229 2463
1371 1134
592 1073
2462 592
1134 592
3594 2495
2461 1877
2812 2461
2495 2461
2459 2567
1580 2567
1076 2455
1978 1044
2455 1978
2350 1978
2458 1978
3708 1395
3708 724
2182 3708
3685 2453
3426 843
3276 2808
3276 1814
2390 3276
843 3276
2453 3276
2452 3276
600 2667
1920 2448
2448 1149
2667 1149
2450 1149
3133 1181
1181 2447
1166 2447
609 2444
736 2446
2446 1712
2444 1712
2027 1842
2442 2027
2381 1531
2240 467
2240 2522
1531 2240
2441 2240
2720 3691
1466 1128
2809 1873
3691 2809
1128 2809
2358 1722
2411 1722
2438 1722
2430 666
2432 2430
2457 2430
792 1339
1339 2429
2152 2429
2426 2425
2220 2425
2185 2423
2423 944
2422 944
2420 2608
2418 2608
3589 875
2396 3589
2416 1639
2415 1809
1710 2151
2151 2415
1967 2330
955 1485
2414 955
2330 955
2406 996
2410 2406
2130 2406
2317 679
2403 2317
1847 2317
2401 1345
2252 2401
2142 2401
2395 1874
1170 2395
2399 2395
2929 2394
2392 1423
2394 2392
2054 2382
2386 2385
2382 2385
590 963
963 2381
685 2381
2377 2588
1428 2379
2379 2377
2376 2377
1338 2034
2373 2023
2034 2023
2391 2372
906 2371
2372 2371
2367 2190
2367 1889
1652 2369
2369 2367
2087 2367
2365 1498
2365 1299
1033 549
2235 2365
549 2365
1740 2295
639 3066
2295 3066
2362 3066
1466 1277
1694 2360
2860 3023
1277 2860
2360 2860
863 1948
1948 2029
2352 2029
1994 2029
2355 2029
3457 1113
3571 2339
1241 1970
1113 1241
2339 1241
342 1845
342 968
341 342
694 342
352 342
1437 730
1466 1052
730 382
1052 382
3131 2287
345 2287
1246 625
625 444
866 1977
440 978
978 866
1635 659
1466 347
350 407
659 350
347 350
2242 2697
2697 3263
2742 3263
1371 2966
2708 1708
2966 1708
863 3510
2347 1941
3510 1513
1941 1513
2004 1513
1268 1767
1466 725
1767 353
725 353
3148 478
478 822
1710 1730
1634 457
1634 1366
2099 1634
1730 1634
2404 1647
356 1958
771 355
1622 1305
1305 356
1647 356
355 356
2375 356
1060 2106
357 481
2106 481
1569 3608
1466 427
3608 754
427 754
359 1817
2091 855
855 359
2022 359
363 2281
3286 361
374 363
361 363
1191 363
1047 2065
1425 1004
365 827
1004 365
2065 365
367 1243
1924 366
2789 2304
366 367
2304 367
416 1124
695 2702
2702 416
1165 532
532 2884
372 2884
495 2884
473 2577
1117 2577
2322 2577
476 378
1436 378
1428 375
375 2409
448 1409
2017 2345
2017 1099
2017 1604
1549 376
1409 2017
376 2017
2746 3099
2079 807
2992 1009
3099 2992
380 2992
807 2992
524 825
1999 384
384 524
1352 524
386 918
1556 1704
1392 447
385 386
447 386
1704 386
391 1894
389 1894
1387 1894
388 1894
1845 1551
3312 3378
2084 3378
771 1619
1957 1295
1295 1979
1619 1979
1530 399
3622 1554
399 1554
404 1851
1186 624
2277 404
624 404
3298 1843
751 1524
1524 3298
421 900
440 558
558 421
490 904
405 490
1395 490
1313 2172
407 2172
1143 1598
2244 2178
1622 409
409 1143
2178 1143
417 941
411 417
1421 1040
697 1040
2995 1539
2291 1539
419 1036
423 1036
1110 1038
3391 1148
3391 3458
2245 425
1038 3391
666 3391
425 3391
515 916
1444 1654
2787 507
507 1444
1910 1444
916 1444
778 1298
628 428
3633 778
428 778
562 1499
654 432
1499 432
1957 493
1984 982
1390 1984
493 1984
2569 1479
1782 2569
436 2569
3693 437
1668 437
438 1019
2169 1019
1466 2719
604 442
2719 1433
442 1433
980 1846
445 980
1876 980
2098 1687
2246 839
839 450
877 450
446 450
1687 450
3714 3188
390 979
637 3714
979 3714
1497 2487
2487 3225
1698 1915
1915 454
453 454
2002 517
876 1992
517 1992
1538 1992
2225 936
2225 2310
904 2225
457 2225
3056 3588
3588 1186
3684 1186
1905 458
1261 691
953 459
691 459
458 459
2833 1953
1466 462
1953 1501
462 1501
464 3525
3174 3525
1549 2412
465 526
465 2215
3581 465
2412 465
1656 1570
845 1147
1250 466
467 1656
1147 1656
466 1656
472 2249
739 472
471 472
1239 2301
1466 1317
2301 475
1317 475
460 3403
1601 460
862 460
1138 1494
1936 802
1494 802
479 2787
2873 2787
958 1568
2020 3540
601 958
3540 958
1371 741
1031 785
741 785
2661 1792
483 2661
2164 2661
486 1799
1359 484
484 486
2335 486
779 1202
1202 2030
1878 2030
1086 2019
2843 1086
2756 1086
492 2280
621 492
491 492
412 616
2274 412
1803 1917
1466 3011
1917 3345
3011 3345
1022 3511
3511 1284
3234 1284
2221 408
498 1697
1244 498
1458 498
408 498
901 3290
3290 642
630 1337
1337 772
1366 772
1177 3492
965 1484
485 1177
1484 1177
2298 1227
2306 2298
500 2298
505 2298
1440 1471
811 508
1471 508
2535 2103
2057 511
511 2535
1024 1327
1024 1989
1402 512
1257 1024
512 1024
3315 1024
1600 515
514 515
1388 1184
967 1388
576 1388
1391 818
2214 818
2433 894
894 520
1493 520
1888 2108
712 2108
523 1632
1032 1139
1139 523
1371 525
3197 1636
1636 1831
525 1831
648 3018
1196 648
526 648
528 2241
1266 528
1148 528
1296 708
530 708
2424 2208
1676 537
539 2149
2208 539
537 539
542 1028
541 542
2072 542
2131 543
543 2482
1735 2482
771 2211
548 1272
2211 548
613 548
3216 3779
635 551
3779 2013
551 2013
1623 2564
824 2564
2642 2564
1897 2436
1972 553
552 553
2436 553
557 2397
556 557
1169 557
1156 1747
2681 1747
1290 560
959 562
560 562
954 562
1812 1821
568 680
1821 680
564 680
2391 3252
757 2688
1962 757
3252 757
2186 3104
1333 3104
861 1534
3377 2290
2290 861
3386 570
572 570
591 1236
574 1399
1069 574
1236 574
2194 3410
577 2194
2384 2194
2001 581
1466 582
581 897
582 897
812 1312
583 2036
1312 2036
670 1065
2015 1323
1065 1323
1472 1323
2160 1323
1884 390
1798 671
671 585
584 585
1039 588
1766 588
1184 591
1535 591
1338 593
593 1556
1344 463
2282 1344
1254 1344
1519 1507
596 1519
597 3689
825 422
1547 422
600 1720
1826 600
2110 600
1574 1822
602 898
1822 898
1429 2297
1466 605
2297 607
605 607
1371 608
1627 609
608 609
1374 482
611 1374
1195 1374
2669 614
614 3526
1877 3526
1505 2328
615 2328
482 2886
1419 2886
617 911
2419 2264
1899 623
623 2419
1435 2419
742 2419
1799 2419
383 1508
2929 1587
1508 2929
927 2929
630 2309
1733 358
358 630
1695 630
2746 2299
634 1189
2299 634
3403 634
633 634
903 1292
1292 635
636 635
804 914
2555 3291
1369 804
3291 804
706 2917
2195 2917
1475 1650
1203 2000
1650 2000
641 2000
1670 1606
1588 2086
2086 1670
3749 1560
1560 643
1980 1097
1515 1097
1141 755
1663 1141
669 1234
644 3423
3478 644
1234 644
1522 682
682 1122
653 1777
1318 653
655 653
2669 2940
656 2669
658 2669
1022 663
787 2985
1859 661
661 787
663 787
1788 1405
664 1788
3023 1788
1298 2091
1264 2091
1510 2091
3766 1900
921 1848
1543 2538
1900 1543
1848 1543
1633 3078
996 670
3078 670
2281 670
943 3324
3019 3324
1364 1711
1466 598
1711 3594
598 3594
1901 1835
673 1835
3133 675
2345 1330
675 1330
1446 1330
2413 1163
1613 2165
774 683
2165 683
3457 1595
2715 2896
2761 2896
1595 2896
2205 1248
1324 1248
1041 689
1405 689
1920 2356
2356 2203
693 2203
696 2203
2559 700
700 1076
701 1076
3417 704
1895 2321
703 1895
704 1895
2407 714
711 715
714 715
1172 595
595 857
717 857
1099 586
1015 586
1259 750
721 349
1174 865
3040 795
1457 720
750 721
865 721
720 721
795 721
379 1092
2259 379
724 379
3456 2263
3285 2263
1720 1171
496 727
1728 1834
1818 1728
727 1728
1294 731
1168 731
1371 735
1025 736
735 736
1529 1689
1839 1947
1579 1947
1689 1947
3213 965
745 965
1190 748
748 751
753 751
797 756
755 1676
756 1676
760 461
1135 461
1081 762
763 762
2904 888
2357 3228
888 3228
1059 3228
989 1006
1460 1006
923 392
765 766
392 766
2077 769
1497 1880
3738 2238
769 3738
1880 3738
1018 773
1662 571
1242 777
571 777
773 777
695 2018
2018 829
2003 829
1740 2146
780 852
2146 852
1586 2098
781 2098
2137 1353
1027 1489
1489 2137
1741 948
2607 2251
2607 1928
782 2607
948 2607
792 3434
3034 790
1673 1048
1583 792
1048 792
790 792
1863 797
793 797
1425 806
799 2180
806 2180
1982 812
809 812
815 935
3765 815
2473 815
1466 819
2229 1553
668 1725
819 668
1553 668
830 705
1823 830
831 2559
1757 2559
2207 1232
3352 533
533 1592
1232 1592
3457 3179
3179 1622
905 1622
837 845
841 845
1466 848
1537 929
848 1896
929 1896
1453 2285
994 2285
849 2347
1578 2347
1630 851
3246 2265
851 3246
853 3246
2311 858
858 863
1327 863
1027 413
864 867
413 867
1768 2744
1750 1224
2744 1967
1224 1967
2404 535
870 874
535 874
695 881
1811 1136
875 1811
881 1811
1443 448
1050 448
882 2094
990 882
2251 882
1879 886
1777 2555
1270 2555
1651 2762
1870 590
2762 590
1511 1179
3591 2512
1417 1055
1528 3485
2512 1511
3485 1511
1055 1511
2267 2776
1598 1220
2776 1220
1376 3508
1699 1211
3508 1211
895 3056
2529 3056
1690 899
1106 903
899 903
900 903
628 1212
1255 1659
3528 1255
1212 1255
3410 1255
1785 1706
907 1785
684 2020
914 2020
3707 2020
1225 2223
1466 915
2223 531
915 531
1897 922
918 923
922 923
1165 2162
1731 1165
924 1165
2119 2055
808 1231
1231 2119
2659 451
2354 451
1371 933
3360 3417
933 3417
936 2305
1131 2305
2128 1921
1729 2128
941 2128
1007 1396
433 1007
968 1007
1221 999
2553 2043
1908 1221
2043 1221
1083 2404
946 2789
1685 1442
1442 3197
1737 3197
2179 949
1468 1897
949 1897
951 1897
1406 1218
1218 1692
1375 1692
957 1768
1562 1768
1478 2163
1867 1478
962 1478
1155 850
2077 1490
1497 3406
1490 1677
3406 1677
1194 969
1850 1209
1017 971
1209 971
2808 971
969 971
973 743
3352 2062
2062 973
401 2096
1466 2089
2096 1808
2089 1808
1710 2500
2500 3034
2443 2144
2120 1398
3492 2443
1398 2443
901 1807
1507 1613
1807 1613
977 981
1804 981
771 1167
984 1158
1167 984
982 984
1371 993
2427 1633
993 1633
770 1459
2985 1459
1256 1544
1786 1250
1544 1250
1632 1250
1199 502
1846 502
2253 2192
2192 496
2338 496
3133 2090
1321 2407
2090 2407
1283 2334
2334 1417
2397 2320
1942 2320
2746 1775
2333 544
1775 2333
1604 2333
1359 2139
2139 3735
3423 3735
2125 1976
2940 1976
1370 1608
1403 1608
2321 2145
2318 2145
2316 2311
1725 2311
2310 1467
2309 1467
2391 2527
2265 1110
2527 1110
1857 1129
1466 2326
1129 1415
2326 1415
1240 939
1466 1334
939 669
1334 669
2242 1193
3504 2242
2238 2242
1840 1314
1988 1840
2300 1840
2141 2069
3018 2069
1792 2069
1498 2329
1751 2329
1092 1682
1571 1682
935 1246
1118 1246
956 1246
3352 3624
3624 1018
2348 3685
1306 3685
2296 3582
1281 3015
3015 2296
2149 2198
1834 2198
2294 2198
1523 1020
463 1523
1023 1523
1162 1217
2288 2064
1217 2064
2283 1769
1989 1769
2280 2267
2094 2267
1570 2257
1937 2257
2264 2257
3794 2257
1958 2253
1481 2253
3571 2136
2136 1966
1546 1966
1272 1966
2249 2246
3434 2246
1625 2244
1362 2244
1454 2181
2675 1438
1533 2217
1530 1416
1438 1530
2217 1530
2006 383
2241 383
1645 383
2688 383
1521 2424
1671 2424
820 2837
1010 2837
1552 2439
2236 429
1780 429
2439 429
1319 1522
2234 1522
1907 1522
2232 2228
1939 2228
1800 1462
1462 1906
705 2221
1638 2221
2215 2079
1001 2079
3392 2245
2210 2245
1071 1424
616 1424
2206 1424
1905 3111
2279 1233
1233 1905
1874 1957
1970 1957
1855 2032
2092 1855
1584 1855
2200 1693
2197 1693
589 1918
2835 1918
1347 1183
2823 1347
1371 1238
3292 3148
1238 3148
1410 1529
2190 1529
2525 2662
2187 699
2662 699
1400 354
2167 354
2163 354
2166 1401
2162 2166
3083 2166
1476 2166
2156 2150
2343 2150
1428 1746
1183 2148
1746 2148
1154 2132
3111 2132
632 1425
1561 1653
2127 1653
645 2120
1516 2120
2118 1899
2522 1899
573 2113
3686 1797
2113 1797
2103 1797
986 1078
1190 2093
2093 986
1621 2082
2082 1920
2081 1920
2626 1161
716 1649
1649 2626
2538 2525
426 2525
1806 2077
791 1105
2057 2881
2881 791
1379 2746
2070 2746
1726 2054
2060 2054
1664 3275
2049 1664
1342 1664
871 1496
1073 1496
3571 1098
3514 1173
1098 1173
1700 1657
1549 1904
1904 1700
679 3426
546 3426
2021 3002
2005 2021
2032 2021
2039 2021
2035 2021
1345 3457
1928 3457
1817 1999
1997 1999
2779 1100
878 1520
1866 1993
1679 1854
2261 1091
1100 878
1993 878
1854 878
1091 878
3042 628
1990 628
1973 1397
1971 1397
1954 1790
1960 1790
2588 1790
2050 1790
1949 1945
3275 1945
1734 1933
1194 2709
1755 1029
783 2111
2817 1940
1933 1194
1029 1194
2111 1194
1940 1194
1931 1750
3545 1750
1193 1750
1002 1558
2016 1558
2490 1558
2122 1684
1675 1929
1684 1929
2654 1565
2057 2387
2387 2654
2337 2654
3329 771
1921 1235
3458 1235
2100 3766
1488 1913
1913 1280
1909 3554
1776 1911
1911 1909
3274 1909
1959 1739
1466 1903
1470 1123
1739 1470
1903 1470
1371 1303
1416 1371
1427 1925
1667 1925
1631 3216
1067 3216
1629 1162
1299 1162
1243 1047
1101 1047
1441 1893
3635 1893
1889 3133
1669 2185
1502 2185
1678 2155
1466 1207
2155 1916
1207 1916
2140 1969
1969 1354
477 1859
1873 1859
1565 1698
348 1698
1373 1852
1659 1852
1850 3734
2144 1850
1219 1850
1851 1850
836 1850
2315 1026
1843 2315
686 2315
1607 1830
1340 1021
1830 1021
1056 1060
1883 1060
833 1827
3297 1827
1820 1812
3777 1812
1020 1924
803 1924
3554 2314
1303 2314
1005 995
995 1094
1136 1094
999 1359
1066 1359
1120 1005
1654 1012
1401 1012
1497 1930
1930 1740
1464 1740
1286 1621
1026 1621
1150 3321
1748 3321
925 1022
1123 1022
