3802 4791
0 16 32
1 128 16
2 16 16
3 512 256
4 8 32
5 128 128
6 16 64
7 8 16
8 32 8
9 512 1024
10 64 8
11 64 64
12 128 32
13 8 16
14 256 1024
15 64 128
16 16 32
17 16 64
18 2048 512
19 32 64
20 32 64
21 8 128
22 16 8
23 16 8
24 512 512
25 16 16
26 256 512
27 16 128
28 32 8
29 128 128
30 32 8
31 256 2048
32 32 64
33 8 4
34 32 32
35 16 64
36 16 16
37 4 32
38 32 32
39 4 16
40 1024 2048
41 64 64
42 32 8
43 4 4
44 64 128
45 512 1024
46 128 128
47 128 32
48 1024 1024
49 64 4
50 8 4
51 8 8
52 32 64
53 4 4
54 16 8
55 512 256
56 8 4
57 32 16
58 16 128
59 4 32
60 8 128
61 16 16
62 64 32
63 2048 256
64 128 128
65 8 128
66 64 8
67 256 512
68 1024 1024
69 256 256
70 64 4
71 128 4
72 4 8
73 256 2048
74 128 8
75 512 512
76 1024 2048
77 4 4
78 16 128
79 8 128
80 32 128
81 32 8
82 256 512
83 1024 2048
84 16 8
85 2048 2048
86 16 8
87 8 4
88 8 4
89 32 32
90 128 16
91 2048 1024
92 128 64
93 16 16
94 32 64
95 8 16
96 8 64
97 2048 512
98 4 4
99 256 512
100 256 512
101 4 128
102 512 1024
103 8 32
104 16 128
105 4 32
106 128 32
107 4 128
108 1024 512
109 512 2048
110 512 256
111 512 256
112 4 16
113 64 4
114 4 16
115 32 64
116 256 512
117 4 16
118 8 16
119 256 2048
120 128 32
121 1024 2048
122 128 64
123 8 128
124 4 64
125 16 4
126 256 1024
127 32 32
128 128 32
129 128 32
130 32 16
131 2048 2048
132 32 128
133 128 16
134 2048 1024
135 256 1024
136 4 64
137 1024 1024
138 128 64
139 16 32
140 2048 256
141 1024 512
142 2048 2048
143 8 4
144 1024 2048
145 4 4
146 512 2048
147 32 4
148 8 128
149 2048 512
150 256 512
151 1024 256
152 64 128
153 1024 512
154 512 2048
155 512 512
156 1024 2048
157 32 4
158 256 1024
159 128 8
160 512 256
161 8 64
162 16 16
163 64 128
164 4 8
165 4 32
166 16 32
167 4 32
168 64 32
169 32 32
170 512 2048
171 16 128
172 4 16
173 64 32
174 1024 256
175 256 1024
176 1024 1024
177 16 64
178 1024 1024
179 128 8
180 128 64
181 2048 512
182 8 32
183 64 32
184 256 512
185 4 128
186 2048 1024
187 32 128
188 64 4
189 512 1024
190 2048 2048
191 8 64
192 256 2048
193 4 8
194 128 8
195 32 4
196 8 4
197 64 64
198 64 16
199 4 128
200 8 8
201 256 2048
202 128 4
203 512 512
204 32 128
205 2048 256
206 32 16
207 512 2048
208 512 1024
209 4 4
210 2048 1024
211 128 16
212 256 256
213 128 64
214 512 1024
215 32 8
216 2048 256
217 64 128
218 64 8
219 16 128
220 64 4
221 16 32
222 128 8
223 2048 1024
224 32 4
225 2048 256
226 512 1024
227 8 64
228 4 4
229 64 4
230 8 8
231 1024 2048
232 4 16
233 8 4
234 128 32
235 16 8
236 256 256
237 128 128
238 8 4
239 64 32
240 256 256
241 256 2048
242 32 8
243 128 8
244 128 32
245 32 128
246 1024 256
247 128 128
248 4 8
249 4 4
250 256 256
251 64 64
252 16 64
253 16 32
254 16 4
255 1024 1024
256 256 512
257 64 16
258 512 512
259 16 16
260 8 64
261 8 64
262 8 4
263 8 8
264 512 256
265 32 4
266 32 64
267 16 4
268 4 64
269 512 2048
270 4 16
271 256 2048
272 64 128
273 512 1024
274 16 64
275 128 128
276 8 16
277 16 8
278 8 128
279 8 64
280 32 8
281 1024 2048
282 16 128
283 128 4
284 16 8
285 8 8
286 2048 1024
287 4 4
288 64 16
289 16 8
290 2048 256
291 1024 256
292 512 2048
293 64 4
294 2048 2048
295 1024 1024
296 64 4
297 512 512
298 2048 512
299 8 4
300 8 32
301 8 64
302 32 32
303 32 32
304 128 4
305 1024 512
306 8 128
307 8 4
308 64 128
309 2048 512
310 8 4
311 4 128
312 128 128
313 32 16
314 16 16
315 2048 512
316 16 32
317 8 4
318 16 32
319 4 16
320 64 4
321 256 512
322 64 32
323 64 64
324 32 128
325 32 128
326 1024 2048
327 4 64
328 256 512
329 16 32
330 32 8
331 16 32
332 128 32
333 2048 2048
334 2048 1024
335 2048 2048
336 128 8
337 4 128
338 1024 1024
339 16 4
340 32 32
341 64 4
342 8 128
343 8 16
344 2048 1024
345 64 64
346 128 8
347 4 64
348 64 4
349 4 8
350 8 4
351 4 128
352 512 512
353 1024 2048
354 64 4
355 8 128
356 8 4
357 256 2048
358 128 64
359 1024 1024
360 64 128
361 4 64
362 8 4
363 128 32
364 64 32
365 32 32
366 512 2048
367 2048 512
368 16 16
369 128 64
370 32 8
371 512 2048
372 2048 2048
373 32 32
374 128 128
375 64 16
376 16 8
377 1024 256
378 4 4
379 1024 2048
380 16 128
381 1024 2048
382 16 64
383 2048 512
384 2048 2048
385 16 64
386 256 256
387 8 8
388 8 4
389 16 16
390 4 32
391 2048 256
392 128 64
393 8 16
394 256 512
395 64 4
396 2048 512
397 8 64
398 512 1024
399 256 2048
400 32 8
401 4 128
402 4 8
403 8 8
404 16 128
405 256 256
406 16 128
407 64 4
408 8 64
409 16 8
410 8 4
411 16 64
412 512 2048
413 2048 2048
414 32 8
415 64 64
416 512 256
417 4 64
418 128 4
419 256 1024
420 32 64
421 2048 256
422 128 32
423 4 128
424 8 32
425 1024 512
426 128 128
427 32 16
428 64 8
429 4 64
430 16 16
431 512 256
432 32 16
433 4 16
434 128 128
435 128 4
436 512 256
437 16 4
438 8 8
439 4 64
440 128 128
441 2048 2048
442 256 1024
443 16 4
444 4 8
445 256 512
446 512 1024
447 128 16
448 128 8
449 16 64
450 128 64
451 128 8
452 8 16
453 256 2048
454 16 64
455 4 8
456 64 32
457 16 128
458 512 2048
459 8 32
460 4 128
461 128 32
462 32 128
463 32 4
464 64 128
465 4 32
466 64 8
467 64 64
468 8 16
469 128 32
470 128 32
471 512 256
472 2048 1024
473 16 4
474 16 64
475 64 128
476 4 16
477 8 4
478 4 32
479 256 512
480 1024 2048
481 128 64
482 2048 512
483 4 32
484 16 32
485 4 64
486 4 128
487 64 32
488 8 16
489 1024 1024
490 128 4
491 2048 256
492 64 16
493 512 2048
494 128 8
495 64 8
496 512 512
497 1024 2048
498 4 32
499 64 32
500 4 32
501 8 4
502 32 64
503 16 16
504 16 128
505 32 8
506 512 256
507 8 8
508 8 16
509 1024 256
510 32 32
511 256 256
512 16 16
513 512 512
514 256 2048
515 32 64
516 512 2048
517 512 512
518 64 64
519 8 8
520 2048 2048
521 2048 1024
522 512 2048
523 512 256
524 32 8
525 128 128
526 16 4
527 512 256
528 16 32
529 16 4
530 1024 1024
531 8 64
532 128 16
533 16 8
534 64 32
535 64 8
536 512 512
537 4 8
538 256 256
539 256 512
540 128 32
541 64 64
542 64 32
543 32 32
544 2048 256
545 2048 1024
546 512 1024
547 256 1024
548 8 16
549 256 512
550 4 64
551 32 16
552 512 1024
553 1024 2048
554 128 4
555 4 16
556 256 1024
557 1024 1024
558 512 512
559 16 4
560 16 32
561 1024 512
562 8 8
563 4 32
564 1024 2048
565 4 64
566 256 256
567 16 16
568 512 1024
569 128 16
570 128 16
571 2048 512
572 32 64
573 64 4
574 256 1024
575 64 8
576 256 1024
577 32 8
578 32 128
579 16 16
580 16 4
581 8 128
582 4 64
583 128 16
584 16 4
585 4 16
586 256 1024
587 4 64
588 32 4
589 64 32
590 16 32
591 32 8
592 64 8
593 64 128
594 2048 1024
595 2048 512
596 8 4
597 1024 512
598 8 16
599 64 8
600 128 32
601 1024 1024
602 2048 1024
603 4 64
604 256 512
605 2048 1024
606 128 16
607 1024 1024
608 128 64
609 16 8
610 2048 2048
611 64 16
612 512 512
613 32 4
614 2048 2048
615 4 128
616 16 16
617 32 4
618 16 8
619 16 8
620 16 64
621 128 64
622 16 32
623 8 4
624 512 1024
625 128 128
626 512 256
627 64 4
628 8 32
629 32 32
630 8 64
631 64 4
632 4 128
633 8 64
634 256 1024
635 512 256
636 512 256
637 4 128
638 8 16
639 4 16
640 32 64
641 64 4
642 8 8
643 256 1024
644 1024 512
645 512 512
646 512 512
647 4 16
648 4 64
649 16 128
650 256 1024
651 32 16
652 16 8
653 512 512
654 2048 256
655 32 16
656 4 8
657 512 512
658 1024 256
659 64 16
660 16 16
661 256 256
662 128 32
663 4 64
664 64 32
665 16 4
666 512 1024
667 32 8
668 64 32
669 256 1024
670 64 64
671 8 64
672 4 16
673 32 128
674 8 8
675 1024 256
676 8 128
677 64 4
678 16 16
679 16 16
680 4 16
681 256 2048
682 128 4
683 4 4
684 2048 256
685 256 256
686 2048 2048
687 1024 2048
688 2048 512
689 8 4
690 1024 1024
691 256 256
692 8 128
693 4 32
694 16 16
695 4 4
696 128 4
697 512 512
698 1024 2048
699 256 512
700 128 32
701 4 128
702 512 2048
703 16 32
704 4 128
705 8 64
706 16 4
707 2048 512
708 2048 2048
709 256 256
710 2048 512
711 4 4
712 32 128
713 64 8
714 64 64
715 64 4
716 128 8
717 4 128
718 1024 1024
719 512 256
720 512 2048
721 16 32
722 16 4
723 64 16
724 32 16
725 2048 1024
726 2048 2048
727 16 16
728 2048 512
729 64 4
730 8 32
731 1024 2048
732 64 32
733 512 256
734 64 4
735 32 32
736 2048 1024
737 16 128
738 64 64
739 64 32
740 128 32
741 16 16
742 64 16
743 1024 256
744 4 64
745 128 128
746 128 32
747 8 4
748 16 4
749 64 8
750 1024 256
751 512 1024
752 2048 256
753 4 4
754 16 8
755 128 4
756 128 32
757 8 64
758 8 32
759 256 1024
760 8 32
761 512 512
762 1024 1024
763 32 8
764 64 128
765 32 32
766 2048 2048
767 8 4
768 16 64
769 64 8
770 32 16
771 2048 2048
772 32 4
773 1024 2048
774 1024 1024
775 128 32
776 512 256
777 128 32
778 16 64
779 32 32
780 2048 256
781 64 8
782 64 8
783 16 16
784 8 4
785 2048 1024
786 32 8
787 64 32
788 64 128
789 8 128
790 32 8
791 8 32
792 128 64
793 16 8
794 128 64
795 64 16
796 128 64
797 32 64
798 8 8
799 128 128
800 8 128
801 512 512
802 8 128
803 2048 256
804 512 2048
805 64 128
806 32 128
807 2048 2048
808 1024 2048
809 256 256
810 16 4
811 2048 2048
812 4 16
813 32 128
814 128 8
815 16 16
816 256 2048
817 512 256
818 64 64
819 512 1024
820 4 64
821 256 1024
822 128 8
823 16 64
824 256 1024
825 64 32
826 8 64
827 8 32
828 8 4
829 1024 2048
830 1024 512
831 128 128
832 16 32
833 32 4
834 4 32
835 16 16
836 16 4
837 4 32
838 4 64
839 32 64
840 2048 1024
841 2048 1024
842 1024 2048
843 256 2048
844 4 16
845 16 4
846 16 4
847 256 2048
848 64 64
849 2048 512
850 32 64
851 256 2048
852 32 128
853 4 8
854 16 128
855 256 2048
856 32 128
857 512 256
858 32 32
859 64 64
860 16 16
861 128 128
862 32 8
863 8 32
864 4 128
865 4 128
866 4 4
867 512 256
868 32 16
869 512 256
870 64 16
871 256 2048
872 128 4
873 32 128
874 64 128
875 128 32
876 256 512
877 1024 1024
878 16 64
879 32 32
880 32 128
881 1024 1024
882 2048 1024
883 512 2048
884 4 16
885 4 32
886 16 16
887 16 32
888 1024 256
889 256 512
890 8 128
891 32 4
892 2048 2048
893 32 64
894 16 32
895 4 16
896 32 128
897 8 64
898 2048 256
899 4 128
900 4 32
901 128 4
902 256 2048
903 512 512
904 8 32
905 8 32
906 8 128
907 1024 256
908 32 32
909 64 16
910 8 64
911 4 32
912 32 64
913 32 32
914 16 16
915 16 16
916 1024 2048
917 4 16
918 16 8
919 16 64
920 32 16
921 32 8
922 256 2048
923 256 2048
924 128 32
925 32 4
926 64 64
927 4 8
928 64 64
929 128 64
930 64 8
931 4 64
932 32 8
933 4 16
934 16 128
935 4 4
936 128 32
937 4 16
938 512 1024
939 512 256
940 64 4
941 1024 1024
942 64 16
943 128 8
944 256 256
945 2048 1024
946 4 128
947 16 16
948 8 16
949 1024 512
950 16 16
951 4 64
952 2048 256
953 8 8
954 32 128
955 2048 256
956 256 256
957 8 8
958 1024 1024
959 8 16
960 32 16
961 256 256
962 16 4
963 4 8
964 32 4
965 1024 256
966 16 4
967 4 16
968 1024 256
969 32 32
970 64 32
971 16 8
972 32 64
973 128 8
974 64 64
975 128 8
976 1024 256
977 4 32
978 32 64
979 64 4
980 64 32
981 256 512
982 4 8
983 64 16
984 1024 2048
985 16 4
986 256 512
987 128 4
988 512 1024
989 128 4
990 512 1024
991 128 128
992 32 8
993 1024 1024
994 512 512
995 2048 1024
996 4 8
997 512 512
998 32 16
999 4 128
1000 128 32
1001 8 64
1002 4 128
1003 32 64
1004 4 32
1005 512 1024
1006 16 64
1007 2048 256
1008 64 64
1009 128 8
1010 4 32
1011 32 64
1012 64 16
1013 32 8
1014 16 64
1015 256 256
1016 4 32
1017 2048 256
1018 32 16
1019 32 64
1020 256 1024
1021 256 2048
1022 2048 256
1023 1024 512
1024 16 64
1025 4 16
1026 512 256
1027 1024 256
1028 16 32
1029 2048 1024
1030 2048 512
1031 256 512
1032 2048 256
1033 8 16
1034 256 256
1035 8 32
1036 16 64
1037 256 1024
1038 64 128
1039 64 32
1040 32 8
1041 8 4
1042 4 128
1043 128 16
1044 1024 1024
1045 16 128
1046 256 2048
1047 64 8
1048 512 512
1049 32 4
1050 2048 2048
1051 2048 2048
1052 64 8
1053 128 8
1054 8 8
1055 8 4
1056 2048 1024
1057 16 128
1058 512 256
1059 256 1024
1060 128 8
1061 128 64
1062 128 8
1063 64 4
1064 16 64
1065 256 512
1066 256 2048
1067 4 128
1068 2048 512
1069 128 64
1070 4 16
1071 512 512
1072 64 8
1073 4 32
1074 64 8
1075 2048 2048
1076 64 4
1077 32 4
1078 16 4
1079 128 4
1080 256 512
1081 16 16
1082 128 8
1083 2048 256
1084 64 16
1085 2048 2048
1086 256 1024
1087 4 64
1088 64 128
1089 1024 256
1090 16 64
1091 256 256
1092 512 256
1093 2048 2048
1094 128 16
1095 64 32
1096 128 128
1097 4 8
1098 32 32
1099 1024 1024
1100 8 16
1101 32 32
1102 16 4
1103 8 8
1104 256 2048
1105 8 8
1106 256 256
1107 1024 2048
1108 64 8
1109 8 32
1110 16 128
1111 2048 2048
1112 256 1024
1113 256 256
1114 32 8
1115 32 16
1116 64 16
1117 512 1024
1118 128 128
1119 4 8
1120 64 4
1121 128 16
1122 2048 512
1123 64 8
1124 2048 2048
1125 4 64
1126 32 4
1127 128 4
1128 64 8
1129 32 16
1130 32 8
1131 2048 2048
1132 16 64
1133 2048 512
1134 16 32
1135 32 4
1136 1024 256
1137 32 128
1138 16 64
1139 8 128
1140 8 16
1141 64 32
1142 32 16
1143 512 2048
1144 32 128
1145 128 128
1146 256 2048
1147 128 64
1148 4 8
1149 32 64
1150 512 1024
1151 4 128
1152 32 128
1153 32 64
1154 16 32
1155 32 64
1156 1024 1024
1157 32 16
1158 4 64
1159 8 16
1160 64 128
1161 1024 256
1162 128 16
1163 1024 512
1164 512 1024
1165 128 64
1166 4 64
1167 128 16
1168 128 4
1169 16 4
1170 4 16
1171 32 128
1172 64 4
1173 1024 1024
1174 32 4
1175 4 128
1176 512 256
1177 512 1024
1178 2048 512
1179 4 16
1180 4 32
1181 1024 512
1182 512 2048
1183 128 32
1184 64 4
1185 128 32
1186 32 8
1187 32 8
1188 32 32
1189 8 16
1190 64 64
1191 8 8
1192 4 8
1193 1024 1024
1194 16 16
1195 8 64
1196 512 2048
1197 8 16
1198 16 4
1199 1024 2048
1200 512 512
1201 2048 512
1202 1024 2048
1203 4 4
1204 1024 1024
1205 16 32
1206 1024 256
1207 16 4
1208 4 32
1209 2048 512
1210 128 16
1211 16 64
1212 256 2048
1213 256 256
1214 128 4
1215 1024 2048
1216 1024 256
1217 16 128
1218 4 16
1219 256 1024
1220 32 64
1221 8 8
1222 32 32
1223 16 128
1224 2048 512
1225 1024 2048
1226 1024 512
1227 8 8
1228 2048 1024
1229 256 512
1230 32 8
1231 8 8
1232 256 1024
1233 4 4
1234 64 32
1235 128 32
1236 256 2048
1237 16 8
1238 16 16
1239 128 64
1240 1024 1024
1241 128 64
1242 4 32
1243 64 64
1244 16 64
1245 128 128
1246 512 2048
1247 512 512
1248 256 1024
1249 32 64
1250 2048 2048
1251 256 2048
1252 128 16
1253 128 64
1254 32 8
1255 512 256
1256 8 8
1257 512 1024
1258 64 128
1259 8 64
1260 2048 512
1261 64 4
1262 8 16
1263 512 2048
1264 128 4
1265 8 64
1266 8 4
1267 2048 512
1268 1024 1024
1269 128 4
1270 16 128
1271 16 4
1272 4 32
1273 16 8
1274 16 32
1275 256 512
1276 128 128
1277 256 1024
1278 32 8
1279 64 32
1280 32 8
1281 8 64
1282 256 256
1283 128 32
1284 128 4
1285 512 512
1286 128 16
1287 8 32
1288 16 4
1289 512 2048
1290 8 128
1291 128 8
1292 8 8
1293 16 64
1294 128 64
1295 512 512
1296 32 64
1297 16 32
1298 16 64
1299 256 2048
1300 128 64
1301 2048 512
1302 256 512
1303 8 8
1304 32 128
1305 8 128
1306 16 32
1307 4 8
1308 128 16
1309 16 64
1310 512 512
1311 4 32
1312 8 64
1313 16 128
1314 32 16
1315 16 64
1316 4 128
1317 32 16
1318 16 128
1319 128 8
1320 256 512
1321 1024 256
1322 128 8
1323 16 16
1324 32 4
1325 8 8
1326 4 8
1327 2048 1024
1328 4 16
1329 4 16
1330 1024 1024
1331 16 4
1332 128 8
1333 4 4
1334 4 8
1335 32 32
1336 4 32
1337 256 1024
1338 1024 512
1339 4 16
1340 32 64
1341 2048 512
1342 512 2048
1343 2048 1024
1344 1024 2048
1345 128 32
1346 16 16
1347 16 4
1348 128 32
1349 64 4
1350 1024 512
1351 256 512
1352 16 64
1353 1024 256
1354 32 8
1355 64 4
1356 4 4
1357 8 4
1358 16 4
1359 512 1024
1360 512 512
1361 8 64
1362 16 32
1363 128 16
1364 64 16
1365 256 1024
1366 32 32
1367 128 128
1368 128 64
1369 32 8
1370 1024 1024
1371 128 32
1372 32 32
1373 16 64
1374 2048 2048
1375 16 16
1376 32 64
1377 128 64
1378 1024 512
1379 8 32
1380 16 8
1381 1024 512
1382 512 256
1383 32 4
1384 32 64
1385 16 8
1386 4 16
1387 8 8
1388 64 8
1389 8 16
1390 512 2048
1391 64 128
1392 64 8
1393 2048 256
1394 128 64
1395 64 32
1396 16 64
1397 4 4
1398 16 64
1399 8 4
1400 64 128
1401 32 4
1402 16 16
1403 2048 2048
1404 2048 1024
1405 64 16
1406 128 8
1407 64 128
1408 2048 512
1409 16 8
1410 4 64
1411 128 64
1412 512 1024
1413 128 64
1414 16 8
1415 4 16
1416 64 8
1417 8 128
1418 16 16
1419 128 8
1420 1024 256
1421 2048 1024
1422 16 16
1423 64 8
1424 2048 1024
1425 16 128
1426 512 256
1427 16 64
1428 256 256
1429 4 128
1430 1024 1024
1431 64 32
1432 32 4
1433 4 4
1434 16 32
1435 4 16
1436 16 4
1437 1024 1024
1438 16 128
1439 4 8
1440 128 64
1441 32 32
1442 256 256
1443 128 4
1444 16 128
1445 8 4
1446 64 4
1447 256 256
1448 512 1024
1449 2048 2048
1450 128 16
1451 512 256
1452 128 64
1453 128 4
1454 32 8
1455 4 64
1456 32 128
1457 16 64
1458 64 8
1459 4 16
1460 2048 2048
1461 4 8
1462 16 8
1463 2048 512
1464 64 32
1465 8 8
1466 2048 256
1467 64 64
1468 8 16
1469 32 16
1470 32 4
1471 8 16
1472 32 128
1473 1024 256
1474 4 16
1475 64 8
1476 512 512
1477 16 128
1478 32 4
1479 128 8
1480 16 32
1481 4 64
1482 128 128
1483 256 512
1484 8 32
1485 32 4
1486 4 4
1487 512 1024
1488 64 128
1489 64 4
1490 64 32
1491 16 32
1492 2048 1024
1493 256 256
1494 4 16
1495 8 4
1496 64 128
1497 16 16
1498 16 32
1499 32 32
1500 16 4
1501 16 32
1502 512 2048
1503 128 32
1504 512 1024
1505 512 256
1506 32 128
1507 256 1024
1508 16 4
1509 1024 1024
1510 512 256
1511 64 64
1512 16 16
1513 1024 2048
1514 128 64
1515 512 256
1516 4 8
1517 512 512
1518 32 8
1519 16 16
1520 4 64
1521 2048 2048
1522 2048 2048
1523 4 64
1524 512 512
1525 16 128
1526 512 256
1527 32 8
1528 128 16
1529 128 16
1530 512 2048
1531 8 32
1532 64 16
1533 128 8
1534 128 4
1535 64 128
1536 512 512
1537 256 512
1538 512 2048
1539 8 32
1540 64 4
1541 2048 1024
1542 8 8
1543 8 128
1544 2048 2048
1545 8 4
1546 16 64
1547 16 64
1548 8 128
1549 16 32
1550 64 128
1551 2048 1024
1552 2048 256
1553 8 32
1554 2048 2048
1555 512 2048
1556 256 256
1557 64 16
1558 1024 256
1559 2048 1024
1560 4 64
1561 2048 512
1562 64 16
1563 512 512
1564 256 2048
1565 8 16
1566 256 256
1567 128 64
1568 128 16
1569 128 8
1570 512 256
1571 4 16
1572 16 128
1573 16 128
1574 2048 256
1575 4 4
1576 128 16
1577 4 32
1578 256 256
1579 128 4
1580 64 8
1581 64 64
1582 256 512
1583 8 8
1584 4 4
1585 512 2048
1586 32 32
1587 64 32
1588 256 1024
1589 64 64
1590 2048 2048
1591 512 1024
1592 32 128
1593 8 32
1594 32 32
1595 2048 1024
1596 64 128
1597 1024 2048
1598 256 256
1599 8 4
1600 16 64
1601 1024 256
1602 128 32
1603 8 16
1604 4 4
1605 16 4
1606 16 32
1607 4 8
1608 64 4
1609 4 64
1610 16 64
1611 256 2048
1612 8 128
1613 16 4
1614 4 4
1615 256 512
1616 256 1024
1617 256 1024
1618 1024 256
1619 4 16
1620 128 32
1621 256 256
1622 8 16
1623 1024 256
1624 2048 1024
1625 64 64
1626 2048 256
1627 4 64
1628 64 128
1629 32 16
1630 16 128
1631 2048 2048
1632 4 64
1633 256 1024
1634 128 128
1635 2048 2048
1636 128 32
1637 512 256
1638 32 128
1639 2048 2048
1640 128 32
1641 4 4
1642 64 128
1643 8 32
1644 2048 2048
1645 8 4
1646 32 32
1647 128 8
1648 4 128
1649 8 16
1650 16 32
1651 16 128
1652 1024 2048
1653 256 256
1654 16 64
1655 64 4
1656 2048 512
1657 8 128
1658 256 2048
1659 8 16
1660 1024 256
1661 32 32
1662 32 8
1663 1024 256
1664 64 8
1665 32 32
1666 256 256
1667 8 64
1668 8 16
1669 64 8
1670 256 256
1671 64 32
1672 2048 1024
1673 4 16
1674 128 32
1675 4 64
1676 16 32
1677 16 4
1678 512 1024
1679 32 4
1680 8 32
1681 4 4
1682 4 64
1683 64 4
1684 8 4
1685 16 8
1686 16 128
1687 16 128
1688 128 128
1689 256 1024
1690 32 64
1691 128 16
1692 2048 2048
1693 16 32
1694 16 16
1695 128 4
1696 128 64
1697 32 128
1698 1024 512
1699 128 4
1700 2048 256
1701 64 16
1702 128 32
1703 8 32
1704 2048 512
1705 1024 1024
1706 16 128
1707 16 16
1708 512 512
1709 64 4
1710 32 4
1711 128 4
1712 32 64
1713 8 4
1714 8 32
1715 1024 256
1716 4 128
1717 32 64
1718 1024 512
1719 128 64
1720 16 32
1721 4 128
1722 4 128
1723 2048 256
1724 2048 2048
1725 32 4
1726 8 32
1727 256 2048
1728 8 128
1729 128 128
1730 32 128
1731 32 4
1732 4 16
1733 32 128
1734 4 128
1735 128 8
1736 32 16
1737 2048 256
1738 1024 512
1739 256 512
1740 8 64
1741 8 8
1742 8 4
1743 4 8
1744 64 4
1745 128 8
1746 16 64
1747 1024 256
1748 4 16
1749 8 8
1750 8 128
1751 32 16
1752 16 128
1753 2048 512
1754 1024 512
1755 1024 256
1756 16 128
1757 8 32
1758 8 16
1759 16 64
1760 64 64
1761 8 128
1762 16 4
1763 64 32
1764 64 128
1765 4 64
1766 16 32
1767 16 32
1768 16 64
1769 16 64
1770 512 1024
1771 8 64
1772 4 16
1773 16 16
1774 4 4
1775 4 4
1776 8 32
1777 256 512
1778 512 1024
1779 32 64
1780 64 32
1781 8 32
1782 256 1024
1783 32 4
1784 512 2048
1785 1024 2048
1786 256 1024
1787 1024 2048
1788 1024 2048
1789 128 8
1790 8 64
1791 64 128
1792 8 16
1793 128 64
1794 2048 512
1795 16 128
1796 8 32
1797 128 128
1798 256 1024
1799 512 1024
1800 8 128
1801 2048 256
1802 64 8
1803 16 64
1804 512 512
1805 256 2048
1806 2048 2048
1807 1024 2048
1808 256 512
1809 8 64
1810 32 8
1811 2048 512
1812 8 64
1813 4 32
1814 64 32
1815 16 4
1816 32 64
1817 1024 1024
1818 8 32
1819 1024 1024
1820 512 512
1821 64 4
1822 32 64
1823 32 16
1824 512 1024
1825 32 4
1826 2048 2048
1827 32 32
1828 16 16
1829 256 256
1830 16 128
1831 4 16
1832 16 8
1833 512 1024
1834 1024 2048
1835 128 16
1836 32 32
1837 64 8
1838 256 512
1839 64 4
1840 64 16
1841 64 8
1842 128 128
1843 512 512
1844 1024 256
1845 16 4
1846 64 128
1847 8 8
1848 16 16
1849 8 128
1850 4 64
1851 2048 256
1852 4 4
1853 8 16
1854 256 1024
1855 128 32
1856 32 64
1857 8 16
1858 1024 256
1859 64 4
1860 32 16
1861 4 4
1862 128 16
1863 2048 512
1864 256 512
1865 64 4
1866 32 64
1867 64 4
1868 64 64
1869 2048 512
1870 32 64
1871 512 1024
1872 16 128
1873 128 128
1874 16 8
1875 512 1024
1876 512 256
1877 8 16
1878 1024 2048
1879 128 64
1880 128 8
1881 2048 1024
1882 64 8
1883 256 2048
1884 2048 2048
1885 64 64
1886 256 512
1887 1024 256
1888 4 8
1889 4 64
1890 32 128
1891 4 4
1892 16 4
1893 128 128
1894 64 128
1895 64 8
1896 128 32
1897 128 8
1898 512 1024
1899 64 32
1900 512 1024
1901 32 128
1902 8 128
1903 128 8
1904 16 128
1905 4 4
1906 16 128
1907 1024 2048
1908 4 32
1909 4 16
1910 256 1024
1911 128 128
1912 32 32
1913 64 16
1914 1024 1024
1915 32 32
1916 8 8
1917 128 32
1918 8 8
1919 32 16
1920 8 128
1921 4 128
1922 32 4
1923 8 16
1924 2048 256
1925 4 128
1926 128 32
1927 8 4
1928 1024 2048
1929 4 64
1930 32 64
1931 1024 1024
1932 32 64
1933 4 16
1934 16 8
1935 4 4
1936 32 64
1937 16 64
1938 4 128
1939 8 32
1940 256 256
1941 16 64
1942 4 64
1943 1024 1024
1944 128 4
1945 16 8
1946 8 4
1947 1024 1024
1948 16 64
1949 32 8
1950 512 256
1951 16 16
1952 1024 2048
1953 128 32
1954 2048 2048
1955 8 128
1956 8 64
1957 4 32
1958 64 4
1959 128 64
1960 4 4
1961 32 8
1962 2048 2048
1963 64 128
1964 16 16
1965 2048 256
1966 2048 1024
1967 128 16
1968 16 16
1969 32 64
1970 1024 1024
1971 4 4
1972 256 1024
1973 128 16
1974 8 128
1975 8 16
1976 128 128
1977 8 64
1978 512 2048
1979 8 4
1980 256 512
1981 128 16
1982 16 4
1983 4 4
1984 512 2048
1985 32 32
1986 8 128
1987 512 256
1988 2048 512
1989 16 64
1990 128 32
1991 128 16
1992 64 64
1993 512 1024
1994 4 16
1995 8 16
1996 512 1024
1997 8 8
1998 2048 1024
1999 512 512
2000 256 1024
2001 1024 2048
2002 16 16
2003 16 32
2004 16 8
2005 16 32
2006 1024 512
2007 256 512
2008 64 4
2009 64 32
2010 32 64
2011 32 32
2012 1024 256
2013 512 256
2014 256 2048
2015 8 8
2016 4 8
2017 8 32
2018 64 64
2019 4 4
2020 2048 2048
2021 128 16
2022 4 128
2023 64 16
2024 512 256
2025 64 8
2026 512 256
2027 1024 1024
2028 256 1024
2029 2048 2048
2030 2048 512
2031 4 64
2032 8 16
2033 64 32
2034 4 4
2035 4 4
2036 16 32
2037 32 64
2038 128 8
2039 512 2048
2040 64 32
2041 128 16
2042 64 8
2043 64 128
2044 64 8
2045 2048 256
2046 8 4
2047 64 8
2048 8 4
2049 128 128
2050 64 8
2051 128 4
2052 64 128
2053 512 1024
2054 16 4
2055 8 4
2056 32 128
2057 8 128
2058 64 16
2059 128 128
2060 16 8
2061 1024 512
2062 256 2048
2063 2048 512
2064 1024 256
2065 512 256
2066 4 32
2067 32 64
2068 2048 2048
2069 128 64
2070 32 128
2071 64 128
2072 256 512
2073 4 32
2074 2048 512
2075 16 4
2076 128 16
2077 32 4
2078 512 1024
2079 8 128
2080 2048 512
2081 4 128
2082 8 32
2083 4 128
2084 256 512
2085 128 128
2086 8 8
2087 2048 512
2088 64 64
2089 64 16
2090 2048 512
2091 8 8
2092 256 1024
2093 64 64
2094 32 128
2095 64 128
2096 128 32
2097 4 4
2098 512 512
2099 4 4
2100 2048 1024
2101 4 8
2102 128 64
2103 32 128
2104 4 8
2105 8 4
2106 32 4
2107 16 128
2108 4 16
2109 512 2048
2110 512 2048
2111 1024 1024
2112 4 64
2113 16 16
2114 64 4
2115 16 16
2116 1024 256
2117 256 2048
2118 128 64
2119 4 64
2120 128 8
2121 8 64
2122 128 32
2123 2048 2048
2124 128 4
2125 8 32
2126 2048 2048
2127 4 128
2128 1024 512
2129 16 16
2130 8 32
2131 2048 2048
2132 8 4
2133 128 4
2134 512 256
2135 16 32
2136 2048 2048
2137 64 16
2138 16 64
2139 1024 2048
2140 32 128
2141 512 512
2142 128 16
2143 128 4
2144 4 16
2145 8 128
2146 256 512
2147 8 64
2148 128 16
2149 512 1024
2150 64 4
2151 16 128
2152 16 8
2153 512 256
2154 8 4
2155 8 4
2156 256 256
2157 32 128
2158 8 128
2159 8 8
2160 16 128
2161 16 4
2162 1024 256
2163 1024 2048
2164 512 256
2165 32 8
2166 512 2048
2167 8 4
2168 128 32
2169 1024 2048
2170 8 16
2171 64 128
2172 2048 256
2173 8 4
2174 4 128
2175 2048 256
2176 2048 512
2177 32 128
2178 64 8
2179 256 256
2180 32 16
2181 16 128
2182 512 2048
2183 64 4
2184 256 256
2185 16 8
2186 64 4
2187 64 16
2188 2048 256
2189 128 64
2190 1024 1024
2191 16 16
2192 4 32
2193 16 64
2194 64 128
2195 32 16
2196 128 8
2197 128 4
2198 16 128
2199 64 32
2200 8 16
2201 512 256
2202 64 64
2203 8 4
2204 16 64
2205 16 64
2206 4 16
2207 8 8
2208 2048 2048
2209 256 1024
2210 8 128
2211 128 16
2212 32 32
2213 32 8
2214 128 64
2215 8 64
2216 4 4
2217 64 4
2218 16 128
2219 32 4
2220 2048 256
2221 64 4
2222 8 8
2223 32 128
2224 64 32
2225 128 32
2226 16 64
2227 64 64
2228 4 4
2229 128 16
2230 2048 1024
2231 256 512
2232 256 512
2233 16 128
2234 64 64
2235 512 512
2236 2048 2048
2237 128 8
2238 128 8
2239 512 1024
2240 2048 1024
2241 8 128
2242 16 8
2243 8 128
2244 16 8
2245 16 4
2246 32 64
2247 64 32
2248 512 256
2249 32 8
2250 32 8
2251 128 32
2252 16 16
2253 32 128
2254 128 128
2255 256 512
2256 16 4
2257 16 128
2258 4 4
2259 256 512
2260 8 64
2261 2048 2048
2262 64 128
2263 4 8
2264 4 128
2265 4 32
2266 256 1024
2267 4 128
2268 2048 1024
2269 64 16
2270 2048 256
2271 8 64
2272 2048 256
2273 4 4
2274 512 256
2275 16 32
2276 4 128
2277 64 64
2278 2048 512
2279 64 4
2280 128 16
2281 512 512
2282 8 4
2283 512 512
2284 512 256
2285 4 4
2286 2048 512
2287 128 32
2288 64 8
2289 8 16
2290 32 8
2291 512 1024
2292 16 128
2293 64 16
2294 64 128
2295 32 8
2296 16 16
2297 256 256
2298 32 8
2299 8 16
2300 16 128
2301 256 1024
2302 4 64
2303 128 64
2304 16 128
2305 128 8
2306 1024 1024
2307 8 8
2308 256 256
2309 2048 256
2310 16 8
2311 1024 512
2312 64 32
2313 8 4
2314 8 4
2315 64 128
2316 64 128
2317 32 8
2318 4 128
2319 16 8
2320 4 32
2321 2048 512
2322 4 32
2323 512 256
2324 16 128
2325 512 2048
2326 8 32
2327 32 16
2328 8 64
2329 512 2048
2330 512 256
2331 128 8
2332 2048 256
2333 512 256
2334 512 256
2335 64 64
2336 4 8
2337 256 1024
2338 4 32
2339 2048 2048
2340 2048 512
2341 16 8
2342 128 4
2343 8 64
2344 4 64
2345 16 64
2346 4 64
2347 16 8
2348 128 128
2349 128 32
2350 64 64
2351 1024 256
2352 32 64
2353 2048 512
2354 2048 512
2355 2048 512
2356 4 16
2357 32 128
2358 32 4
2359 4 32
2360 16 8
2361 128 4
2362 4 128
2363 8 128
2364 32 8
2365 1024 256
2366 16 32
2367 512 2048
2368 256 1024
2369 8 16
2370 2048 2048
2371 1024 1024
2372 256 2048
2373 128 4
2374 2048 1024
2375 16 32
2376 4 32
2377 512 256
2378 128 32
2379 128 128
2380 128 16
2381 8 16
2382 4 128
2383 128 128
2384 256 512
2385 128 4
2386 8 64
2387 1024 512
2388 256 256
2389 2048 2048
2390 4 32
2391 64 4
2392 512 256
2393 2048 256
2394 16 8
2395 128 64
2396 2048 512
2397 32 128
2398 8 32
2399 256 1024
2400 512 512
2401 64 32
2402 64 8
2403 8 4
2404 16 128
2405 64 16
2406 64 128
2407 64 4
2408 128 8
2409 128 16
2410 1024 512
2411 16 4
2412 512 1024
2413 4 4
2414 4 64
2415 4 8
2416 512 512
2417 64 32
2418 128 32
2419 64 8
2420 2048 1024
2421 32 128
2422 32 16
2423 32 64
2424 4 4
2425 64 8
2426 2048 1024
2427 32 4
2428 64 64
2429 4 128
2430 512 1024
2431 256 512
2432 1024 512
2433 64 64
2434 4 8
2435 4 128
2436 64 4
2437 128 32
2438 512 1024
2439 4 4
2440 64 8
2441 8 4
2442 4 64
2443 2048 2048
2444 8 128
2445 4 16
2446 8 64
2447 64 64
2448 4 16
2449 16 32
2450 256 512
2451 256 2048
2452 128 128
2453 256 512
2454 8 8
2455 16 16
2456 2048 1024
2457 64 16
2458 16 8
2459 512 512
2460 64 32
2461 512 512
2462 128 64
2463 16 32
2464 4 32
2465 4 128
2466 32 8
2467 4 8
2468 64 8
2469 512 256
2470 2048 1024
2471 128 64
2472 8 128
2473 4 128
2474 8 32
2475 4 32
2476 16 8
2477 128 16
2478 256 1024
2479 1024 256
2480 16 16
2481 4 32
2482 128 64
2483 2048 2048
2484 32 32
2485 16 4
2486 32 4
2487 64 8
2488 32 16
2489 4 64
2490 256 512
2491 512 256
2492 128 8
2493 4 32
2494 128 16
2495 128 8
2496 128 16
2497 16 4
2498 128 4
2499 4 4
2500 1024 512
2501 128 128
2502 256 1024
2503 8 32
2504 8 8
2505 64 128
2506 128 32
2507 256 2048
2508 4 16
2509 256 512
2510 128 32
2511 64 8
2512 4 8
2513 256 1024
2514 16 64
2515 64 64
2516 16 4
2517 32 4
2518 128 16
2519 128 8
2520 64 32
2521 16 16
2522 1024 1024
2523 16 128
2524 32 16
2525 64 64
2526 32 8
2527 128 16
2528 2048 1024
2529 4 32
2530 128 16
2531 128 128
2532 2048 1024
2533 2048 1024
2534 16 128
2535 128 16
2536 32 32
2537 64 4
2538 16 16
2539 256 2048
2540 64 16
2541 256 256
2542 2048 2048
2543 16 64
2544 2048 256
2545 32 16
2546 1024 1024
2547 16 64
2548 64 4
2549 512 1024
2550 4 16
2551 512 1024
2552 32 64
2553 32 32
2554 2048 1024
2555 256 512
2556 16 16
2557 64 128
2558 128 16
2559 8 4
2560 32 8
2561 256 512
2562 128 16
2563 256 1024
2564 64 64
2565 128 8
2566 64 32
2567 64 32
2568 8 16
2569 16 4
2570 2048 2048
2571 128 4
2572 4 128
2573 128 8
2574 512 2048
2575 1024 512
2576 64 32
2577 4 16
2578 2048 1024
2579 16 128
2580 64 64
2581 1024 1024
2582 4 128
2583 32 64
2584 256 1024
2585 32 32
2586 128 128
2587 64 4
2588 16 8
2589 8 128
2590 128 16
2591 512 512
2592 512 2048
2593 512 1024
2594 8 8
2595 8 32
2596 4 32
2597 4 4
2598 8 64
2599 16 128
2600 2048 256
2601 4 128
2602 16 32
2603 128 16
2604 16 128
2605 16 4
2606 8 16
2607 64 4
2608 32 16
2609 128 8
2610 256 2048
2611 32 4
2612 64 16
2613 1024 512
2614 256 256
2615 64 64
2616 8 8
2617 32 16
2618 256 256
2619 8 32
2620 1024 2048
2621 256 2048
2622 2048 2048
2623 128 32
2624 16 64
2625 32 128
2626 128 64
2627 64 32
2628 4 16
2629 128 4
2630 64 128
2631 32 64
2632 128 8
2633 64 4
2634 128 128
2635 128 16
2636 256 512
2637 2048 512
2638 64 8
2639 8 4
2640 4 32
2641 16 8
2642 128 128
2643 8 64
2644 1024 256
2645 128 32
2646 16 8
2647 128 32
2648 64 64
2649 16 32
2650 16 32
2651 2048 512
2652 128 16
2653 8 32
2654 4 4
2655 8 16
2656 2048 512
2657 512 256
2658 64 16
2659 16 16
2660 128 128
2661 64 64
2662 256 256
2663 16 128
2664 64 32
2665 512 256
2666 2048 1024
2667 128 32
2668 8 8
2669 1024 1024
2670 128 32
2671 64 32
2672 2048 1024
2673 1024 512
2674 128 128
2675 128 32
2676 4 64
2677 2048 2048
2678 64 16
2679 128 4
2680 16 4
2681 8 16
2682 1024 512
2683 512 512
2684 64 4
2685 32 8
2686 4 8
2687 64 128
2688 16 64
2689 4 32
2690 4 4
2691 8 64
2692 128 128
2693 128 8
2694 16 64
2695 4 128
2696 16 128
2697 128 4
2698 4 4
2699 32 16
2700 32 8
2701 512 256
2702 512 1024
2703 2048 1024
2704 1024 512
2705 256 512
2706 8 4
2707 2048 512
2708 64 128
2709 64 4
2710 128 4
2711 8 4
2712 64 8
2713 16 128
2714 256 256
2715 32 4
2716 1024 512
2717 256 2048
2718 2048 512
2719 16 32
2720 16 16
2721 16 16
2722 16 32
2723 128 8
2724 4 8
2725 16 128
2726 32 4
2727 8 32
2728 512 2048
2729 4 128
2730 2048 256
2731 16 128
2732 256 256
2733 512 2048
2734 64 16
2735 4 128
2736 4 64
2737 256 512
2738 32 32
2739 1024 512
2740 512 2048
2741 128 64
2742 512 256
2743 32 64
2744 128 16
2745 64 64
2746 512 2048
2747 32 4
2748 256 2048
2749 128 64
2750 64 128
2751 2048 256
2752 64 32
2753 4 8
2754 4 64
2755 2048 256
2756 32 8
2757 64 16
2758 64 4
2759 16 128
2760 16 8
2761 64 128
2762 512 256
2763 128 64
2764 32 128
2765 1024 512
2766 8 32
2767 32 64
2768 16 32
2769 2048 256
2770 8 64
2771 128 4
2772 256 512
2773 8 4
2774 64 32
2775 8 32
2776 32 4
2777 64 128
2778 32 64
2779 8 128
2780 32 32
2781 4 64
2782 32 16
2783 4 64
2784 512 2048
2785 64 128
2786 4 16
2787 16 16
2788 8 16
2789 128 4
2790 8 64
2791 128 64
2792 2048 256
2793 16 128
2794 32 8
2795 128 64
2796 2048 256
2797 4 16
2798 16 64
2799 8 32
2800 512 1024
2801 2048 2048
2802 4 4
2803 16 8
2804 32 128
2805 8 128
2806 8 64
2807 4 32
2808 2048 2048
2809 2048 256
2810 256 512
2811 4 32
2812 32 128
2813 8 16
2814 128 4
2815 1024 2048
2816 64 4
2817 16 32
2818 512 1024
2819 8 64
2820 4 64
2821 2048 1024
2822 128 32
2823 256 1024
2824 8 32
2825 1024 512
2826 4 16
2827 128 16
2828 128 32
2829 1024 2048
2830 256 2048
2831 64 8
2832 64 32
2833 2048 1024
2834 64 64
2835 32 8
2836 512 256
2837 1024 512
2838 32 64
2839 16 16
2840 32 4
2841 16 16
2842 8 16
2843 16 64
2844 4 128
2845 8 32
2846 16 32
2847 16 8
2848 2048 512
2849 128 8
2850 512 2048
2851 256 1024
2852 1024 512
2853 4 128
2854 512 256
2855 32 8
2856 512 256
2857 1024 1024
2858 128 8
2859 64 8
2860 2048 512
2861 1024 512
2862 16 8
2863 128 4
2864 64 128
2865 64 8
2866 8 8
2867 16 128
2868 16 4
2869 32 64
2870 8 8
2871 64 128
2872 128 8
2873 8 4
2874 32 128
2875 256 2048
2876 128 8
2877 512 2048
2878 256 512
2879 32 32
2880 4 32
2881 64 32
2882 256 256
2883 8 32
2884 32 32
2885 256 2048
2886 2048 2048
2887 64 128
2888 8 16
2889 16 64
2890 8 64
2891 128 16
2892 128 4
2893 4 128
2894 2048 512
2895 16 64
2896 64 16
2897 128 64
2898 8 16
2899 4 128
2900 64 64
2901 32 64
2902 128 32
2903 8 64
2904 8 128
2905 16 8
2906 512 512
2907 128 8
2908 32 8
2909 128 32
2910 8 128
2911 16 64
2912 1024 2048
2913 128 16
2914 32 8
2915 64 16
2916 8 128
2917 256 1024
2918 8 32
2919 64 32
2920 32 128
2921 32 16
2922 32 128
2923 1024 2048
2924 16 64
2925 8 128
2926 128 64
2927 8 64
2928 64 4
2929 1024 256
2930 2048 1024
2931 64 64
2932 512 1024
2933 128 16
2934 4 8
2935 4 16
2936 32 32
2937 128 128
2938 64 16
2939 1024 2048
2940 128 128
2941 32 128
2942 32 16
2943 4 16
2944 512 512
2945 8 32
2946 16 128
2947 32 32
2948 4 8
2949 2048 512
2950 4 4
2951 128 16
2952 128 32
2953 64 4
2954 128 64
2955 16 64
2956 4 64
2957 256 256
2958 128 8
2959 8 4
2960 1024 1024
2961 256 2048
2962 32 8
2963 8 8
2964 64 4
2965 16 8
2966 1024 256
2967 32 128
2968 64 4
2969 1024 256
2970 16 128
2971 2048 1024
2972 512 2048
2973 8 16
2974 8 8
2975 8 128
2976 16 16
2977 4 4
2978 8 16
2979 64 32
2980 2048 1024
2981 16 4
2982 512 256
2983 8 8
2984 128 32
2985 4 128
2986 1024 1024
2987 16 64
2988 16 32
2989 64 64
2990 256 512
2991 1024 2048
2992 256 256
2993 4 32
2994 1024 1024
2995 16 128
2996 1024 2048
2997 2048 512
2998 128 4
2999 16 32
3000 1024 2048
3001 4 32
3002 64 8
3003 16 8
3004 256 1024
3005 8 4
3006 128 8
3007 128 16
3008 512 2048
3009 32 8
3010 2048 2048
3011 1024 1024
3012 64 128
3013 8 32
3014 8 8
3015 32 32
3016 8 32
3017 16 8
3018 32 8
3019 1024 512
3020 64 32
3021 8 64
3022 8 16
3023 32 128
3024 128 4
3025 8 128
3026 32 32
3027 256 1024
3028 4 8
3029 1024 512
3030 1024 512
3031 4 32
3032 128 32
3033 64 32
3034 64 16
3035 32 8
3036 4 64
3037 128 8
3038 128 8
3039 64 128
3040 128 64
3041 16 128
3042 16 4
3043 256 2048
3044 512 1024
3045 32 128
3046 16 64
3047 16 128
3048 1024 256
3049 8 64
3050 64 4
3051 2048 512
3052 2048 512
3053 16 4
3054 64 4
3055 1024 512
3056 8 64
3057 4 32
3058 128 8
3059 16 128
3060 8 64
3061 256 2048
3062 128 4
3063 256 256
3064 8 4
3065 16 64
3066 16 8
3067 512 1024
3068 4 128
3069 16 8
3070 16 128
3071 64 16
3072 512 256
3073 16 16
3074 32 32
3075 1024 2048
3076 1024 512
3077 4 128
3078 8 128
3079 16 128
3080 8 64
3081 16 128
3082 8 4
3083 16 16
3084 16 64
3085 8 4
3086 8 64
3087 1024 512
3088 16 32
3089 16 64
3090 128 32
3091 128 8
3092 4 4
3093 128 8
3094 8 128
3095 32 64
3096 512 512
3097 512 256
3098 8 4
3099 16 64
3100 128 4
3101 16 32
3102 128 128
3103 16 64
3104 512 2048
3105 128 128
3106 128 128
3107 64 4
3108 2048 512
3109 16 8
3110 1024 1024
3111 2048 256
3112 32 64
3113 512 1024
3114 16 16
3115 128 64
3116 512 256
3117 8 16
3118 512 512
3119 32 32
3120 1024 2048
3121 16 128
3122 256 512
3123 32 128
3124 64 128
3125 512 256
3126 8 8
3127 4 8
3128 128 4
3129 256 256
3130 2048 2048
3131 2048 2048
3132 16 32
3133 32 16
3134 16 16
3135 16 8
3136 128 4
3137 32 32
3138 16 64
3139 512 256
3140 8 128
3141 64 64
3142 4 128
3143 32 32
3144 32 64
3145 128 64
3146 256 1024
3147 64 128
3148 16 128
3149 512 512
3150 8 128
3151 32 8
3152 4 64
3153 64 64
3154 512 512
3155 8 128
3156 1024 512
3157 4 16
3158 4 32
3159 4 16
3160 2048 1024
3161 16 32
3162 2048 512
3163 32 16
3164 32 8
3165 128 4
3166 128 64
3167 4 8
3168 512 1024
3169 512 256
3170 256 512
3171 128 8
3172 8 128
3173 2048 2048
3174 4 8
3175 8 16
3176 8 32
3177 8 128
3178 1024 2048
3179 32 128
3180 4 64
3181 4 128
3182 128 4
3183 4 128
3184 1024 2048
3185 16 8
3186 64 64
3187 16 32
3188 128 4
3189 64 32
3190 512 256
3191 16 4
3192 64 32
3193 2048 2048
3194 4 4
3195 64 8
3196 4 64
3197 512 2048
3198 8 128
3199 512 256
3200 128 4
3201 8 128
3202 1024 2048
3203 128 64
3204 64 8
3205 256 2048
3206 32 32
3207 256 256
3208 16 64
3209 128 8
3210 2048 2048
3211 2048 256
3212 16 64
3213 2048 2048
3214 512 512
3215 256 512
3216 2048 256
3217 16 32
3218 2048 256
3219 256 1024
3220 64 8
3221 256 2048
3222 512 2048
3223 32 64
3224 8 8
3225 16 128
3226 2048 2048
3227 128 4
3228 64 32
3229 128 128
3230 8 4
3231 8 64
3232 1024 512
3233 128 64
3234 2048 2048
3235 8 8
3236 32 64
3237 4 128
3238 4 128
3239 64 32
3240 32 8
3241 512 256
3242 4 16
3243 1024 2048
3244 8 8
3245 16 4
3246 16 8
3247 512 256
3248 8 64
3249 512 512
3250 256 256
3251 16 128
3252 512 2048
3253 128 128
3254 8 4
3255 16 8
3256 8 64
3257 128 4
3258 128 4
3259 32 32
3260 32 4
3261 8 4
3262 4 4
3263 128 4
3264 128 64
3265 1024 256
3266 8 128
3267 16 16
3268 4 32
3269 128 4
3270 64 32
3271 128 16
3272 32 128
3273 32 64
3274 2048 1024
3275 2048 2048
3276 256 1024
3277 2048 256
3278 128 128
3279 128 128
3280 16 8
3281 128 16
3282 32 32
3283 8 4
3284 4 8
3285 128 64
3286 8 16
3287 512 512
3288 16 64
3289 128 32
3290 1024 2048
3291 2048 256
3292 64 8
3293 512 256
3294 16 4
3295 16 16
3296 32 4
3297 16 4
3298 128 8
3299 64 128
3300 8 8
3301 16 32
3302 256 512
3303 32 64
3304 512 512
3305 128 128
3306 128 128
3307 8 4
3308 512 2048
3309 64 16
3310 64 4
3311 256 2048
3312 8 32
3313 32 64
3314 512 1024
3315 2048 256
3316 1024 256
3317 256 512
3318 16 16
3319 8 32
3320 128 32
3321 64 16
3322 1024 2048
3323 128 64
3324 32 16
3325 2048 1024
3326 64 32
3327 256 512
3328 1024 2048
3329 4 128
3330 32 8
3331 256 512
3332 16 32
3333 256 256
3334 4 128
3335 2048 512
3336 4 16
3337 128 8
3338 128 64
3339 1024 512
3340 128 4
3341 8 8
3342 2048 1024
3343 32 4
3344 128 8
3345 128 4
3346 4 16
3347 8 8
3348 256 1024
3349 256 1024
3350 16 128
3351 2048 2048
3352 128 16
3353 8 64
3354 4 32
3355 512 2048
3356 256 2048
3357 256 512
3358 32 8
3359 32 4
3360 2048 512
3361 16 32
3362 4 16
3363 8 4
3364 64 16
3365 32 16
3366 64 4
3367 16 64
3368 8 128
3369 128 32
3370 64 64
3371 8 32
3372 16 64
3373 2048 512
3374 128 8
3375 16 64
3376 8 4
3377 16 4
3378 32 64
3379 8 16
3380 16 8
3381 2048 1024
3382 32 128
3383 16 128
3384 512 512
3385 256 1024
3386 64 32
3387 8 32
3388 64 128
3389 512 512
3390 4 128
3391 256 1024
3392 16 8
3393 4 64
3394 4 8
3395 8 4
3396 1024 512
3397 2048 512
3398 4 16
3399 16 64
3400 4 16
3401 128 8
3402 128 32
3403 256 256
3404 8 4
3405 32 32
3406 128 32
3407 256 256
3408 128 128
3409 1024 1024
3410 128 128
3411 32 64
3412 1024 2048
3413 32 64
3414 2048 1024
3415 2048 2048
3416 8 64
3417 4 128
3418 4 16
3419 4 4
3420 128 128
3421 4 128
3422 4 128
3423 64 4
3424 64 4
3425 2048 512
3426 4 32
3427 2048 1024
3428 4 4
3429 4 8
3430 32 32
3431 64 64
3432 1024 2048
3433 4 64
3434 16 16
3435 2048 512
3436 64 8
3437 8 32
3438 64 8
3439 2048 1024
3440 64 4
3441 4 8
3442 16 128
3443 4 8
3444 8 128
3445 4 32
3446 4 4
3447 64 16
3448 32 16
3449 128 8
3450 128 8
3451 16 32
3452 4 16
3453 32 64
3454 64 64
3455 1024 2048
3456 4 32
3457 4 4
3458 8 8
3459 64 4
3460 512 1024
3461 1024 512
3462 32 32
3463 4 64
3464 256 512
3465 2048 512
3466 128 32
3467 1024 256
3468 128 16
3469 4 4
3470 16 8
3471 64 8
3472 256 2048
3473 8 64
3474 32 64
3475 512 512
3476 2048 256
3477 16 32
3478 8 32
3479 32 4
3480 4 8
3481 4 4
3482 8 16
3483 256 256
3484 512 512
3485 128 16
3486 64 32
3487 1024 1024
3488 32 8
3489 16 16
3490 256 256
3491 16 16
3492 256 512
3493 64 16
3494 4 16
3495 4 64
3496 32 128
3497 32 64
3498 16 64
3499 16 64
3500 4 64
3501 128 4
3502 1024 2048
3503 4 64
3504 128 8
3505 8 128
3506 16 32
3507 256 512
3508 4 32
3509 2048 1024
3510 32 32
3511 4 32
3512 32 8
3513 256 2048
3514 8 64
3515 128 4
3516 128 4
3517 512 2048
3518 64 16
3519 1024 512
3520 256 2048
3521 8 32
3522 8 128
3523 256 256
3524 256 512
3525 4 64
3526 128 64
3527 128 4
3528 1024 512
3529 64 64
3530 128 128
3531 2048 512
3532 128 8
3533 64 8
3534 16 8
3535 4 32
3536 8 128
3537 32 128
3538 256 512
3539 32 128
3540 4 32
3541 32 8
3542 4 16
3543 16 4
3544 256 256
3545 16 16
3546 4 4
3547 128 32
3548 1024 256
3549 128 32
3550 256 512
3551 128 8
3552 8 8
3553 2048 256
3554 8 32
3555 64 128
3556 64 64
3557 8 128
3558 64 128
3559 4 16
3560 1024 256
3561 2048 2048
3562 128 16
3563 16 32
3564 1024 256
3565 64 4
3566 8 4
3567 32 16
3568 4 64
3569 2048 256
3570 32 64
3571 128 64
3572 128 128
3573 16 32
3574 8 8
3575 1024 2048
3576 16 4
3577 32 8
3578 8 4
3579 64 32
3580 32 128
3581 16 16
3582 4 64
3583 256 2048
3584 16 64
3585 128 32
3586 64 32
3587 32 128
3588 128 32
3589 32 4
3590 16 4
3591 4 8
3592 8 64
3593 8 16
3594 8 4
3595 64 4
3596 128 16
3597 1024 512
3598 4 4
3599 512 512
3600 16 128
3601 128 64
3602 128 32
3603 64 32
3604 4 8
3605 128 8
3606 8 4
3607 8 4
3608 4 64
3609 4 8
3610 8 8
3611 16 16
3612 1024 1024
3613 256 1024
3614 4 8
3615 16 128
3616 8 4
3617 4 4
3618 128 4
3619 256 512
3620 256 256
3621 16 16
3622 64 4
3623 64 16
3624 8 64
3625 2048 512
3626 8 8
3627 128 4
3628 512 1024
3629 256 256
3630 32 16
3631 32 128
3632 256 256
3633 4 8
3634 16 16
3635 8 128
3636 256 256
3637 8 128
3638 64 8
3639 4 8
3640 4 8
3641 64 128
3642 512 2048
3643 128 16
3644 64 32
3645 16 64
3646 2048 1024
3647 8 64
3648 4 4
3649 64 8
3650 32 4
3651 8 64
3652 32 8
3653 512 2048
3654 8 4
3655 32 8
3656 128 4
3657 64 32
3658 64 32
3659 128 64
3660 32 8
3661 2048 1024
3662 32 32
3663 64 32
3664 4 64
3665 32 4
3666 1024 2048
3667 512 512
3668 512 512
3669 128 32
3670 64 128
3671 8 8
3672 64 128
3673 1024 2048
3674 4 4
3675 1024 1024
3676 512 256
3677 4 4
3678 32 16
3679 4 16
3680 1024 1024
3681 32 4
3682 4 32
3683 128 64
3684 32 8
3685 2048 512
3686 16 64
3687 8 64
3688 2048 1024
3689 4 64
3690 64 8
3691 64 8
3692 2048 512
3693 8 4
3694 4 16
3695 128 64
3696 32 32
3697 128 16
3698 64 4
3699 2048 1024
3700 16 16
3701 512 1024
3702 128 4
3703 64 8
3704 1024 2048
3705 32 32
3706 16 4
3707 16 8
3708 128 8
3709 32 16
3710 16 8
3711 2048 256
3712 64 32
3713 8 64
3714 64 32
3715 8 128
3716 4 32
3717 8 8
3718 1024 2048
3719 128 32
3720 128 8
3721 8 64
3722 512 512
3723 64 16
3724 4 128
3725 8 128
3726 4 16
3727 256 256
3728 32 32
3729 2048 256
3730 8 8
3731 16 32
3732 32 4
3733 2048 1024
3734 32 4
3735 128 128
3736 64 8
3737 4 64
3738 128 128
3739 256 256
3740 256 256
3741 32 8
3742 16 64
3743 8 16
3744 128 4
3745 512 256
3746 8 128
3747 4 4
3748 4 16
3749 2048 2048
3750 128 4
3751 4 64
3752 4 4
3753 32 16
3754 8 128
3755 512 512
3756 16 16
3757 128 128
3758 256 512
3759 8 4
3760 128 16
3761 2048 256
3762 4 64
3763 1024 512
3764 32 16
3765 128 4
3766 16 4
3767 64 64
3768 128 4
3769 512 2048
3770 512 2048
3771 64 4
3772 8 32
3773 8 32
3774 4 8
3775 1024 1024
3776 512 2048
3777 512 512
3778 128 64
3779 64 16
3780 32 16
3781 16 128
3782 1024 1024
3783 64 32
3784 8 64
3785 1024 512
3786 8 32
3787 2048 1024
3788 128 64
3789 4 16
3790 512 512
3791 4 8
3792 4 64
3793 512 256
3794 128 128
3795 64 64
3796 1024 1024
3797 128 64
3798 4 64
3799 16 128
3800 64 8
3801 64 128
2445 987
0 1672
0 3347
0 2791
3000 1688
1210 842
987 0
842 0
1688 0
2366 610
1 1820
909 2
610 1
2 1
1455 25
3 2071
3 2214
3701 3784
3784 3
25 3
252 3185
252 3514
1116 4
2896 222
222 252
4 252
2948 1104
3263 1641
55 3676
1641 55
1104 55
1089 3142
2017 975
3262 19
3142 3262
975 3262
1255 6
5 2107
2655 2051
2051 5
6 5
1284 846
7 3620
2329 8
846 7
8 7
397 2805
1772 10
2311 9
1024 3717
10 397
3717 397
9 397
11 1115
1338 1000
1000 11
13 31
2445 991
1045 12
12 13
991 13
3556 14
2041 323
246 15
14 2041
15 2041
1269 2364
695 2924
2924 1269
17 203
2171 1617
2704 16
1617 17
16 17
315 18
20 1166
18 20
19 20
771 21
3413 1546
874 22
21 3413
22 3413
2867 24
23 164
23 3659
23 1620
23 3204
2279 1394
1394 23
24 23
2864 28
1076 26
27 1365
26 27
28 27
288 29
2157 2277
708 30
29 2157
30 2157
1371 32
33 2725
33 3595
33 3042
31 33
32 33
3208 678
2000 3338
34 3602
678 34
3338 34
3167 930
35 3418
35 3690
35 3687
35 3625
35 2568
35 464
35 1731
716 2007
930 35
2007 35
2652 1505
1371 1432
1265 964
964 2652
1432 2652
125 1618
37 1127
37 1823
37 2049
2391 36
36 37
1618 37
39 266
39 3127
39 541
39 1270
39 1441
1095 38
38 39
1371 1922
585 40
301 3448
301 3183
301 3146
40 301
1922 301
2549 43
1245 318
1245 3652
1245 3308
1245 2169
1513 449
1772 41
689 42
43 1245
449 1245
41 1245
42 1245
1228 2204
1733 826
44 3416
44 2941
2204 44
826 44
3536 89
3536 216
3536 304
3536 2858
3536 1766
3536 833
2377 45
45 3536
254 46
1397 2456
1258 2168
1258 1888
1258 1101
2456 1258
46 1258
2145 48
1819 47
3033 1815
3033 1759
1554 49
402 1934
1934 3033
49 3033
47 3033
48 3033
51 2044
1742 50
50 51
2911 2421
2911 853
2207 52
52 2911
2664 1849
53 2721
2974 3670
1849 53
3670 53
647 3695
3337 1943
1995 891
1995 3683
1995 3213
3695 1995
1943 1995
2890 1691
54 2452
2328 56
1691 54
56 54
410 1079
58 126
58 2631
3208 57
1079 58
57 58
1898 59
3738 3422
3342 1223
59 3342
3422 3342
592 3364
60 2058
3364 60
2066 2418
1893 62
2948 1764
2887 61
62 2066
61 2066
1764 2066
3375 64
63 983
63 2167
2221 1702
1702 63
64 63
2445 690
66 1068
66 1041
66 1067
3225 2656
1749 65
690 66
65 66
2656 66
204 1872
2036 1414
1864 196
1864 527
1864 1385
1864 831
1414 1864
1872 1864
2183 67
1466 424
68 1580
67 68
424 68
3782 3757
69 3174
3757 69
71 3442
71 3744
2445 70
1349 2510
70 71
2510 71
74 1456
771 72
120 73
72 74
73 74
2445 75
76 3474
76 1713
76 2130
642 272
1381 1927
75 76
1927 76
272 76
313 3059
3345 77
78 1030
78 434
78 2100
3059 78
77 78
1371 79
3770 3469
80 2393
80 3669
80 2804
3469 80
79 80
459 1919
1060 566
2782 2243
1919 2782
566 2782
1929 81
2739 82
83 3719
83 3036
83 2159
81 83
82 83
3154 1723
3664 561
3524 84
394 2344
84 394
1723 394
561 394
2341 2965
86 545
3231 85
85 86
2965 86
88 2138
2140 87
87 88
3024 3319
3712 3126
3712 2121
3712 495
89 3712
3319 3712
2689 91
3402 2273
2311 90
90 3402
91 3402
662 3587
662 2459
2445 92
371 2276
92 662
2276 662
94 2874
562 620
214 95
2353 1297
1042 93
95 94
620 94
1297 94
93 94
1773 96
1466 97
873 2892
96 873
97 873
2577 540
710 98
99 2578
540 99
98 99
390 100
771 1965
538 3168
538 2761
538 1071
100 538
1965 538
751 101
1811 1902
102 473
101 102
1902 102
1089 103
104 348
103 104
106 1559
838 105
105 106
3425 1780
420 107
107 3425
3401 109
110 1516
2837 108
108 110
109 110
680 631
1226 227
1192 111
3571 112
112 1226
111 1226
631 1226
114 2775
1633 113
3593 239
113 114
239 114
116 2708
2445 3080
2665 115
115 116
3080 116
117 1300
1108 1795
1795 117
119 3381
119 3315
1869 118
118 119
3795 1088
120 3557
120 2916
891 120
1088 120
1035 1950
2584 3440
2567 121
1950 2584
121 2584
3090 1025
2445 947
1360 1062
1062 3090
947 3090
2263 732
2737 2814
1628 299
732 1628
2814 1628
1681 2947
1607 122
122 1681
2207 124
1800 123
125 906
123 125
124 125
818 1293
127 3723
127 2691
127 2617
3217 821
1293 127
126 127
821 127
450 128
2361 249
2361 3294
327 2856
3789 129
129 2361
2856 2361
128 2361
2243 2361
132 3640
1801 130
356 131
130 132
131 132
1925 3199
1356 3544
1356 2438
1356 3329
1032 1335
1335 1356
3199 1356
2445 2213
3191 834
3191 3182
3191 2220
1119 133
3349 976
2213 3191
976 3191
133 3191
254 135
3598 134
3269 722
3269 3528
134 3269
135 3269
3228 137
138 330
138 742
138 1319
644 136
136 138
137 138
3593 139
3302 2511
3474 3302
139 3302
1610 2865
878 142
971 883
721 140
400 141
883 1610
142 1610
140 1610
141 1610
2257 143
3569 144
145 1273
145 3456
143 145
144 145
1740 147
170 146
681 2602
681 2422
146 681
147 681
1102 148
149 3764
3706 3475
2198 868
868 149
3475 149
148 149
2735 152
151 2399
151 1884
151 905
2140 150
150 151
152 151
1709 1452
2123 2124
2123 2693
2123 749
2123 514
2123 2050
1322 1249
1249 2123
1452 2123
1466 153
1573 1611
154 3237
153 154
1611 154
161 2114
1153 1729
2114 1153
1815 1153
2855 1658
814 155
156 3282
156 640
1658 156
155 156
2400 3382
353 157
158 247
158 2252
3382 158
157 158
2503 580
508 159
3762 160
160 161
159 161
580 161
1459 2435
162 988
3735 2596
2435 162
2596 162
911 163
1014 2460
931 3026
163 1014
3026 1014
1787 179
165 1096
165 2259
164 165
179 165
402 166
2312 2727
166 2312
1467 333
3530 167
2237 3164
3383 578
167 3383
3164 3383
333 3383
2351 168
2366 1881
1216 3414
168 2366
3414 2366
1882 676
170 1968
170 2047
170 2847
170 2176
170 2674
1449 169
169 170
676 170
1262 1719
838 171
171 1262
1797 1114
2551 2250
172 2743
1114 172
2250 172
229 1279
382 173
174 248
1279 174
173 174
2792 1215
1431 175
175 2792
443 2195
2180 177
603 3351
254 176
177 443
176 443
3351 443
180 1350
180 2581
3362 178
178 180
2798 1003
1076 856
3732 737
181 534
856 181
1003 181
737 181
1404 273
400 2505
1868 3449
2063 183
1763 182
273 400
3449 400
182 400
183 400
785 618
1320 2373
618 1320
2579 510
1076 184
441 3192
646 2324
184 646
510 646
3192 646
1926 934
3129 2545
3129 419
3231 1828
934 3129
1828 3129
3227 185
1744 186
2546 1804
2546 1806
2546 1464
185 2546
186 2546
1947 187
1330 188
189 862
187 189
188 189
3718 913
1466 2247
190 2536
913 190
2247 190
192 1469
1322 191
191 192
194 3048
194 1601
2654 193
193 194
2112 2383
1526 195
3464 1887
195 2112
1887 2112
197 579
196 197
198 1093
3450 199
527 198
199 198
1752 2420
3560 1357
3738 200
1893 230
1357 1752
200 1752
230 1752
3128 201
1979 759
2466 3358
201 2466
759 2466
3205 202
204 319
204 2754
204 2282
224 2009
270 205
205 204
2009 204
202 204
203 204
1211 206
1541 207
208 3215
208 3592
208 3405
206 208
207 208
1676 209
210 2982
209 210
1466 211
403 3021
211 1744
3021 1744
2669 212
214 1380
214 2794
214 389
214 697
220 213
212 214
213 214
215 509
921 3075
3075 215
2340 3603
2449 1596
216 2449
3603 2449
2445 219
220 3671
220 2125
2409 218
1761 217
219 220
217 220
218 220
2045 221
2057 223
221 224
223 224
2014 426
1260 832
3177 893
832 2014
893 2014
226 3698
226 3506
1945 225
225 226
1966 1204
1304 1445
1204 1304
227 1304
229 477
2445 2700
1985 228
2700 229
228 229
2083 1132
1431 231
231 2083
2837 698
3399 1935
3399 2831
698 3399
233 3435
1991 232
232 233
1109 234
2701 235
236 411
236 1266
373 1624
2872 237
237 236
1624 236
234 236
235 236
1523 3496
2981 3049
238 3521
3496 238
3049 238
242 2022
2612 2475
3388 240
3598 241
2475 242
240 242
241 242
2010 1150
812 985
985 2010
2880 1865
3325 468
243 1058
468 243
1865 243
2607 245
310 244
246 3076
246 2810
246 1540
246 2274
244 246
245 246
817 3343
247 817
248 817
3005 293
299 3005
249 3005
747 415
3629 253
2095 251
1171 250
253 747
250 747
251 747
822 1368
1832 2574
1368 254
2574 254
1075 2289
255 1517
2075 256
2289 255
256 255
2313 258
3200 3476
3106 257
257 3200
258 3200
626 2286
3024 516
1049 1080
516 1049
2286 1049
2407 260
2746 261
2447 259
1550 3451
261 1550
259 1550
260 1550
263 2457
263 2210
2391 262
262 263
554 3360
2445 265
2116 264
264 554
265 554
268 780
268 1562
268 3504
2673 267
266 268
267 268
2654 1358
3113 269
1358 270
269 270
2677 2219
271 765
429 1696
1696 271
2219 271
275 932
2172 3017
410 274
274 275
3017 275
657 276
1466 1802
2224 685
276 2224
1802 2224
278 2110
278 1663
2600 277
2948 1914
1893 1336
277 278
1914 278
1336 278
1758 279
1585 3318
1585 2026
903 1198
1198 1585
279 1585
687 3062
3148 280
280 687
2725 687
3316 456
3525 281
282 3180
282 2526
282 2514
281 282
456 282
2532 283
3298 284
283 710
284 710
287 3703
287 455
2445 285
1483 286
285 287
286 287
1496 3646
981 3516
3516 288
3646 288
1545 1054
1987 289
289 1545
3411 291
292 2961
292 2913
292 352
292 956
2254 1603
2132 290
291 292
290 292
1603 292
1894 2342
3553 2659
293 3553
2342 3553
3627 294
3012 295
2499 2773
2499 788
2499 3074
294 2499
295 2499
3088 297
1089 296
501 314
501 1410
296 501
297 501
2445 300
302 3736
302 2703
302 703
1252 298
1605 2963
300 302
2963 302
298 302
3499 3463
1095 1536
1095 2362
1869 303
303 1095
3463 1095
896 3489
2740 3344
3344 896
304 896
3081 3236
342 1188
2307 305
1188 3081
305 3081
308 709
1425 307
2454 306
306 308
307 308
310 990
2401 309
309 310
313 1577
2445 311
2758 312
311 313
312 313
1021 1077
315 1321
314 315
1077 315
317 2752
317 656
2445 316
2327 2840
316 317
2840 317
1006 377
377 3762
318 3762
1676 320
2270 489
319 2270
320 2270
1116 321
1801 3238
322 3752
3238 322
321 322
324 3586
2244 1315
323 324
1315 324
3119 879
2266 325
844 326
879 327
325 327
326 327
329 3794
1359 328
1899 3335
2970 480
330 329
328 329
480 329
3335 329
3782 332
331 2734
1260 1784
1784 331
332 331
335 1199
1530 334
2314 3366
3366 335
334 335
3270 2541
1027 336
813 2476
813 3484
813 1576
813 3501
2541 813
336 813
2091 1439
1974 337
337 931
1439 931
1040 1841
1343 2875
2944 338
432 339
339 1343
338 1343
1672 1343
1841 1343
1371 1555
2482 340
3593 2410
340 3593
1555 3593
1539 3798
3800 3761
1890 3801
2029 3419
3798 3800
3801 3800
3419 3800
2805 3800
2445 1642
1455 2980
1455 2490
2547 2520
2129 3797
1642 1455
3797 1455
2520 1455
3795 1059
1771 2653
2653 3795
903 2440
1758 3793
3792 2291
2440 3792
3793 3792
2194 3791
3790 3243
3791 3790
722 3790
1886 3206
3788 3468
3788 877
3788 2127
3206 3788
2892 3788
2445 3787
1377 3110
1377 2698
1377 2426
1503 3673
3787 1377
3673 1377
2364 1377
1708 674
3388 3061
3388 1157
3388 2818
3388 1352
3388 617
1108 3785
3785 3388
674 3388
3766 3783
921 872
3782 1829
3782 372
3782 1939
3783 3782
872 3782
3193 3781
797 860
3780 2102
3781 3780
860 3780
3298 3585
3778 2350
1608 3776
3585 3778
3776 3778
1074 3775
3257 1942
3775 3257
3602 3257
2445 3773
488 3774
3774 3770
3773 3770
3024 1593
3273 3519
3273 2616
3273 576
1593 3273
3418 3273
630 3769
2978 1302
2978 2738
2978 2197
3769 2978
3651 1871
3632 3668
3668 3651
2773 3651
723 2437
2749 2592
3764 2749
2437 2749
529 3058
1449 2670
2670 529
2549 3759
719 2015
3761 719
3759 719
3756 2844
3756 3765
1801 2097
2097 3756
2711 2854
2404 910
3755 2358
3755 2715
3755 2206
2854 3755
910 3755
2641 3754
751 2451
1159 2322
3754 1159
2451 1159
1371 1727
2030 3753
3751 1791
3751 596
3751 895
3753 3751
1727 3751
563 3027
563 2845
3519 563
1829 563
3748 1477
1992 2201
2461 3750
2201 3748
3750 3748
1380 3748
1122 3746
1440 3643
1213 3285
3746 1213
3643 1213
518 3745
3743 2212
3745 3743
3544 3743
1895 3742
3741 3221
3742 3741
2727 3741
2717 2819
2161 1219
2560 3740
2819 2161
3740 2161
2733 1796
2279 3737
3737 2733
1383 665
1466 2028
3063 2024
665 3063
2028 3063
2230 789
2632 2645
789 2632
3736 2632
2445 3073
844 1500
844 692
2951 3323
3562 1680
3073 844
1680 844
3323 844
3733 3409
3733 2903
1027 1944
1944 3733
2393 3733
829 3678
2476 3732
3678 3732
3064 2976
3064 2376
3064 2823
2752 3064
2024 3064
1229 3731
1466 1794
2284 658
3731 2284
1794 2284
2244 1309
2467 387
1793 418
387 1793
1309 1793
3401 3728
2537 2099
3728 2537
1011 3726
1512 2824
3726 1512
3723 1512
3721 3244
1021 1542
2654 3722
3722 3721
1542 3721
3716 2716
3167 3720
3720 3716
3719 3716
3713 1135
1255 3715
3715 3713
709 3713
911 3082
1924 3124
3711 2042
3124 3711
3082 3711
498 360
1981 1175
360 1981
1514 3007
1466 2637
1051 3102
3007 1051
2637 1051
2580 3710
1466 3105
3710 1541
3105 1541
1480 3709
2140 3006
1145 2605
1145 2411
1145 1362
3709 1145
3006 1145
917 764
2647 3704
764 3706
3704 3706
1271 2723
1466 816
3694 2483
2723 3694
816 3694
3517 3657
944 2292
2292 2313
3657 2313
475 3564
3701 3312
3701 2016
3703 3701
3564 3701
766 3700
3699 1081
3700 3699
2645 3699
2780 1185
3697 2039
2253 3020
2597 3696
3696 3697
3020 3697
3698 3697
1185 3697
1742 3692
3692 814
2228 2958
3053 1197
3690 3053
2958 3053
3666 2562
2562 2740
3687 2740
1709 470
942 1774
2999 1910
2999 3297
470 2999
1774 2999
3305 1164
3322 2993
3271 928
3181 2325
1164 2549
2993 2549
2325 2549
928 2549
2461 3439
2353 1387
2353 1421
2353 2205
1992 1434
3439 2353
1434 2353
2067 2068
1282 3289
1282 2651
1282 799
2068 1282
2601 3172
2601 435
2601 1170
2601 1083
1771 2962
2962 2601
3683 2601
363 3681
3680 1308
3680 3022
1633 3682
3682 3680
3681 3680
2622 1160
1466 3679
3077 2870
1160 3077
3679 3077
3231 1151
3231 2593
3231 405
1787 3677
3677 3231
797 2627
3763 998
513 1254
513 1748
998 513
2627 513
1206 3241
1206 2925
1206 2902
1374 3675
3675 1206
3282 1206
3676 1206
2064 3796
3672 3512
3534 1590
3796 3672
1590 3672
3270 864
3669 3270
1526 3667
3224 3561
3667 3666
3561 3666
3548 3159
3336 1521
3159 3336
3632 2073
2073 1890
788 1890
3318 1890
2154 1276
921 3665
3665 2154
3137 801
2371 3573
3664 3607
3664 505
3664 1584
801 3664
3573 3664
3674 3663
3662 2374
2175 3661
3663 3662
3661 3662
647 3478
2445 1461
1084 474
1461 647
474 647
3656 1571
1634 3658
3659 3656
3658 3656
2917 3655
1714 2153
1043 3527
1043 3140
1043 2660
1043 589
1043 1400
2023 344
3288 3654
3654 1043
344 1043
3655 1043
2153 1043
1444 1355
2516 3497
3497 3464
1355 3464
1006 3653
3400 1646
3650 1645
3652 3650
1646 3650
3653 3650
731 3649
2091 3084
3648 1782
3649 3648
3084 3648
3647 1340
3215 3647
2796 1736
2796 2888
2445 761
1548 3645
761 2796
3645 2796
3644 1629
2445 1408
1741 2143
2143 3644
1408 3644
802 3261
2689 2011
2689 2352
2689 1578
3261 2689
2536 2689
2770 3642
3641 2563
3277 3331
3331 3641
3642 3641
1812 1564
3466 3032
3640 1192
3032 1192
1564 1192
838 1674
3638 2088
3638 2594
3638 2182
1935 3638
1674 3638
1310 3637
1466 3346
2595 1010
3637 2595
3346 2595
2855 2713
2948 3057
2948 3311
1742 3214
3214 2948
2713 2948
3227 664
2445 3636
1567 497
3636 3227
497 3227
2445 2799
3632 636
3240 3634
1742 734
2799 3632
3634 3632
734 3632
2098 3103
792 3631
472 1946
3103 3789
1946 3789
3631 3789
2887 1291
2566 2742
2566 1931
1536 2566
1291 2566
2834 3162
3628 3295
1273 3628
3162 3628
3121 1039
2383 3121
3625 3121
1639 2827
1991 3623
3725 3559
2827 3725
3623 3725
486 3619
2764 1907
2240 3621
3619 2764
3621 2764
3620 2764
897 3618
2944 3550
2944 3498
1736 2944
3618 2944
1925 2907
523 3616
3615 945
3615 994
2907 3615
3616 3615
3611 3300
3611 597
2180 3613
2612 3614
3613 3611
3614 3611
3061 3611
2237 2147
2545 909
2147 909
3610 1178
901 940
940 3610
3739 2939
630 3596
490 3495
3495 3739
3596 3739
1664 3533
3609 1382
3609 519
3300 3609
3533 3609
3125 859
3607 3125
3606 3563
3606 912
3606 2414
3606 611
3606 1369
3057 3606
3605 1631
2445 3369
1280 3431
1588 1518
3369 3605
3431 3605
1518 3605
1384 1856
1819 3604
1530 1341
3604 1384
1341 1384
432 3601
3549 2508
3768 2795
3768 388
3601 3768
2508 3768
3481 1313
3481 1443
2445 2991
823 3600
2991 3481
3600 3481
1027 3599
3599 1119
3598 2472
3598 632
1987 3067
3067 3598
3595 3598
1089 2945
1089 1446
1089 1015
1089 1001
1607 3590
3592 1089
3590 1089
3258 3583
3580 2977
3587 3580
3583 3580
1708 3579
2686 3135
2686 1612
3579 2686
3379 1411
2470 3578
3576 1294
3576 1373
1411 3576
3578 3576
2489 1278
3574 2846
3574 2873
3036 3574
1278 3574
2767 3572
3626 612
3499 3384
3499 1296
3572 3499
612 3499
3228 2868
2240 398
644 3570
1087 3568
3568 3569
2868 3569
398 3569
3570 3569
2896 952
3571 3566
469 3372
952 469
3566 469
3560 1824
3560 639
2673 3565
3565 3560
3563 3560
2285 1447
2649 3284
1447 2649
3559 2649
3558 1833
2848 3187
2554 1326
3187 3558
1326 3558
2841 1311
3556 1390
3556 621
2603 1912
1912 3556
3557 3556
1311 3556
3461 3555
521 536
3555 521
640 521
1526 2202
1551 567
786 967
786 2232
567 786
2202 786
2076 2558
448 3552
3552 2076
3405 2076
1222 3551
1466 3222
2571 1883
3551 2571
3222 2571
1886 820
2445 499
919 3190
499 1886
3190 1886
3347 3549
3550 3549
818 1781
1964 2879
410 2233
3208 3584
1781 1964
2233 1964
3584 1964
2180 3547
2957 1825
3542 706
2612 3546
3546 3542
1825 3542
3547 3542
2445 3539
1107 2152
1107 446
1107 1561
1492 3724
3539 1107
3724 1107
1559 1107
565 1450
1431 1589
1589 565
3537 3786
3537 811
3688 3249
2834 3538
1522 768
3308 3537
3249 3537
768 3537
3538 3537
1250 2227
1597 3535
2227 3534
3535 3534
1284 3531
2025 1064
1082 1435
3531 1082
1064 1082
3530 3491
3530 3130
3530 3108
3530 341
2844 3530
3372 3530
3035 3529
3524 752
3524 1244
3529 3524
3527 3524
1855 1637
3522 1504
3320 430
3184 3523
3521 3522
1637 3522
430 3522
3523 3522
2816 937
3520 3567
937 3520
3230 2271
1190 1413
1615 3340
1615 1117
2271 1615
1413 1615
2864 2990
3518 2386
3518 1286
829 3281
3281 3518
2990 3518
1332 370
1677 2053
2053 3517
370 3517
1599 1361
3271 3515
3515 1599
3513 3153
2445 3428
1743 1892
1892 3513
3428 3513
3507 2843
570 1666
444 3509
3509 3507
1666 3507
2374 3507
2424 2303
798 2035
1676 3266
3266 798
3506 798
2303 798
1425 2726
3283 2378
2623 3505
3505 3283
2726 3283
3502 3387
3502 739
2445 3503
1770 3112
3503 3502
3112 3502
2400 925
2445 3500
1715 1655
3500 2400
1655 2400
3455 1847
1042 805
3498 3455
805 3455
3493 615
1371 569
3350 3494
3494 3493
569 3493
1926 920
3490 1307
3491 3490
920 3490
3024 2464
2464 2175
3489 2175
3298 2922
767 2458
767 2060
3313 1085
1085 767
2922 767
506 2606
2445 3176
1906 3488
1630 3380
3176 506
3380 506
3488 506
575 504
1831 3486
3417 652
3486 575
652 575
2385 3407
3629 1623
3407 3629
3484 3629
1526 1705
1526 433
2954 3482
3482 1526
2600 3134
1378 2975
1385 1378
3134 1378
2445 3480
738 3296
738 3092
738 1463
1422 1146
3480 738
1146 738
509 738
1509 2850
3450 2515
2621 1661
2515 1509
1661 1509
751 3473
3362 3479
3472 1863
3472 1120
3479 3472
3473 3472
607 3471
1035 2591
1035 1324
1577 1035
3471 1035
472 950
3136 1816
950 3136
3468 3136
3348 599
3467 3398
2231 351
599 3467
351 3467
942 1538
1322 2634
2634 942
3465 3292
2445 892
1407 364
364 3465
892 3465
2554 3462
3461 1419
3461 3635
3462 3461
746 3707
369 3460
912 746
3460 746
381 837
381 1427
2445 2644
1487 1932
2644 381
1932 381
1760 3196
3196 3240
2445 3459
1753 1287
1287 1265
3459 1265
3143 3454
1549 1862
3453 2046
3453 2164
3454 3453
1862 3453
3738 3452
1975 2624
1750 1779
1779 1975
3452 1975
3450 2682
3450 2544
1740 2666
2666 3450
785 707
3447 1515
3448 3447
707 3447
1643 3445
1466 3444
1716 2772
3445 1716
3444 1716
2837 3443
1926 3101
1926 2590
838 1853
3443 1926
1853 1926
2107 1974
2168 1974
1501 2575
2266 1208
2266 357
3442 2266
2575 2266
3526 3441
3211 2403
3441 3211
3440 3211
3438 2885
459 1316
1500 3438
1316 3438
3436 796
2171 3437
1790 2308
3437 3436
2308 3436
2445 3433
1597 1474
1597 2441
2402 2504
3433 1597
2504 1597
3435 1597
2104 546
3378 2849
932 2104
2849 2104
590 2815
1176 2611
3429 3332
3429 997
3429 2416
2815 3429
2611 3429
3627 2898
2445 3427
1053 3424
3427 3627
3424 3627
2711 2434
1844 870
3173 2173
2173 1844
2434 1844
3457 2949
2780 3421
622 1372
3421 622
2949 622
1620 2254
3416 2254
630 3412
1682 2683
2683 3411
3412 3411
3409 2864
346 1031
2445 1860
1367 3117
3117 346
1860 346
3404 1861
3404 951
1756 3408
3408 3404
3543 1301
3401 2540
3387 3401
1301 3401
3391 2806
3400 1581
3400 1454
1759 3400
2806 3400
762 3397
587 3396
2320 3727
2771 1017
2771 2080
3396 2771
3727 2771
3398 2771
3397 2771
2583 3395
2629 3394
729 2883
2000 3390
2071 729
3390 729
3395 729
3394 729
2258 2056
1466 835
2056 3543
835 3543
802 3385
1896 2863
1882 530
1882 2413
3385 1882
2863 1882
1582 1858
1431 2061
3771 2226
2061 3771
1858 3771
1351 1195
1351 3545
3384 1351
3381 1351
1924 2690
3379 3068
2690 3379
1157 3379
3376 2650
2477 1718
2067 740
1718 3376
740 3376
830 3374
3373 1458
3373 1867
3150 3327
3374 3373
3327 3373
1592 2331
3375 2222
3375 962
3375 1342
2391 3353
3353 3375
2331 3375
1466 2199
2618 1602
2199 3012
1602 3012
3371 2648
1741 362
362 3371
2323 1126
1652 3368
3368 2323
2145 2604
402 3367
2677 627
2604 2872
1856 2872
3367 2872
627 2872
2711 2431
3365 2987
771 2731
2431 3365
2916 3365
2731 3365
2445 3363
2230 1938
2230 2895
2496 1386
1331 3122
3363 2230
3122 2230
1386 2230
3362 3341
3362 1465
901 2319
2319 3362
1791 3362
2711 3359
1486 2126
3359 1486
3358 1486
2404 1144
3357 613
3104 3016
3016 3357
1144 3357
2445 3354
1275 3355
3355 3350
3354 3350
2013 1648
1769 3758
1648 3348
3758 3348
702 3209
650 485
3209 650
3343 650
3339 774
3341 3339
3340 3339
2565 3483
1466 1182
3483 3337
1182 3337
441 1726
2577 3577
3577 441
1350 441
829 396
2641 3617
396 2641
1576 2641
785 550
2067 2613
2067 436
1338 3334
3334 2067
550 2067
2389 3031
1108 1140
1140 2389
1925 2428
2428 702
3332 702
1783 3109
3251 2218
3512 1783
2218 1783
885 2390
2968 3330
988 885
3330 885
356 2174
3571 1952
3328 2473
2174 3328
1952 3328
3321 2585
2942 3326
3326 3320
2585 3320
1371 3317
3314 3767
3314 2396
3314 2003
3153 3314
3317 3314
1811 1137
3313 1370
3617 3313
1137 3313
2841 3054
2395 2829
2829 2841
3076 2841
1768 1412
2408 3242
1412 2408
3311 2408
2573 3310
3310 1228
1371 2332
1389 3309
847 345
3309 847
2332 847
1116 2959
1116 1481
1096 1116
1302 1116
3101 1116
2406 3307
3305 2695
3307 3305
1308 3305
2078 3303
1283 3301
2491 1046
3303 2491
3301 2491
1478 3299
2105 2188
1918 3532
3532 2105
3299 2105
983 2105
2040 391
3296 2040
2591 2040
2878 989
3295 2878
3294 2878
454 3541
3293 2480
3541 3293
3244 3293
2506 1121
3289 3288
1121 3288
3148 1267
3287 3029
3287 2821
3287 784
1832 606
606 3287
1267 3287
1722 3280
1801 568
1424 3279
3279 1801
3280 1801
3284 1801
2987 1801
390 1805
1063 2186
2852 890
1805 1063
890 1063
2830 3278
1945 992
1008 2005
3278 1008
992 1008
531 1875
3277 2899
3277 2087
455 3277
1875 3277
736 3247
834 3271
3247 3271
2447 3268
1057 869
586 1363
1363 1057
3268 1057
3123 3267
2884 2101
2685 3415
2101 2685
3267 2685
2704 3264
1790 3265
677 2983
677 1671
677 2343
3265 677
3264 677
553 3260
3038 3259
3260 373
3259 373
2117 629
1466 1525
629 3258
1525 3258
886 1614
716 494
3316 3747
3316 673
1614 3316
494 3316
1530 1111
3255 1980
1708 3256
3256 3255
1111 3255
2445 3145
2445 726
2445 3055
2445 2248
2445 2984
2445 2971
2445 3093
2445 439
2445 2781
2445 3232
2445 2706
2445 2388
2445 2679
2445 1130
2445 3223
2445 2468
2445 2142
2445 2235
2445 374
2445 385
2445 876
2445 953
2445 1936
2445 1878
2445 3234
2445 1257
2445 1493
2445 1735
2445 959
2445 584
2445 602
2445 1203
2445 717
2445 2357
2445 1242
2445 782
2445 1583
2445 1870
2445 1699
2445 1106
2445 1908
2445 1737
2445 1468
2445 1375
2445 1786
2445 1751
2445 2236
2445 3686
2445 1675
2445 3274
1466 3254
3254 2445
2970 2676
3228 3253
3253 3251
2676 3251
3065 2956
3250 836
2287 3245
2956 3250
3245 3250
603 2934
2008 1510
3243 2008
2934 2008
1616 1988
3242 1616
3241 1616
3118 3239
3235 977
3239 3235
3237 3235
1448 3233
3233 3230
699 884
1012 3226
3226 3224
884 3224
1819 3248
1831 3220
3248 1109
3220 1109
1938 1109
3221 1109
2172 3219
2000 3705
3705 3217
3219 3217
2203 3207
2115 601
2564 3212
1149 3210
415 2115
3207 2115
3212 2115
3210 2115
3133 3630
2480 3205
3630 3205
2351 2681
3204 2351
1220 3202
3203 1436
2859 1923
1923 3203
3202 3203
3198 972
751 3170
829 3730
3730 3198
3170 3198
1465 3198
3501 3198
715 3194
3115 1196
586 2359
2359 3115
3194 3115
2189 2745
3193 693
2745 3193
3321 1016
3571 3189
1016 3184
3185 3184
1382 3184
3189 3184
2506 1264
3183 2506
1861 2506
736 2914
3182 3181
2914 3181
3236 626
3180 626
2425 3178
1532 887
887 2231
3178 2231
757 2370
1235 3091
672 3477
3091 672
2370 672
2954 1626
2616 3177
1626 3177
390 3175
378 3470
3175 3173
3470 3173
3166 2861
3457 3169
3168 3166
3172 3166
3169 3166
3171 2293
1466 3165
2763 1066
2293 2763
3165 2763
1592 3163
2391 2614
2548 3138
2548 1638
3163 2548
2614 2548
1021 3161
2367 2278
3160 1839
2278 3160
3161 3160
3157 2255
1832 3158
3158 3157
603 2997
2180 2960
3156 3420
3156 2835
3156 1949
2789 970
970 3156
2997 3156
2960 3156
1036 2109
3466 564
2109 3466
2088 3466
1664 3155
3154 500
3155 3154
859 3154
414 1963
1819 2705
1897 2938
1963 1819
2938 1819
3152 3094
3152 2876
3152 476
3457 2836
2836 3152
1592 3151
2391 2678
3151 3150
2678 3150
3144 2462
2184 3147
3147 3144
3145 3144
2528 2672
3321 1346
1329 803
2672 1329
1346 1329
3799 3141
2417 2306
3141 2417
3140 2417
2185 3393
3139 2625
2624 3139
3393 3139
1127 3137
3138 3137
1108 1745
2957 1717
3135 2957
1745 2957
1852 2927
917 3272
840 1838
3272 840
2927 840
1765 3132
3356 1103
3130 3356
545 3356
3132 3356
2730 2692
2517 718
1709 2857
2692 1709
718 1709
3128 2797
3128 2037
1456 3128
945 3128
2212 3128
1201 2196
3575 1325
2196 3575
1833 369
3127 369
3126 3123
3747 3123
2124 3123
1060 2038
3119 1586
459 3120
2038 3119
3120 3119
917 2615
917 1112
917 3633
603 1285
1285 917
3118 3693
1557 733
726 3118
733 3118
2897 3116
1652 3114
3113 1579
3116 3113
3114 3113
2198 2170
2170 3799
3420 3799
3322 3014
609 3304
3304 3322
3110 3322
3044 3107
3109 587
3107 587
3066 2807
2925 3106
2807 3106
1211 651
651 410
3102 410
3047 3100
1466 2820
3100 1176
2820 1176
728 1288
1771 3098
3098 728
2608 1703
2886 3097
2189 824
2189 1826
2189 701
2741 3096
536 2189
3096 2189
1703 2189
3097 2189
3095 776
1263 2766
2766 3095
3092 3095
3088 453
465 3089
3089 3088
1230 3087
1466 688
3086 1667
3087 3086
688 3086
1371 3079
520 3085
1758 2272
3085 1758
3079 1758
3072 3019
3074 3072
2272 3072
2834 2085
2085 2737
1201 907
1201 3446
1274 3071
3071 1201
1388 393
3069 2918
393 3069
2693 3069
2655 938
3068 2075
938 2075
1097 1683
1683 3065
3062 3065
2953 559
2953 1994
2953 849
2953 2283
1418 3060
3055 2953
3060 2953
3058 2953
2603 3052
3054 518
3052 518
3324 3050
2048 2348
3050 2048
2273 2048
3045 633
3045 711
1947 2748
2748 3045
3048 3045
2429 1961
2885 3044
1961 3044
2952 2427
1251 3043
3043 2952
2248 2952
386 3041
2728 3039
3041 3038
3039 3038
1924 2405
3689 3037
2405 3035
3037 3035
2198 3030
354 2862
3030 723
2862 723
2188 723
838 1813
2341 3777
2831 2341
1813 2341
1075 1037
1075 2478
1075 1547
1075 1973
3029 1075
3028 2534
487 1996
1996 3028
1835 2561
3702 1600
3027 3702
2561 3702
1772 431
1772 2355
2026 1772
1871 1772
648 1393
2989 2501
2661 3025
796 2989
3025 2989
1393 2989
3024 2908
713 1732
1732 3024
2275 1472
2406 3013
3013 2275
3014 2275
3022 2275
1361 2275
1466 1527
1575 3010
1527 3626
3010 3626
1467 3008
3004 423
1747 3009
3009 3004
3008 3004
3003 1891
1223 3003
1968 3003
716 3001
3001 3000
2770 1572
1572 2045
2998 943
437 649
1788 2996
649 2998
2996 2998
487 1982
1165 2994
2954 1566
2121 487
2994 487
1566 487
2336 1591
3246 2988
2783 1962
1591 2783
2988 2783
2973 1627
1072 2986
2986 2973
2984 2973
2597 1818
2983 2597
2982 2597
1797 2979
2980 1074
2979 1074
1030 2664
2977 2664
2857 2974
2976 2974
2970 2335
1354 2972
1237 744
2971 2970
744 2970
2972 2970
2969 491
2395 2636
2636 2969
3094 2969
1951 2912
2787 3201
3201 1951
2858 1951
481 3772
3772 2968
1816 2968
1371 2967
1692 2485
414 445
414 552
2485 414
2967 414
713 1901
713 3083
713 1960
3377 2191
2191 713
2159 713
1433 2964
2855 871
2898 2855
2964 2855
2729 694
2729 1118
2961 2729
2959 2729
2955 2177
1800 2531
2531 2955
2954 1476
921 902
902 2954
434 2954
1733 1013
1013 2951
1721 2950
3093 3208
2950 3208
2947 3208
2946 380
2046 2946
2945 2946
2503 1885
2074 927
1885 2074
1581 2074
3548 2943
2981 2349
2943 2942
2349 2942
2937 3487
2937 1156
772 908
908 2937
2941 2937
2939 2937
2404 1253
1986 1090
1253 1986
418 1986
3306 1200
1032 2935
2935 3306
2932 2832
2932 1023
1094 406
683 2933
2102 2932
406 2932
972 2932
2933 2932
3548 2269
496 2869
2931 2156
2269 2931
2869 2931
1513 2930
2926 2995
1788 2928
1068 2926
2928 2926
2930 2926
431 2926
2185 2891
2923 2072
2975 2923
2891 2923
2919 2481
1552 2921
2921 2919
448 2523
3143 3581
2523 3143
2915 1594
1991 1125
1125 2915
3548 2033
3752 3548
2913 3548
2171 2141
2171 2070
2148 2910
1827 2909
2909 2171
2910 2171
3415 2171
2912 2171
829 2012
2532 793
2532 1403
2012 2532
2903 2532
3597 572
588 926
2908 3597
926 3597
1693 2209
3487 1216
2209 1216
2906 2442
2906 1180
752 2906
2222 2906
461 1430
2936 1997
2108 2905
2905 2936
1430 2936
2901 1214
1497 2471
2471 2901
2381 2900
1836 1937
1474 1836
2900 1836
2899 2897
1831 1762
2894 2318
2895 2894
1762 2894
502 2893
2893 2890
504 2890
1747 1473
2889 2134
3108 2889
1881 2889
1473 2889
1808 2710
3167 1879
2888 3167
2710 3167
2880 2822
1558 2882
2879 2880
2882 2880
2883 2880
2743 2880
1511 3389
2877 1142
3389 2877
2687 1644
2876 2852
1644 2852
2724 2380
1724 2866
1724 2354
2380 1724
1477 1724
2875 1724
2874 1724
961 2004
559 961
2011 961
2638 2871
2867 2786
2867 1154
2871 2867
2870 2867
2866 1011
2797 2859
2861 2859
2059 1318
1563 1983
1983 2059
2047 2059
2853 556
2920 2851
776 2853
2851 2853
2363 880
3046 1707
1707 2363
439 2363
2850 2848
2847 2848
1252 1990
1987 1187
1187 1252
1260 1535
1835 2842
2842 1260
2846 1260
2845 1260
2098 2838
2246 2479
1653 2839
2838 2834
2479 2834
2839 2834
2830 2294
489 2830
2832 2830
2825 2288
643 2828
808 2826
2781 2825
2828 2825
2826 2825
1495 438
2824 1495
2822 1495
2454 712
2454 946
2821 2454
2818 2454
2816 1348
1417 1061
2031 3361
1061 2816
3361 2816
2813 1754
1607 660
660 2813
390 2811
1205 1625
2811 1205
2810 1205
2543 3684
3767 2543
2804 2543
2704 809
1698 2802
3133 1660
2017 2803
2802 2704
1660 2704
2803 2704
829 2800
867 2801
2801 2798
2800 2798
2728 3612
402 2699
402 1972
386 2718
3612 402
2718 402
1248 2256
667 1956
2794 667
1463 667
2795 667
2256 667
2793 2642
2793 696
2095 889
889 2793
562 2302
2790 1169
2302 2790
2791 2790
2158 645
2573 2788
2788 2158
2786 2158
422 3149
3149 2623
2613 2623
2780 2135
2780 2338
3571 2784
2784 2780
1712 2474
2777 1306
2474 2777
2775 2777
898 2774
2770 2337
2774 2770
2772 2770
460 775
2769 483
775 2769
869 2769
519 2981
3738 2768
2765 1669
2176 2765
2768 2765
1789 2760
1466 2759
2346 1668
2760 2346
2759 2346
1622 828
828 2467
2135 2467
845 2757
1087 2234
1087 2118
1250 794
2757 1087
794 1087
603 1168
1756 3333
3333 603
3146 603
2150 2755
2095 2450
2095 684
2755 2095
2754 2095
3760 1152
1449 3660
3660 3760
1163 3218
1449 2753
2887 1502
3218 2887
2753 2887
1750 395
852 1665
395 1332
1665 1332
2735 2751
2751 1480
1893 1247
1740 2750
3763 1757
1824 3763
1247 3763
2750 3763
440 2747
2058 2741
2747 2741
1420 3430
1466 1133
3430 2739
1133 2739
2305 2398
2738 2237
2398 2237
1221 2239
1916 2736
2735 745
2239 2735
2736 2735
1440 3370
1837 2006
2181 3186
3186 1837
3370 1837
3786 1837
2730 2812
966 2732
3232 2730
2732 2730
1371 1955
2728 1876
880 2728
1955 2728
1976 2639
1956 2724
2639 2724
2721 2717
2716 2717
2368 641
1549 2714
2714 2368
2711 2375
2711 1333
2711 1453
1991 2712
997 2711
2712 2711
1506 2707
2707 1389
2706 1389
3417 555
2699 2701
2703 2701
2705 2701
555 2701
594 2160
609 2696
2695 594
2698 594
2696 594
451 2694
2694 3325
2691 3325
3586 2687
2037 2687
854 2684
1466 343
2052 1050
2684 2052
343 2052
2767 2316
3639 547
2388 2767
547 2767
2682 1563
3476 1563
2677 3622
522 2680
2679 2677
2680 2677
3031 2677
2674 2673
2663 3131
1371 2668
857 2671
2671 2663
2668 2663
2658 2092
1664 2494
2660 2658
2494 2658
845 2657
1686 770
2381 2193
2193 1686
2657 1686
2655 2384
2655 1971
1717 2655
778 3070
3070 1714
2651 1714
1425 2646
2650 2647
2646 2647
2638 1056
1451 2640
1130 2638
2640 2638
2633 1070
1756 2635
2635 2633
2172 2630
2631 2629
2630 2629
1110 368
2570 974
368 2336
974 2336
1108 2628
2262 760
1612 2262
2628 2262
2625 2621
2902 2621
2620 1738
1869 1491
1491 2620
3688 1460
1894 2619
2619 3688
2617 3688
1037 2612
2615 2612
363 3051
1713 1532
3051 1532
2609 763
777 2610
2610 2609
2606 2609
435 2603
2605 2603
2602 2600
3432 2599
1466 2598
2576 471
2599 2576
2598 2576
1151 1765
2594 1765
2589 1131
2589 2200
2593 2589
2590 2589
2551 2587
2583 1391
2583 1002
1797 2586
2587 2583
2586 2583
1640 1778
1431 2643
2643 1640
2329 2582
2582 2025
2579 2081
2581 2579
2578 2579
1426 1701
1281 2722
3223 1263
1701 1263
2722 1263
1112 1102
2378 1102
754 3729
2573 1695
3744 2573
3729 2573
1662 2572
2570 2432
2570 3392
2572 2570
2421 2570
810 781
692 810
1208 810
2307 1155
2307 1954
2568 2307
1705 2307
2563 2560
2558 2560
2556 1191
1190 2557
2557 2556
592 2216
2554 655
2554 2300
440 2260
2260 2554
2216 2554
1482 452
452 1426
898 2552
1415 1034
2551 2084
2552 2551
1034 2551
1652 2550
2550 2547
1898 957
579 1898
2544 1898
1710 2542
2542 1787
2540 1787
342 2539
2533 1379
2539 2533
2534 2533
1173 2530
2528 583
2033 2528
2530 2528
2521 2187
850 2524
2526 2521
2524 2521
3674 479
3674 3386
3674 1069
3674 924
749 3674
1608 1998
2519 686
867 3195
1998 2519
3195 2519
1992 503
503 2920
3671 2920
1289 2518
1466 2785
2518 2517
2785 2517
2734 2516
2514 2516
1241 2513
2268 637
2513 2268
1540 2268
1019 2509
1323 2507
2507 2503
2511 2503
2509 2503
444 800
2498 2756
2069 2502
800 2498
2502 2498
2501 2498
1444 758
2918 2340
758 2340
1832 2497
2497 2496
1371 2492
2465 2493
1448 753
1448 2529
2493 1448
2492 1448
2489 954
3377 2778
2778 2489
1810 2488
1466 638
2486 841
2488 2486
638 2486
1929 2484
1042 654
2484 1042
2483 1042
2478 2477
2460 2477
2470 577
2472 2470
784 2470
2469 1609
1733 960
960 2469
1328 2133
2133 2465
2468 2465
2463 619
1428 3229
3229 2463
1371 1134
592 1073
2462 592
1134 592
3594 2495
2461 1877
2812 2461
2495 2461
2459 2567
1580 2567
1076 2455
1978 1044
2455 1978
2350 1978
2458 1978
3708 1395
3708 724
2182 3708
3685 2453
3426 843
3276 2808
3276 1814
2390 3276
843 3276
2453 3276
2452 3276
600 2667
1920 2448
2448 1149
2667 1149
2450 1149
3133 1181
1181 2447
1166 2447
609 2444
736 2446
2446 1712
2444 1712
2027 1842
2442 2027
2381 1531
2240 467
2240 2522
1531 2240
2441 2240
2720 3691
1466 1128
2809 1873
3691 2809
1128 2809
2358 1722
2411 1722
2438 1722
2430 666
2432 2430
2457 2430
792 1339
1339 2429
2152 2429
2426 2425
2220 2425
2185 2423
2423 944
2422 944
2420 2608
2418 2608
3589 875
2396 3589
2416 1639
2415 1809
1710 2151
2151 2415
1967 2330
955 1485
2414 955
2330 955
2406 996
2410 2406
2130 2406
2317 679
2403 2317
1847 2317
2401 1345
2252 2401
2142 2401
2395 1874
1170 2395
2399 2395
2929 2394
2392 1423
2394 2392
2054 2382
2386 2385
2382 2385
590 963
963 2381
685 2381
2377 2588
1428 2379
2379 2377
2376 2377
1338 2034
2373 2023
2034 2023
2391 2372
906 2371
2372 2371
2367 2190
2367 1889
1652 2369
2369 2367
2087 2367
2365 1498
2365 1299
1033 549
2235 2365
549 2365
1740 2295
639 3066
2295 3066
2362 3066
1466 1277
1694 2360
2860 3023
1277 2860
2360 2860
863 1948
1948 2029
2352 2029
1994 2029
2355 2029
3457 1113
3571 2339
1241 1970
1113 1241
2339 1241
342 1845
342 968
341 342
694 342
352 342
1437 730
1466 1052
730 382
1052 382
3131 2287
345 2287
1246 625
625 444
866 1977
440 978
978 866
1635 659
1466 347
350 407
659 350
347 350
2242 2697
2697 3263
2742 3263
1371 2966
2708 1708
2966 1708
863 3510
2347 1941
3510 1513
1941 1513
2004 1513
1268 1767
1466 725
1767 353
725 353
3148 478
478 822
1710 1730
1634 457
1634 1366
2099 1634
1730 1634
2404 1647
356 1958
771 355
1622 1305
1305 356
1647 356
355 356
2375 356
1060 2106
357 481
2106 481
1569 3608
1466 427
3608 754
427 754
359 1817
2091 855
855 359
2022 359
363 2281
3286 361
374 363
361 363
1191 363
1047 2065
1425 1004
365 827
1004 365
2065 365
367 1243
1924 366
2789 2304
366 367
2304 367
416 1124
695 2702
2702 416
1165 532
532 2884
372 2884
495 2884
473 2577
1117 2577
2322 2577
476 378
1436 378
1428 375
375 2409
448 1409
2017 2345
2017 1099
2017 1604
1549 376
1409 2017
376 2017
2746 3099
2079 807
2992 1009
3099 2992
380 2992
807 2992
524 825
1999 384
384 524
1352 524
386 918
1556 1704
1392 447
385 386
447 386
1704 386
391 1894
389 1894
1387 1894
388 1894
1845 1551
3312 3378
2084 3378
771 1619
1957 1295
1295 1979
1619 1979
1530 399
3622 1554
399 1554
404 1851
1186 624
2277 404
624 404
3298 1843
751 1524
1524 3298
421 900
440 558
558 421
490 904
405 490
1395 490
1313 2172
407 2172
1143 1598
2244 2178
1622 409
409 1143
2178 1143
417 941
411 417
1421 1040
697 1040
2995 1539
2291 1539
419 1036
423 1036
1110 1038
3391 1148
3391 3458
2245 425
1038 3391
666 3391
425 3391
515 916
1444 1654
2787 507
507 1444
1910 1444
916 1444
778 1298
628 428
3633 778
428 778
562 1499
654 432
1499 432
1957 493
1984 982
1390 1984
493 1984
2569 1479
1782 2569
436 2569
3693 437
1668 437
438 1019
2169 1019
1466 2719
604 442
2719 1433
442 1433
980 1846
445 980
1876 980
2098 1687
2246 839
839 450
877 450
446 450
1687 450
3714 3188
390 979
637 3714
979 3714
1497 2487
2487 3225
1698 1915
1915 454
453 454
2002 517
876 1992
517 1992
1538 1992
2225 936
2225 2310
904 2225
457 2225
3056 3588
3588 1186
3684 1186
1905 458
1261 691
953 459
691 459
458 459
2833 1953
1466 462
1953 1501
462 1501
464 3525
3174 3525
1549 2412
465 526
465 2215
3581 465
2412 465
1656 1570
845 1147
1250 466
467 1656
1147 1656
466 1656
472 2249
739 472
471 472
1239 2301
1466 1317
2301 475
1317 475
460 3403
1601 460
862 460
1138 1494
1936 802
1494 802
479 2787
2873 2787
958 1568
2020 3540
601 958
3540 958
1371 741
1031 785
741 785
2661 1792
483 2661
2164 2661
486 1799
1359 484
484 486
2335 486
779 1202
1202 2030
1878 2030
1086 2019
2843 1086
2756 1086
492 2280
621 492
491 492
412 616
2274 412
1803 1917
1466 3011
1917 3345
3011 3345
1022 3511
3511 1284
3234 1284
2221 408
498 1697
1244 498
1458 498
408 498
901 3290
3290 642
630 1337
1337 772
1366 772
1177 3492
965 1484
485 1177
1484 1177
2298 1227
2306 2298
500 2298
505 2298
1440 1471
811 508
1471 508
2535 2103
2057 511
511 2535
1024 1327
1024 1989
1402 512
1257 1024
512 1024
3315 1024
1600 515
514 515
1388 1184
967 1388
576 1388
1391 818
2214 818
2433 894
894 520
1493 520
1888 2108
712 2108
523 1632
1032 1139
1139 523
1371 525
3197 1636
1636 1831
525 1831
648 3018
1196 648
526 648
528 2241
1266 528
1148 528
1296 708
530 708
2424 2208
1676 537
539 2149
2208 539
537 539
542 1028
541 542
2072 542
2131 543
543 2482
1735 2482
771 2211
548 1272
2211 548
613 548
3216 3779
635 551
3779 2013
551 2013
1623 2564
824 2564
2642 2564
1897 2436
1972 553
552 553
2436 553
557 2397
556 557
1169 557
1156 1747
2681 1747
1290 560
959 562
560 562
954 562
1812 1821
568 680
1821 680
564 680
2391 3252
757 2688
1962 757
3252 757
2186 3104
1333 3104
861 1534
3377 2290
2290 861
3386 570
572 570
591 1236
574 1399
1069 574
1236 574
2194 3410
577 2194
2384 2194
2001 581
1466 582
581 897
582 897
812 1312
583 2036
1312 2036
670 1065
2015 1323
1065 1323
1472 1323
2160 1323
1884 390
1798 671
671 585
584 585
1039 588
1766 588
1184 591
1535 591
1338 593
593 1556
1344 463
2282 1344
1254 1344
1519 1507
596 1519
597 3689
825 422
1547 422
600 1720
1826 600
2110 600
1574 1822
602 898
1822 898
1429 2297
1466 605
2297 607
605 607
1371 608
1627 609
608 609
1374 482
611 1374
1195 1374
2669 614
614 3526
1877 3526
1505 2328
615 2328
482 2886
1419 2886
617 911
2419 2264
1899 623
623 2419
1435 2419
742 2419
1799 2419
383 1508
2929 1587
1508 2929
927 2929
630 2309
1733 358
358 630
1695 630
2746 2299
634 1189
2299 634
3403 634
633 634
903 1292
1292 635
636 635
804 914
2555 3291
1369 804
3291 804
706 2917
2195 2917
1475 1650
1203 2000
1650 2000
641 2000
1670 1606
1588 2086
2086 1670
3749 1560
1560 643
1980 1097
1515 1097
1141 755
1663 1141
669 1234
644 3423
3478 644
1234 644
1522 682
682 1122
653 1777
1318 653
655 653
2669 2940
656 2669
658 2669
1022 663
787 2985
1859 661
661 787
663 787
1788 1405
664 1788
3023 1788
1298 2091
1264 2091
1510 2091
3766 1900
921 1848
1543 2538
1900 1543
1848 1543
1633 3078
996 670
3078 670
2281 670
943 3324
3019 3324
1364 1711
1466 598
1711 3594
598 3594
1901 1835
673 1835
3133 675
2345 1330
675 1330
1446 1330
2413 1163
1613 2165
774 683
2165 683
3457 1595
2715 2896
2761 2896
1595 2896
2205 1248
1324 1248
1041 689
1405 689
1920 2356
2356 2203
693 2203
696 2203
2559 700
700 1076
701 1076
3417 704
1895 2321
703 1895
704 1895
2407 714
711 715
714 715
1172 595
595 857
717 857
1099 586
1015 586
1259 750
721 349
1174 865
3040 795
1457 720
750 721
865 721
720 721
795 721
379 1092
2259 379
724 379
3456 2263
3285 2263
1720 1171
496 727
1728 1834
1818 1728
727 1728
1294 731
1168 731
1371 735
1025 736
735 736
1529 1689
1839 1947
1579 1947
1689 1947
3213 965
745 965
1190 748
748 751
753 751
797 756
755 1676
756 1676
760 461
1135 461
1081 762
763 762
2904 888
2357 3228
888 3228
1059 3228
989 1006
1460 1006
923 392
765 766
392 766
2077 769
1497 1880
3738 2238
769 3738
1880 3738
1018 773
1662 571
1242 777
571 777
773 777
695 2018
2018 829
2003 829
1740 2146
780 852
2146 852
1586 2098
781 2098
2137 1353
1027 1489
1489 2137
1741 948
2607 2251
2607 1928
782 2607
948 2607
792 3434
3034 790
1673 1048
1583 792
1048 792
790 792
1863 797
793 797
1425 806
799 2180
806 2180
1982 812
809 812
815 935
3765 815
2473 815
1466 819
2229 1553
668 1725
819 668
1553 668
830 705
1823 830
831 2559
1757 2559
2207 1232
3352 533
533 1592
1232 1592
3457 3179
3179 1622
905 1622
837 845
841 845
1466 848
1537 929
848 1896
929 1896
1453 2285
994 2285
849 2347
1578 2347
1630 851
3246 2265
851 3246
853 3246
2311 858
858 863
1327 863
1027 413
864 867
413 867
1768 2744
1750 1224
2744 1967
1224 1967
2404 535
870 874
535 874
695 881
1811 1136
875 1811
881 1811
1443 448
1050 448
882 2094
990 882
2251 882
1879 886
1777 2555
1270 2555
1651 2762
1870 590
2762 590
1511 1179
3591 2512
1417 1055
1528 3485
2512 1511
3485 1511
1055 1511
2267 2776
1598 1220
2776 1220
1376 3508
1699 1211
3508 1211
895 3056
2529 3056
1690 899
1106 903
899 903
900 903
628 1212
1255 1659
3528 1255
1212 1255
3410 1255
1785 1706
907 1785
684 2020
914 2020
3707 2020
1225 2223
1466 915
2223 531
915 531
1897 922
918 923
922 923
1165 2162
1731 1165
924 1165
2119 2055
808 1231
1231 2119
2659 451
2354 451
1371 933
3360 3417
933 3417
936 2305
1131 2305
2128 1921
1729 2128
941 2128
1007 1396
433 1007
968 1007
1221 999
2553 2043
1908 1221
2043 1221
1083 2404
946 2789
1685 1442
1442 3197
1737 3197
2179 949
1468 1897
949 1897
951 1897
1406 1218
1218 1692
1375 1692
957 1768
1562 1768
1478 2163
1867 1478
962 1478
1155 850
2077 1490
1497 3406
1490 1677
3406 1677
1194 969
1850 1209
1017 971
1209 971
2808 971
969 971
973 743
3352 2062
2062 973
401 2096
1466 2089
2096 1808
2089 1808
1710 2500
2500 3034
2443 2144
2120 1398
3492 2443
1398 2443
901 1807
1507 1613
1807 1613
977 981
1804 981
771 1167
984 1158
1167 984
982 984
1371 993
2427 1633
993 1633
770 1459
2985 1459
1256 1544
1786 1250
1544 1250
1632 1250
1199 502
1846 502
2253 2192
2192 496
2338 496
3133 2090
1321 2407
2090 2407
1283 2334
2334 1417
2397 2320
1942 2320
2746 1775
2333 544
1775 2333
1604 2333
1359 2139
2139 3735
3423 3735
2125 1976
2940 1976
1370 1608
1403 1608
2321 2145
2318 2145
2316 2311
1725 2311
2310 1467
2309 1467
2391 2527
2265 1110
2527 1110
1857 1129
1466 2326
1129 1415
2326 1415
1240 939
1466 1334
939 669
1334 669
2242 1193
3504 2242
2238 2242
1840 1314
1988 1840
2300 1840
2141 2069
3018 2069
1792 2069
1498 2329
1751 2329
1092 1682
1571 1682
935 1246
1118 1246
956 1246
3352 3624
3624 1018
2348 3685
1306 3685
2296 3582
1281 3015
3015 2296
2149 2198
1834 2198
2294 2198
1523 1020
463 1523
1023 1523
1162 1217
2288 2064
1217 2064
2283 1769
1989 1769
2280 2267
2094 2267
1570 2257
1937 2257
2264 2257
3794 2257
1958 2253
1481 2253
3571 2136
2136 1966
1546 1966
1272 1966
2249 2246
3434 2246
1625 2244
1362 2244
1454 2181
2675 1438
1533 2217
1530 1416
1438 1530
2217 1530
2006 383
2241 383
1645 383
2688 383
1521 2424
1671 2424
820 2837
1010 2837
1552 2439
2236 429
1780 429
2439 429
1319 1522
2234 1522
1907 1522
2232 2228
1939 2228
1800 1462
1462 1906
705 2221
1638 2221
2215 2079
1001 2079
3392 2245
2210 2245
1071 1424
616 1424
2206 1424
1905 3111
2279 1233
1233 1905
1874 1957
1970 1957
1855 2032
2092 1855
1584 1855
2200 1693
2197 1693
589 1918
2835 1918
1347 1183
2823 1347
1371 1238
3292 3148
1238 3148
1410 1529
2190 1529
2525 2662
2187 699
2662 699
1400 354
2167 354
2163 354
2166 1401
2162 2166
3083 2166
1476 2166
2156 2150
2343 2150
1428 1746
1183 2148
1746 2148
1154 2132
3111 2132
632 1425
1561 1653
2127 1653
645 2120
1516 2120
2118 1899
2522 1899
573 2113
3686 1797
2113 1797
2103 1797
986 1078
1190 2093
2093 986
1621 2082
2082 1920
2081 1920
2626 1161
716 1649
1649 2626
2538 2525
426 2525
1806 2077
791 1105
2057 2881
2881 791
1379 2746
2070 2746
1726 2054
2060 2054
1664 3275
2049 1664
1342 1664
871 1496
1073 1496
3571 1098
3514 1173
1098 1173
1700 1657
1549 1904
1904 1700
679 3426
546 3426
2021 3002
2005 2021
2032 2021
2039 2021
2035 2021
1345 3457
1928 3457
1817 1999
1997 1999
2779 1100
878 1520
1866 1993
1679 1854
2261 1091
1100 878
1993 878
1854 878
1091 878
3042 628
1990 628
1973 1397
1971 1397
1954 1790
1960 1790
2588 1790
2050 1790
1949 1945
3275 1945
1734 1933
1194 2709
1755 1029
783 2111
2817 1940
1933 1194
1029 1194
2111 1194
1940 1194
1931 1750
3545 1750
1193 1750
1002 1558
2016 1558
2490 1558
2122 1684
1675 1929
1684 1929
2654 1565
2057 2387
2387 2654
2337 2654
3329 771
1921 1235
3458 1235
2100 3766
1488 1913
1913 1280
1909 3554
1776 1911
1911 1909
3274 1909
1959 1739
1466 1903
1470 1123
1739 1470
1903 1470
1371 1303
1416 1371
1427 1925
1667 1925
1631 3216
1067 3216
1629 1162
1299 1162
1243 1047
1101 1047
1441 1893
3635 1893
1889 3133
1669 2185
1502 2185
1678 2155
1466 1207
2155 1916
1207 1916
2140 1969
1969 1354
477 1859
1873 1859
1565 1698
348 1698
1373 1852
1659 1852
1850 3734
2144 1850
1219 1850
1851 1850
836 1850
2315 1026
1843 2315
686 2315
1607 1830
1340 1021
1830 1021
1056 1060
1883 1060
833 1827
3297 1827
1820 1812
3777 1812
1020 1924
803 1924
3554 2314
1303 2314
1005 995
995 1094
1136 1094
999 1359
1066 1359
1120 1005
1654 1012
1401 1012
1497 1930
1930 1740
1464 1740
1286 1621
1026 1621
1150 3321
1748 3321
925 1022
1123 1022
