3802 4791
0 20 40
1 9 8
2 7 8
3 5 9
4 40 30
5 30 20
6 5 5
7 7 10
8 30 30
9 50 40
10 9 5
11 9 10
12 40 20
13 7 10
14 9 5
15 8 5
16 8 6
17 6 9
18 10 9
19 7 5
20 20 20
21 40 30
22 8 6
23 9 8
24 10 10
25 10 8
26 9 7
27 5 9
28 6 10
29 20 40
30 9 10
31 9 10
32 5 10
33 10 6
34 6 8
35 20 30
36 5 5
37 8 7
38 30 50
39 10 5
40 5 7
41 7 7
42 9 7
43 40 30
44 7 10
45 7 6
46 20 40
47 9 9
48 10 6
49 5 5
50 6 9
51 20 20
52 5 5
53 7 8
54 40 30
55 30 30
56 8 5
57 9 6
58 40 50
59 8 8
60 9 6
61 10 7
62 30 40
63 5 9
64 20 40
65 5 6
66 9 8
67 40 50
68 7 8
69 30 30
70 7 10
71 9 7
72 5 7
73 50 50
74 30 20
75 30 20
76 10 7
77 6 8
78 7 9
79 8 10
80 5 8
81 10 5
82 40 40
83 5 7
84 30 40
85 6 8
86 30 20
87 5 8
88 6 10
89 9 5
90 40 30
91 30 30
92 8 6
93 7 7
94 8 9
95 40 20
96 6 7
97 10 8
98 7 9
99 7 8
100 30 50
101 5 9
102 8 7
103 8 8
104 5 9
105 7 7
106 7 10
107 7 8
108 5 10
109 7 7
110 8 6
111 30 30
112 5 9
113 5 6
114 9 6
115 40 50
116 30 50
117 40 20
118 6 5
119 9 9
120 6 7
121 30 50
122 8 6
123 6 5
124 5 5
125 7 8
126 6 9
127 7 8
128 6 5
129 20 30
130 7 7
131 9 6
132 6 10
133 5 8
134 7 8
135 50 50
136 9 9
137 20 20
138 7 8
139 40 30
140 6 9
141 6 9
142 7 7
143 8 8
144 30 40
145 10 7
146 6 8
147 40 30
148 40 30
149 9 8
150 10 10
151 6 10
152 20 30
153 9 10
154 7 9
155 30 50
156 7 8
157 6 9
158 10 7
159 20 40
160 10 9
161 10 6
162 8 10
163 20 20
164 6 8
165 8 10
166 40 40
167 5 6
168 10 7
169 6 10
170 5 10
171 30 50
172 8 9
173 6 6
174 10 7
175 9 10
176 50 50
177 8 7
178 30 40
179 10 9
180 5 9
181 9 7
182 6 6
183 9 5
184 30 20
185 5 10
186 9 7
187 6 9
188 10 8
189 7 9
190 8 9
191 5 5
192 6 10
193 5 7
194 8 7
195 6 6
196 8 9
197 5 7
198 9 5
199 6 10
200 10 8
201 50 30
202 8 9
203 5 8
204 5 10
205 10 5
206 10 7
207 50 50
208 50 50
209 10 10
210 6 9
211 5 9
212 6 9
213 20 20
214 5 10
215 40 40
216 5 9
217 10 5
218 5 5
219 9 7
220 8 6
221 7 7
222 10 8
223 20 40
224 30 40
225 10 7
226 40 20
227 10 6
228 5 9
229 20 30
230 30 40
231 30 20
232 6 5
233 6 7
234 7 9
235 30 50
236 20 40
237 6 10
238 20 30
239 7 6
240 10 10
241 8 8
242 30 50
243 20 40
244 9 5
245 9 8
246 9 6
247 7 8
248 5 9
249 8 9
250 8 8
251 6 8
252 8 10
253 5 10
254 7 9
255 30 50
256 7 7
257 7 6
258 6 10
259 8 10
260 7 8
261 7 10
262 5 9
263 40 40
264 10 6
265 30 40
266 20 40
267 30 40
268 7 7
269 10 5
270 50 40
271 30 30
272 10 8
273 9 9
274 6 5
275 10 7
276 40 40
277 8 5
278 20 40
279 40 50
280 50 50
281 10 10
282 6 8
283 20 40
284 7 5
285 50 20
286 9 9
287 6 10
288 30 20
289 5 7
290 7 5
291 5 9
292 40 20
293 7 7
294 8 10
295 20 20
296 10 8
297 7 5
298 40 30
299 40 40
300 20 40
301 40 40
302 7 7
303 7 10
304 6 9
305 30 40
306 10 6
307 10 6
308 8 6
309 5 6
310 9 6
311 8 6
312 6 6
313 7 10
314 8 6
315 30 50
316 5 6
317 10 5
318 30 40
319 9 6
320 6 10
321 9 10
322 10 10
323 50 40
324 30 30
325 20 50
326 9 6
327 40 30
328 5 8
329 8 6
330 20 40
331 10 7
332 5 5
333 6 7
334 10 6
335 40 30
336 8 10
337 7 8
338 50 20
339 7 5
340 10 6
341 20 30
342 10 9
343 50 40
344 50 20
345 7 10
346 9 9
347 7 5
348 8 6
349 9 6
350 5 5
351 10 9
352 7 9
353 5 9
354 20 20
355 20 20
356 30 30
357 50 40
358 50 50
359 10 10
360 8 10
361 7 5
362 6 7
363 10 9
364 9 10
365 8 8
366 8 8
367 7 7
368 10 10
369 5 9
370 40 20
371 5 7
372 40 40
373 5 9
374 6 10
375 30 20
376 7 8
377 5 8
378 20 50
379 7 5
380 8 5
381 8 8
382 30 40
383 10 8
384 5 5
385 10 8
386 20 30
387 30 20
388 6 6
389 5 8
390 6 8
391 10 6
392 8 8
393 9 6
394 7 5
395 20 20
396 10 7
397 5 5
398 20 40
399 10 10
400 7 10
401 10 9
402 30 30
403 50 40
404 50 30
405 40 30
406 8 5
407 5 7
408 8 5
409 30 40
410 40 40
411 20 30
412 7 5
413 30 40
414 7 10
415 6 7
416 9 8
417 8 8
418 30 40
419 7 7
420 6 9
421 50 50
422 6 8
423 9 9
424 9 6
425 5 9
426 5 7
427 50 20
428 10 7
429 9 9
430 6 6
431 6 10
432 7 8
433 6 5
434 7 8
435 30 50
436 9 9
437 10 7
438 50 20
439 5 8
440 9 7
441 9 6
442 20 40
443 30 50
444 7 5
445 6 9
446 5 9
447 10 7
448 8 10
449 6 6
450 10 9
451 5 5
452 9 6
453 30 30
454 20 20
455 7 6
456 6 10
457 8 9
458 10 5
459 8 7
460 9 6
461 9 5
462 50 20
463 8 8
464 10 6
465 5 8
466 10 9
467 8 5
468 6 9
469 10 5
470 20 50
471 50 40
472 8 7
473 9 7
474 6 5
475 5 9
476 10 8
477 40 30
478 6 5
479 10 6
480 5 8
481 7 8
482 30 30
483 10 5
484 30 50
485 6 10
486 30 20
487 7 5
488 50 20
489 9 5
490 20 30
491 9 8
492 30 50
493 5 8
494 9 10
495 6 8
496 9 7
497 9 5
498 8 8
499 5 9
500 5 7
501 9 5
502 20 20
503 8 8
504 7 7
505 8 7
506 9 6
507 7 6
508 50 20
509 5 8
510 40 50
511 6 9
512 8 8
513 20 20
514 9 8
515 20 30
516 5 7
517 7 9
518 6 9
519 20 50
520 30 50
521 30 50
522 8 7
523 6 7
524 7 5
525 6 7
526 10 5
527 6 6
528 10 8
529 10 6
530 50 40
531 10 5
532 30 50
533 10 6
534 10 10
535 6 10
536 7 6
537 5 8
538 8 8
539 8 10
540 40 40
541 5 9
542 8 5
543 8 9
544 10 9
545 5 7
546 8 8
547 7 8
548 10 10
549 5 10
550 8 6
551 6 10
552 20 50
553 8 5
554 30 30
555 20 40
556 7 6
557 7 10
558 5 10
559 50 40
560 7 9
561 40 50
562 9 5
563 5 6
564 40 50
565 10 5
566 30 50
567 10 10
568 50 50
569 8 5
570 30 30
571 50 30
572 5 6
573 9 10
574 20 30
575 20 20
576 8 6
577 7 5
578 5 9
579 5 7
580 50 40
581 50 30
582 9 7
583 50 40
584 5 10
585 9 7
586 8 5
587 8 8
588 8 5
589 30 30
590 40 30
591 9 6
592 20 20
593 20 30
594 20 50
595 8 9
596 40 30
597 7 6
598 40 40
599 5 7
600 30 50
601 9 8
602 40 20
603 9 8
604 7 10
605 50 40
606 8 9
607 8 5
608 5 6
609 7 8
610 10 10
611 40 40
612 8 8
613 6 6
614 7 10
615 9 6
616 8 9
617 10 7
618 7 9
619 30 50
620 5 7
621 10 7
622 40 20
623 7 9
624 40 50
625 9 7
626 20 40
627 7 7
628 6 8
629 7 8
630 10 9
631 5 10
632 20 30
633 7 10
634 6 7
635 50 50
636 8 5
637 9 5
638 9 5
639 10 6
640 5 5
641 20 30
642 50 50
643 9 7
644 7 9
645 9 8
646 6 5
647 7 5
648 30 50
649 50 50
650 40 40
651 40 20
652 30 20
653 6 8
654 10 7
655 10 6
656 8 5
657 9 9
658 6 10
659 10 9
660 5 5
661 8 6
662 30 50
663 10 5
664 8 6
665 9 6
666 5 6
667 7 5
668 7 7
669 6 9
670 6 9
671 20 40
672 9 7
673 8 10
674 5 8
675 40 50
676 8 9
677 10 9
678 10 9
679 7 6
680 20 30
681 8 7
682 40 30
683 8 9
684 7 6
685 40 50
686 9 5
687 9 6
688 8 6
689 40 30
690 5 5
691 30 20
692 5 8
693 7 6
694 10 7
695 5 5
696 8 9
697 8 8
698 10 8
699 9 7
700 8 6
701 8 8
702 6 7
703 6 5
704 40 40
705 50 50
706 40 40
707 5 8
708 20 20
709 5 10
710 10 7
711 30 20
712 20 50
713 30 30
714 9 5
715 7 7
716 50 20
717 7 8
718 9 8
719 6 5
720 5 10
721 6 8
722 9 9
723 10 10
724 10 10
725 6 8
726 10 6
727 10 5
728 9 10
729 40 30
730 5 7
731 8 5
732 9 8
733 8 9
734 9 5
735 5 9
736 5 6
737 9 5
738 40 30
739 50 20
740 9 9
741 8 7
742 6 6
743 6 6
744 8 5
745 7 10
746 20 20
747 30 20
748 5 10
749 10 10
750 30 50
751 50 30
752 40 50
753 10 6
754 20 50
755 5 5
756 40 20
757 7 7
758 50 30
759 5 8
760 9 7
761 6 9
762 7 9
763 5 7
764 10 8
765 5 10
766 6 7
767 50 40
768 20 50
769 7 10
770 7 8
771 8 10
772 5 6
773 9 8
774 5 6
775 5 9
776 30 30
777 7 9
778 5 5
779 5 10
780 40 20
781 7 5
782 6 10
783 50 30
784 8 6
785 7 9
786 10 10
787 7 5
788 40 20
789 8 5
790 8 5
791 9 7
792 7 9
793 6 8
794 7 8
795 30 40
796 8 10
797 10 7
798 30 40
799 7 5
800 9 5
801 10 9
802 50 30
803 6 5
804 10 8
805 40 40
806 5 5
807 5 6
808 10 8
809 8 10
810 8 5
811 8 9
812 20 40
813 9 10
814 5 8
815 8 10
816 20 50
817 6 6
818 8 9
819 9 7
820 7 9
821 7 8
822 7 10
823 10 9
824 7 5
825 50 30
826 5 8
827 7 5
828 9 9
829 40 20
830 8 6
831 7 5
832 30 20
833 30 30
834 8 7
835 8 7
836 20 50
837 5 10
838 9 8
839 50 40
840 6 5
841 8 8
842 10 10
843 10 5
844 6 8
845 20 20
846 5 7
847 10 9
848 8 7
849 9 6
850 6 10
851 5 5
852 10 6
853 7 8
854 50 50
855 8 10
856 40 30
857 40 20
858 40 20
859 50 50
860 7 10
861 5 6
862 7 5
863 7 10
864 6 7
865 9 5
866 40 40
867 7 8
868 20 30
869 50 50
870 5 8
871 20 50
872 8 10
873 5 10
874 40 50
875 10 5
876 10 9
877 7 6
878 8 6
879 10 8
880 6 7
881 20 50
882 5 7
883 5 10
884 7 6
885 5 8
886 20 40
887 6 8
888 6 10
889 50 30
890 7 9
891 9 6
892 7 7
893 7 7
894 7 9
895 6 7
896 7 5
897 10 9
898 8 5
899 50 20
900 9 8
901 6 9
902 7 7
903 50 30
904 6 5
905 30 30
906 20 30
907 8 6
908 50 30
909 50 30
910 20 50
911 5 5
912 20 50
913 50 40
914 30 30
915 6 9
916 6 8
917 5 8
918 10 10
919 9 10
920 20 50
921 40 20
922 6 10
923 8 8
924 20 20
925 7 6
926 10 9
927 6 9
928 40 30
929 20 40
930 8 6
931 8 7
932 5 7
933 10 7
934 30 30
935 40 50
936 5 7
937 7 10
938 7 7
939 50 30
940 5 8
941 7 6
942 20 50
943 5 7
944 7 5
945 10 10
946 10 10
947 50 50
948 10 6
949 5 7
950 5 7
951 6 7
952 7 7
953 30 40
954 30 20
955 5 7
956 40 50
957 8 8
958 10 6
959 7 5
960 8 9
961 20 30
962 6 10
963 10 10
964 7 8
965 10 8
966 30 40
967 10 9
968 50 20
969 30 20
970 7 8
971 9 9
972 30 50
973 9 6
974 40 20
975 6 10
976 7 5
977 10 9
978 40 50
979 5 5
980 6 9
981 20 20
982 30 20
983 6 6
984 20 20
985 7 9
986 40 40
987 40 30
988 9 8
989 5 6
990 8 9
991 20 50
992 10 9
993 20 20
994 5 8
995 9 10
996 5 8
997 6 10
998 8 7
999 20 50
1000 9 7
1001 9 9
1002 10 9
1003 50 30
1004 8 5
1005 7 9
1006 5 6
1007 5 7
1008 40 40
1009 7 9
1010 6 6
1011 9 8
1012 50 40
1013 9 9
1014 8 7
1015 5 9
1016 9 6
1017 20 20
1018 5 7
1019 10 8
1020 8 7
1021 8 9
1022 9 6
1023 50 20
1024 6 5
1025 5 6
1026 50 50
1027 7 10
1028 10 5
1029 6 5
1030 7 8
1031 20 30
1032 50 30
1033 5 8
1034 8 9
1035 5 9
1036 10 6
1037 8 5
1038 5 10
1039 5 8
1040 7 6
1041 9 6
1042 50 40
1043 8 6
1044 8 8
1045 30 40
1046 5 8
1047 6 10
1048 6 5
1049 5 6
1050 7 8
1051 9 10
1052 5 8
1053 8 8
1054 10 8
1055 5 6
1056 8 6
1057 50 30
1058 50 50
1059 20 40
1060 10 7
1061 6 8
1062 6 5
1063 7 5
1064 8 7
1065 9 7
1066 6 6
1067 20 20
1068 6 9
1069 10 9
1070 8 7
1071 10 10
1072 20 40
1073 6 8
1074 9 9
1075 50 30
1076 6 8
1077 30 40
1078 30 50
1079 7 6
1080 8 9
1081 7 6
1082 30 50
1083 8 10
1084 9 7
1085 30 20
1086 7 10
1087 8 7
1088 8 6
1089 20 40
1090 10 7
1091 10 10
1092 7 7
1093 9 10
1094 50 30
1095 30 20
1096 6 7
1097 30 50
1098 40 30
1099 20 20
1100 9 7
1101 50 20
1102 9 10
1103 9 6
1104 40 40
1105 8 10
1106 10 10
1107 30 20
1108 50 40
1109 8 9
1110 5 10
1111 8 10
1112 10 6
1113 9 9
1114 6 6
1115 8 5
1116 7 10
1117 6 5
1118 8 7
1119 40 40
1120 50 40
1121 6 6
1122 10 6
1123 8 6
1124 50 20
1125 9 7
1126 8 5
1127 7 8
1128 8 5
1129 8 9
1130 5 9
1131 7 9
1132 9 7
1133 10 8
1134 5 9
1135 10 8
1136 5 7
1137 6 7
1138 8 9
1139 9 5
1140 10 9
1141 6 8
1142 6 7
1143 30 40
1144 30 30
1145 50 20
1146 5 5
1147 30 50
1148 50 30
1149 50 50
1150 7 10
1151 8 6
1152 6 6
1153 10 7
1154 10 5
1155 50 40
1156 5 7
1157 10 8
1158 40 40
1159 20 40
1160 10 10
1161 7 7
1162 30 50
1163 6 6
1164 8 5
1165 8 7
1166 6 10
1167 5 5
1168 7 5
1169 10 10
1170 8 7
1171 40 20
1172 50 30
1173 8 10
1174 10 8
1175 40 30
1176 50 50
1177 8 8
1178 7 5
1179 5 8
1180 7 5
1181 20 50
1182 7 8
1183 5 8
1184 7 6
1185 6 6
1186 10 10
1187 30 40
1188 30 30
1189 30 20
1190 40 40
1191 7 6
1192 5 9
1193 50 20
1194 6 9
1195 50 50
1196 10 8
1197 20 40
1198 7 9
1199 9 5
1200 10 10
1201 6 6
1202 40 50
1203 10 10
1204 6 9
1205 10 5
1206 5 5
1207 50 20
1208 6 8
1209 5 6
1210 5 10
1211 30 40
1212 50 30
1213 6 6
1214 20 20
1215 30 30
1216 5 10
1217 50 50
1218 20 40
1219 5 9
1220 8 9
1221 9 5
1222 9 10
1223 10 9
1224 6 5
1225 5 10
1226 30 20
1227 8 10
1228 7 7
1229 7 9
1230 9 6
1231 9 5
1232 8 6
1233 7 5
1234 20 30
1235 9 9
1236 5 5
1237 7 6
1238 40 40
1239 9 5
1240 10 8
1241 5 10
1242 20 40
1243 5 7
1244 9 9
1245 8 8
1246 40 40
1247 8 7
1248 10 8
1249 30 20
1250 10 6
1251 40 50
1252 5 10
1253 6 10
1254 5 6
1255 20 40
1256 10 5
1257 30 20
1258 40 30
1259 8 6
1260 6 10
1261 7 8
1262 10 10
1263 30 40
1264 5 7
1265 7 10
1266 7 6
1267 50 40
1268 10 10
1269 30 30
1270 7 5
1271 8 10
1272 7 8
1273 10 7
1274 50 50
1275 20 40
1276 40 50
1277 9 8
1278 5 8
1279 10 5
1280 8 9
1281 30 20
1282 40 50
1283 9 10
1284 7 5
1285 30 40
1286 7 9
1287 5 7
1288 6 6
1289 5 10
1290 6 9
1291 50 50
1292 6 5
1293 5 6
1294 6 7
1295 8 7
1296 5 7
1297 5 7
1298 6 5
1299 5 8
1300 40 40
1301 50 20
1302 7 9
1303 5 5
1304 40 50
1305 50 50
1306 6 5
1307 8 8
1308 8 6
1309 5 5
1310 5 7
1311 50 20
1312 8 9
1313 6 9
1314 7 7
1315 5 6
1316 7 10
1317 10 5
1318 9 9
1319 7 8
1320 9 8
1321 8 9
1322 7 7
1323 40 40
1324 20 50
1325 6 5
1326 30 20
1327 9 6
1328 6 5
1329 5 7
1330 6 10
1331 6 8
1332 6 7
1333 8 8
1334 7 10
1335 7 8
1336 8 9
1337 5 10
1338 5 5
1339 5 5
1340 30 20
1341 40 40
1342 5 8
1343 20 30
1344 6 10
1345 5 9
1346 20 30
1347 20 50
1348 9 10
1349 7 8
1350 10 7
1351 20 30
1352 7 9
1353 30 20
1354 8 5
1355 7 9
1356 9 6
1357 8 10
1358 7 5
1359 9 6
1360 8 6
1361 9 9
1362 40 20
1363 40 20
1364 7 8
1365 6 8
1366 10 7
1367 8 7
1368 6 5
1369 8 6
1370 30 20
1371 20 40
1372 6 10
1373 7 5
1374 9 8
1375 10 10
1376 9 8
1377 10 6
1378 8 5
1379 9 9
1380 9 10
1381 30 30
1382 5 9
1383 5 8
1384 10 9
1385 10 8
1386 5 5
1387 6 6
1388 6 6
1389 5 7
1390 9 7
1391 40 50
1392 20 30
1393 20 20
1394 9 7
1395 50 50
1396 5 10
1397 9 6
1398 7 8
1399 10 7
1400 5 9
1401 5 7
1402 10 7
1403 40 30
1404 9 5
1405 5 10
1406 30 50
1407 6 5
1408 5 10
1409 7 7
1410 50 20
1411 9 7
1412 7 8
1413 10 9
1414 5 5
1415 6 7
1416 20 50
1417 10 9
1418 5 6
1419 10 7
1420 50 20
1421 7 5
1422 8 10
1423 7 6
1424 40 40
1425 6 6
1426 40 40
1427 10 10
1428 7 5
1429 6 9
1430 10 9
1431 20 30
1432 9 9
1433 50 30
1434 7 7
1435 6 6
1436 50 30
1437 30 50
1438 5 10
1439 6 10
1440 5 10
1441 9 9
1442 7 10
1443 9 10
1444 6 8
1445 5 5
1446 20 30
1447 8 8
1448 5 8
1449 10 5
1450 20 20
1451 8 8
1452 10 7
1453 10 6
1454 40 30
1455 5 10
1456 7 10
1457 20 50
1458 5 8
1459 6 5
1460 20 40
1461 50 50
1462 10 9
1463 7 8
1464 30 50
1465 6 5
1466 6 6
1467 8 8
1468 8 6
1469 8 6
1470 40 30
1471 7 7
1472 10 6
1473 10 6
1474 50 40
1475 7 10
1476 9 6
1477 8 5
1478 5 8
1479 9 10
1480 9 9
1481 7 10
1482 30 30
1483 8 6
1484 5 10
1485 8 10
1486 8 5
1487 10 7
1488 8 9
1489 6 8
1490 10 5
1491 10 7
1492 40 20
1493 8 5
1494 10 8
1495 20 40
1496 9 9
1497 9 10
1498 20 40
1499 9 9
1500 5 10
1501 40 50
1502 9 5
1503 7 8
1504 50 50
1505 10 8
1506 9 7
1507 30 40
1508 20 50
1509 10 6
1510 7 6
1511 9 6
1512 7 10
1513 50 30
1514 50 50
1515 8 9
1516 8 6
1517 9 8
1518 50 40
1519 9 10
1520 50 50
1521 7 10
1522 30 30
1523 10 10
1524 7 10
1525 20 50
1526 8 10
1527 8 9
1528 40 20
1529 5 8
1530 10 8
1531 10 6
1532 9 7
1533 6 6
1534 8 5
1535 8 8
1536 30 40
1537 7 8
1538 8 6
1539 30 50
1540 6 7
1541 10 10
1542 6 9
1543 50 40
1544 30 50
1545 20 40
1546 10 8
1547 5 7
1548 40 20
1549 6 6
1550 9 8
1551 6 7
1552 30 40
1553 9 10
1554 6 7
1555 10 5
1556 50 40
1557 5 5
1558 10 6
1559 10 9
1560 7 5
1561 9 7
1562 9 7
1563 40 30
1564 10 6
1565 7 10
1566 5 7
1567 6 6
1568 5 9
1569 9 7
1570 8 9
1571 5 7
1572 6 9
1573 9 10
1574 8 10
1575 10 6
1576 6 9
1577 50 20
1578 30 50
1579 10 8
1580 9 8
1581 40 40
1582 10 5
1583 8 9
1584 8 9
1585 40 40
1586 50 30
1587 9 10
1588 50 20
1589 8 7
1590 9 8
1591 10 5
1592 10 6
1593 10 6
1594 10 8
1595 30 30
1596 8 6
1597 9 5
1598 30 50
1599 5 7
1600 30 50
1601 20 30
1602 8 7
1603 30 40
1604 50 20
1605 9 8
1606 8 6
1607 9 8
1608 8 8
1609 7 6
1610 8 9
1611 7 5
1612 20 50
1613 10 9
1614 6 9
1615 6 10
1616 7 5
1617 10 9
1618 50 40
1619 7 8
1620 50 50
1621 40 50
1622 5 5
1623 30 30
1624 5 8
1625 6 10
1626 6 10
1627 40 40
1628 7 6
1629 40 50
1630 7 7
1631 50 30
1632 9 8
1633 20 40
1634 20 20
1635 5 7
1636 8 6
1637 6 5
1638 30 20
1639 40 40
1640 30 40
1641 10 6
1642 20 50
1643 40 30
1644 9 10
1645 8 10
1646 10 7
1647 8 8
1648 30 50
1649 7 6
1650 9 5
1651 20 50
1652 7 7
1653 40 40
1654 20 20
1655 20 50
1656 8 5
1657 7 5
1658 20 40
1659 20 30
1660 7 10
1661 10 10
1662 8 10
1663 5 9
1664 10 8
1665 30 40
1666 10 5
1667 50 20
1668 9 10
1669 9 8
1670 7 10
1671 50 50
1672 7 7
1673 6 9
1674 9 7
1675 6 8
1676 9 5
1677 8 6
1678 6 6
1679 30 30
1680 10 5
1681 5 7
1682 6 9
1683 6 7
1684 10 9
1685 50 40
1686 40 40
1687 6 10
1688 5 10
1689 7 8
1690 30 50
1691 7 10
1692 50 40
1693 9 7
1694 8 6
1695 30 50
1696 7 7
1697 50 40
1698 8 6
1699 7 7
1700 30 30
1701 5 5
1702 7 10
1703 30 50
1704 6 8
1705 10 6
1706 9 6
1707 8 7
1708 9 6
1709 50 20
1710 5 7
1711 7 5
1712 10 5
1713 7 10
1714 6 5
1715 40 20
1716 10 8
1717 50 40
1718 6 7
1719 40 50
1720 6 6
1721 30 30
1722 6 5
1723 8 5
1724 40 20
1725 20 30
1726 8 10
1727 8 5
1728 20 20
1729 8 7
1730 5 9
1731 9 8
1732 10 7
1733 10 5
1734 8 9
1735 10 7
1736 20 50
1737 6 7
1738 9 6
1739 20 40
1740 40 30
1741 7 10
1742 8 6
1743 40 40
1744 6 8
1745 20 30
1746 9 5
1747 9 9
1748 50 20
1749 20 20
1750 6 10
1751 10 9
1752 6 8
1753 8 9
1754 7 10
1755 20 40
1756 6 5
1757 50 40
1758 30 50
1759 30 30
1760 8 9
1761 7 8
1762 8 5
1763 6 7
1764 6 7
1765 6 10
1766 9 6
1767 6 7
1768 30 40
1769 6 7
1770 5 10
1771 7 7
1772 5 7
1773 7 7
1774 30 20
1775 7 7
1776 6 7
1777 8 5
1778 20 20
1779 10 9
1780 8 8
1781 6 5
1782 5 10
1783 9 5
1784 5 5
1785 50 20
1786 5 5
1787 5 5
1788 5 10
1789 7 6
1790 6 6
1791 10 8
1792 10 6
1793 6 8
1794 20 30
1795 6 10
1796 8 6
1797 6 10
1798 7 7
1799 5 9
1800 9 8
1801 9 10
1802 6 10
1803 6 9
1804 6 8
1805 7 9
1806 20 50
1807 30 40
1808 8 9
1809 30 40
1810 5 5
1811 20 50
1812 6 9
1813 7 6
1814 6 10
1815 5 6
1816 7 5
1817 8 10
1818 5 9
1819 9 8
1820 6 10
1821 30 30
1822 5 5
1823 6 5
1824 7 8
1825 6 10
1826 10 8
1827 7 5
1828 7 5
1829 40 20
1830 8 7
1831 10 8
1832 30 20
1833 40 20
1834 5 10
1835 10 9
1836 50 20
1837 8 6
1838 30 20
1839 8 8
1840 50 30
1841 5 7
1842 20 30
1843 5 10
1844 40 40
1845 8 8
1846 9 10
1847 20 40
1848 7 8
1849 10 8
1850 40 30
1851 7 7
1852 7 9
1853 5 7
1854 8 6
1855 50 50
1856 20 20
1857 10 5
1858 5 7
1859 5 5
1860 30 30
1861 40 50
1862 8 6
1863 6 6
1864 6 5
1865 10 7
1866 20 50
1867 50 20
1868 6 9
1869 8 9
1870 8 6
1871 5 7
1872 9 7
1873 9 5
1874 7 8
1875 50 20
1876 8 5
1877 8 7
1878 9 7
1879 8 9
1880 7 6
1881 30 40
1882 7 8
1883 40 40
1884 10 6
1885 9 6
1886 20 30
1887 40 40
1888 7 10
1889 30 30
1890 5 5
1891 5 8
1892 8 7
1893 6 7
1894 5 8
1895 5 5
1896 50 40
1897 8 9
1898 50 40
1899 9 10
1900 6 5
1901 7 8
1902 9 10
1903 10 7
1904 20 50
1905 50 20
1906 50 40
1907 20 20
1908 20 50
1909 5 8
1910 20 40
1911 8 5
1912 10 10
1913 8 10
1914 6 9
1915 8 6
1916 10 7
1917 9 6
1918 5 5
1919 40 20
1920 7 8
1921 10 6
1922 10 7
1923 8 8
1924 7 6
1925 10 8
1926 10 6
1927 10 5
1928 9 7
1929 30 40
1930 40 30
1931 7 10
1932 20 50
1933 7 9
1934 6 10
1935 50 40
1936 5 9
1937 10 9
1938 50 20
1939 5 9
1940 5 6
1941 30 30
1942 20 30
1943 8 7
1944 8 6
1945 5 10
1946 8 8
1947 7 7
1948 50 20
1949 8 5
1950 6 10
1951 5 5
1952 8 9
1953 50 20
1954 30 50
1955 30 40
1956 50 30
1957 7 9
1958 9 7
1959 40 50
1960 6 10
1961 7 10
1962 8 10
1963 20 30
1964 8 8
1965 40 30
1966 50 20
1967 6 6
1968 9 8
1969 40 40
1970 50 50
1971 7 8
1972 10 7
1973 5 10
1974 5 7
1975 10 10
1976 9 8
1977 9 6
1978 8 9
1979 20 30
1980 7 10
1981 6 9
1982 5 5
1983 9 5
1984 40 50
1985 7 6
1986 9 10
1987 50 30
1988 5 5
1989 20 40
1990 50 20
1991 30 50
1992 20 30
1993 50 50
1994 30 30
1995 7 6
1996 20 50
1997 5 8
1998 10 8
1999 9 6
2000 10 10
2001 9 10
2002 5 5
2003 8 9
2004 9 5
2005 7 10
2006 5 10
2007 6 8
2008 50 30
2009 6 6
2010 6 8
2011 20 30
2012 6 7
2013 9 9
2014 9 5
2015 5 10
2016 9 7
2017 10 6
2018 6 9
2019 6 7
2020 6 8
2021 50 20
2022 40 20
2023 30 20
2024 20 50
2025 7 8
2026 8 5
2027 5 9
2028 6 6
2029 8 8
2030 30 20
2031 10 6
2032 30 20
2033 9 7
2034 40 30
2035 5 6
2036 8 8
2037 5 6
2038 9 6
2039 9 10
2040 10 6
2041 6 7
2042 30 40
2043 8 7
2044 30 40
2045 8 10
2046 5 8
2047 5 10
2048 10 7
2049 9 6
2050 7 10
2051 8 7
2052 20 20
2053 9 10
2054 8 9
2055 9 8
2056 7 6
2057 20 20
2058 9 8
2059 20 40
2060 7 10
2061 6 7
2062 20 30
2063 8 8
2064 5 5
2065 10 9
2066 40 20
2067 20 50
2068 20 50
2069 10 10
2070 20 20
2071 8 5
2072 40 30
2073 7 8
2074 30 20
2075 7 9
2076 9 8
2077 5 7
2078 9 9
2079 5 9
2080 40 30
2081 30 20
2082 5 9
2083 9 10
2084 6 8
2085 9 7
2086 9 6
2087 40 50
2088 7 8
2089 10 9
2090 8 8
2091 7 7
2092 8 5
2093 8 8
2094 5 9
2095 10 5
2096 5 6
2097 6 8
2098 8 10
2099 30 40
2100 40 20
2101 5 5
2102 50 40
2103 6 9
2104 20 20
2105 40 40
2106 50 50
2107 7 9
2108 5 5
2109 7 8
2110 6 8
2111 30 30
2112 6 8
2113 10 8
2114 7 10
2115 7 8
2116 5 5
2117 7 10
2118 10 7
2119 5 6
2120 5 8
2121 5 5
2122 9 8
2123 5 5
2124 5 7
2125 6 9
2126 5 10
2127 9 9
2128 8 6
2129 50 20
2130 10 10
2131 30 40
2132 5 10
2133 8 5
2134 8 7
2135 5 8
2136 50 20
2137 50 40
2138 5 7
2139 6 6
2140 10 9
2141 6 8
2142 40 30
2143 6 10
2144 40 20
2145 20 20
2146 9 9
2147 7 5
2148 50 40
2149 9 8
2150 5 5
2151 30 40
2152 30 40
2153 50 40
2154 40 20
2155 50 30
2156 5 5
2157 7 5
2158 40 40
2159 5 9
2160 5 7
2161 9 6
2162 5 9
2163 40 30
2164 10 5
2165 30 20
2166 6 9
2167 6 10
2168 8 10
2169 20 40
2170 7 6
2171 6 7
2172 9 10
2173 6 9
2174 8 10
2175 10 6
2176 5 8
2177 8 7
2178 7 9
2179 30 40
2180 9 8
2181 20 20
2182 40 30
2183 9 7
2184 5 7
2185 7 9
2186 10 10
2187 50 30
2188 10 7
2189 8 9
2190 20 40
2191 9 9
2192 40 30
2193 40 40
2194 20 40
2195 30 40
2196 8 6
2197 6 9
2198 40 20
2199 5 6
2200 6 10
2201 10 10
2202 30 30
2203 6 5
2204 20 50
2205 8 5
2206 6 9
2207 5 8
2208 10 5
2209 8 6
2210 8 8
2211 40 20
2212 6 7
2213 10 6
2214 8 8
2215 5 6
2216 10 9
2217 9 8
2218 8 5
2219 50 20
2220 8 7
2221 50 20
2222 20 20
2223 6 8
2224 30 30
2225 40 50
2226 8 7
2227 9 9
2228 5 10
2229 7 7
2230 6 10
2231 8 9
2232 7 9
2233 5 7
2234 5 6
2235 9 8
2236 30 40
2237 10 5
2238 6 9
2239 7 6
2240 10 8
2241 9 8
2242 9 5
2243 20 50
2244 9 10
2245 8 9
2246 8 8
2247 7 9
2248 10 6
2249 7 10
2250 6 8
2251 7 7
2252 5 10
2253 5 10
2254 7 7
2255 6 5
2256 7 6
2257 50 30
2258 10 7
2259 6 10
2260 10 6
2261 6 10
2262 30 20
2263 7 5
2264 5 6
2265 8 5
2266 8 10
2267 10 9
2268 7 8
2269 30 30
2270 30 40
2271 10 7
2272 10 5
2273 20 40
2274 7 6
2275 6 6
2276 9 10
2277 9 7
2278 5 10
2279 5 7
2280 6 6
2281 10 8
2282 9 6
2283 7 8
2284 8 7
2285 10 5
2286 50 20
2287 8 10
2288 8 7
2289 6 10
2290 5 10
2291 8 10
2292 20 20
2293 8 6
2294 40 50
2295 5 9
2296 10 8
2297 8 10
2298 7 6
2299 40 20
2300 40 50
2301 7 7
2302 40 50
2303 5 9
2304 50 20
2305 30 50
2306 40 50
2307 7 10
2308 10 6
2309 40 30
2310 7 8
2311 7 9
2312 5 9
2313 10 10
2314 30 30
2315 5 5
2316 5 5
2317 7 5
2318 9 7
2319 5 7
2320 6 6
2321 9 8
2322 50 40
2323 6 6
2324 9 9
2325 5 10
2326 8 9
2327 9 10
2328 7 8
2329 5 10
2330 10 10
2331 40 20
2332 6 7
2333 6 8
2334 6 6
2335 5 7
2336 30 20
2337 30 40
2338 30 20
2339 50 50
2340 6 6
2341 10 5
2342 40 20
2343 40 20
2344 9 7
2345 7 6
2346 9 7
2347 40 40
2348 50 20
2349 5 6
2350 5 8
2351 5 7
2352 9 5
2353 40 20
2354 30 40
2355 8 9
2356 10 7
2357 8 8
2358 40 30
2359 6 5
2360 8 10
2361 6 9
2362 20 20
2363 6 6
2364 40 30
2365 9 7
2366 6 6
2367 30 50
2368 8 7
2369 9 10
2370 6 8
2371 10 9
2372 6 7
2373 7 6
2374 8 6
2375 5 6
2376 30 40
2377 20 30
2378 5 6
2379 10 10
2380 30 40
2381 9 8
2382 10 8
2383 10 5
2384 20 20
2385 20 40
2386 9 7
2387 20 20
2388 6 5
2389 40 30
2390 5 6
2391 20 40
2392 8 9
2393 10 6
2394 8 6
2395 10 9
2396 40 20
2397 5 5
2398 10 7
2399 10 10
2400 5 9
2401 5 10
2402 10 5
2403 7 6
2404 7 6
2405 8 9
2406 30 40
2407 9 8
2408 8 9
2409 5 8
2410 50 50
2411 50 50
2412 5 7
2413 7 6
2414 5 6
2415 7 10
2416 9 6
2417 40 20
2418 9 10
2419 5 5
2420 8 6
2421 6 7
2422 5 8
2423 10 8
2424 7 6
2425 50 20
2426 5 7
2427 20 50
2428 5 8
2429 9 7
2430 9 6
2431 50 50
2432 50 30
2433 50 40
2434 8 10
2435 40 50
2436 50 20
2437 40 50
2438 40 50
2439 9 7
2440 50 20
2441 40 30
2442 5 5
2443 20 50
2444 7 9
2445 10 6
2446 10 9
2447 6 10
2448 7 8
2449 10 9
2450 6 9
2451 5 9
2452 50 20
2453 30 20
2454 9 5
2455 10 6
2456 5 6
2457 30 20
2458 9 10
2459 6 5
2460 9 9
2461 8 10
2462 10 5
2463 5 9
2464 9 10
2465 10 9
2466 30 20
2467 10 8
2468 8 6
2469 7 9
2470 30 30
2471 20 20
2472 7 5
2473 20 50
2474 9 10
2475 10 10
2476 20 40
2477 20 20
2478 9 6
2479 8 6
2480 20 40
2481 20 20
2482 5 6
2483 7 9
2484 6 10
2485 7 6
2486 8 5
2487 9 6
2488 7 7
2489 8 9
2490 10 6
2491 8 9
2492 20 20
2493 40 50
2494 20 40
2495 9 6
2496 5 6
2497 10 10
2498 8 9
2499 9 5
2500 40 40
2501 6 10
2502 5 6
2503 10 9
2504 6 8
2505 6 5
2506 50 40
2507 8 7
2508 9 9
2509 7 9
2510 10 8
2511 6 9
2512 8 10
2513 6 6
2514 6 5
2515 40 30
2516 20 40
2517 6 5
2518 9 8
2519 50 40
2520 9 6
2521 5 10
2522 7 8
2523 40 20
2524 10 6
2525 40 20
2526 10 5
2527 7 10
2528 10 5
2529 50 40
2530 40 40
2531 8 8
2532 10 7
2533 7 5
2534 5 10
2535 5 9
2536 9 5
2537 50 20
2538 6 8
2539 9 7
2540 5 10
2541 8 7
2542 40 30
2543 40 20
2544 7 8
2545 9 7
2546 6 8
2547 9 7
2548 5 6
2549 10 10
2550 7 7
2551 9 5
2552 5 6
2553 5 5
2554 7 6
2555 50 20
2556 5 7
2557 8 7
2558 7 7
2559 20 50
2560 10 9
2561 6 7
2562 20 40
2563 20 30
2564 6 8
2565 50 30
2566 50 40
2567 7 10
2568 30 50
2569 8 9
2570 10 10
2571 9 6
2572 9 7
2573 9 10
2574 10 8
2575 50 50
2576 9 8
2577 40 20
2578 30 50
2579 8 6
2580 8 5
2581 5 10
2582 7 5
2583 10 7
2584 20 20
2585 30 50
2586 40 30
2587 8 10
2588 8 5
2589 5 9
2590 8 10
2591 50 40
2592 50 40
2593 6 5
2594 5 5
2595 9 8
2596 9 10
2597 30 40
2598 6 10
2599 10 8
2600 10 9
2601 9 8
2602 9 5
2603 50 50
2604 8 7
2605 9 6
2606 40 50
2607 8 6
2608 30 50
2609 10 9
2610 9 10
2611 20 20
2612 6 5
2613 30 30
2614 30 40
2615 7 10
2616 9 9
2617 30 50
2618 40 30
2619 9 6
2620 50 50
2621 20 40
2622 10 7
2623 7 5
2624 7 9
2625 40 50
2626 10 8
2627 7 7
2628 7 6
2629 5 5
2630 6 5
2631 8 5
2632 5 7
2633 9 9
2634 9 10
2635 9 8
2636 50 40
2637 50 20
2638 20 30
2639 9 5
2640 20 40
2641 5 5
2642 7 10
2643 50 20
2644 6 9
2645 6 10
2646 40 30
2647 9 9
2648 5 5
2649 5 8
2650 40 40
2651 6 7
2652 7 7
2653 6 9
2654 7 9
2655 9 9
2656 30 30
2657 10 6
2658 30 30
2659 8 9
2660 40 30
2661 9 7
2662 9 8
2663 8 9
2664 8 10
2665 30 40
2666 20 30
2667 30 40
2668 9 7
2669 30 30
2670 10 10
2671 50 20
2672 10 6
2673 40 30
2674 6 8
2675 8 8
2676 7 9
2677 8 8
2678 6 5
2679 50 20
2680 9 9
2681 6 10
2682 7 9
2683 7 7
2684 10 10
2685 50 50
2686 8 7
2687 30 50
2688 9 6
2689 9 5
2690 20 30
2691 7 10
2692 8 8
2693 40 40
2694 40 40
2695 5 9
2696 7 6
2697 9 5
2698 40 20
2699 6 8
2700 7 10
2701 50 20
2702 9 5
2703 40 30
2704 10 8
2705 10 6
2706 10 10
2707 6 5
2708 9 5
2709 40 40
2710 6 7
2711 10 5
2712 40 30
2713 20 40
2714 30 50
2715 5 10
2716 8 9
2717 9 10
2718 10 7
2719 50 30
2720 30 40
2721 8 8
2722 7 6
2723 8 7
2724 40 50
2725 40 50
2726 7 9
2727 10 5
2728 5 9
2729 9 7
2730 8 8
2731 5 6
2732 7 10
2733 30 30
2734 5 7
2735 5 10
2736 5 9
2737 5 5
2738 6 5
2739 30 50
2740 7 8
2741 8 5
2742 6 7
2743 40 30
2744 10 9
2745 7 5
2746 6 5
2747 40 20
2748 5 9
2749 10 5
2750 7 6
2751 40 50
2752 8 5
2753 7 9
2754 30 50
2755 6 10
2756 9 9
2757 9 5
2758 9 5
2759 20 40
2760 30 20
2761 9 5
2762 8 8
2763 20 30
2764 10 6
2765 6 9
2766 5 10
2767 10 9
2768 7 5
2769 10 8
2770 6 6
2771 20 40
2772 40 20
2773 6 6
2774 6 9
2775 6 5
2776 20 20
2777 5 6
2778 5 5
2779 50 20
2780 8 5
2781 30 20
2782 6 8
2783 30 20
2784 10 9
2785 40 50
2786 7 10
2787 5 6
2788 10 10
2789 30 50
2790 8 5
2791 10 7
2792 40 40
2793 9 5
2794 6 8
2795 20 40
2796 9 10
2797 40 40
2798 10 5
2799 20 30
2800 6 8
2801 9 6
2802 50 20
2803 40 50
2804 5 10
2805 8 8
2806 10 8
2807 9 6
2808 30 30
2809 8 5
2810 7 9
2811 40 20
2812 7 8
2813 9 7
2814 50 40
2815 5 7
2816 8 9
2817 40 30
2818 9 5
2819 7 8
2820 30 20
2821 20 50
2822 7 10
2823 6 10
2824 20 40
2825 8 9
2826 6 7
2827 5 7
2828 8 5
2829 30 20
2830 9 7
2831 8 10
2832 6 8
2833 8 9
2834 6 6
2835 7 10
2836 7 6
2837 6 6
2838 8 9
2839 10 8
2840 5 8
2841 50 20
2842 5 10
2843 10 5
2844 40 50
2845 7 5
2846 30 40
2847 9 7
2848 5 8
2849 5 7
2850 7 7
2851 5 7
2852 6 8
2853 7 10
2854 5 9
2855 50 50
2856 20 50
2857 6 8
2858 20 20
2859 5 10
2860 5 5
2861 6 9
2862 30 40
2863 9 10
2864 20 30
2865 6 9
2866 50 40
2867 40 50
2868 50 50
2869 5 9
2870 30 20
2871 8 8
2872 50 20
2873 10 8
2874 20 50
2875 7 8
2876 50 30
2877 5 7
2878 10 8
2879 7 6
2880 20 50
2881 40 30
2882 10 10
2883 40 30
2884 30 30
2885 9 10
2886 5 10
2887 10 5
2888 10 6
2889 10 10
2890 8 9
2891 10 7
2892 20 40
2893 9 8
2894 10 7
2895 7 5
2896 50 40
2897 7 8
2898 9 9
2899 30 20
2900 40 20
2901 10 6
2902 6 6
2903 5 5
2904 5 7
2905 9 7
2906 5 7
2907 7 5
2908 6 5
2909 10 6
2910 6 8
2911 5 5
2912 10 6
2913 5 8
2914 7 5
2915 6 9
2916 9 7
2917 40 20
2918 30 40
2919 7 6
2920 8 10
2921 8 10
2922 5 8
2923 8 10
2924 9 7
2925 30 30
2926 7 6
2927 6 7
2928 9 6
2929 30 50
2930 6 10
2931 30 50
2932 20 50
2933 5 8
2934 9 10
2935 7 8
2936 9 9
2937 20 40
2938 40 40
2939 9 6
2940 5 7
2941 5 7
2942 6 9
2943 6 8
2944 30 20
2945 5 10
2946 10 6
2947 40 30
2948 6 9
2949 40 50
2950 8 5
2951 10 7
2952 40 40
2953 10 10
2954 7 10
2955 20 40
2956 6 10
2957 10 10
2958 5 8
2959 7 10
2960 50 30
2961 7 7
2962 7 5
2963 6 10
2964 7 10
2965 8 9
2966 10 10
2967 5 7
2968 7 10
2969 10 9
2970 5 6
2971 10 5
2972 40 40
2973 20 50
2974 9 6
2975 5 9
2976 6 7
2977 40 40
2978 10 6
2979 10 7
2980 5 7
2981 10 7
2982 30 50
2983 6 5
2984 5 9
2985 10 8
2986 50 20
2987 6 8
2988 5 8
2989 8 5
2990 8 5
2991 8 8
2992 5 5
2993 40 30
2994 7 6
2995 40 40
2996 20 50
2997 10 9
2998 10 9
2999 20 50
3000 9 5
3001 8 5
3002 5 7
3003 9 9
3004 8 9
3005 7 5
3006 20 20
3007 20 20
3008 50 30
3009 10 9
3010 10 6
3011 7 7
3012 6 8
3013 5 7
3014 6 10
3015 6 8
3016 5 7
3017 40 20
3018 8 7
3019 8 10
3020 7 5
3021 6 6
3022 10 5
3023 10 8
3024 30 40
3025 6 6
3026 50 30
3027 9 9
3028 40 40
3029 50 40
3030 10 10
3031 7 5
3032 30 50
3033 10 10
3034 40 20
3035 6 8
3036 6 8
3037 9 10
3038 10 5
3039 30 40
3040 20 30
3041 9 5
3042 5 8
3043 7 10
3044 9 8
3045 7 6
3046 50 30
3047 40 40
3048 20 50
3049 5 10
3050 10 6
3051 20 50
3052 10 6
3053 40 40
3054 5 6
3055 40 20
3056 50 30
3057 40 30
3058 6 7
3059 7 5
3060 40 40
3061 9 7
3062 6 5
3063 5 8
3064 9 6
3065 8 10
3066 8 6
3067 50 40
3068 20 30
3069 5 8
3070 6 7
3071 50 40
3072 10 9
3073 20 20
3074 9 5
3075 5 8
3076 6 9
3077 40 50
3078 7 8
3079 10 5
3080 20 20
3081 9 8
3082 40 50
3083 9 6
3084 40 30
3085 6 10
3086 9 6
3087 5 8
3088 9 8
3089 10 7
3090 7 9
3091 5 10
3092 7 5
3093 9 5
3094 7 7
3095 5 5
3096 7 5
3097 6 9
3098 9 10
3099 30 50
3100 7 9
3101 30 30
3102 5 7
3103 7 5
3104 5 6
3105 5 10
3106 50 30
3107 6 7
3108 8 5
3109 10 8
3110 9 9
3111 6 7
3112 5 5
3113 8 10
3114 6 7
3115 6 10
3116 6 9
3117 7 7
3118 5 7
3119 30 40
3120 5 9
3121 7 5
3122 9 9
3123 7 6
3124 6 5
3125 10 7
3126 40 30
3127 10 9
3128 40 30
3129 5 5
3130 7 5
3131 50 50
3132 8 8
3133 5 9
3134 30 50
3135 6 10
3136 8 9
3137 8 10
3138 6 6
3139 8 5
3140 30 40
3141 7 5
3142 40 50
3143 30 50
3144 10 7
3145 5 5
3146 8 6
3147 6 10
3148 30 20
3149 6 7
3150 8 7
3151 40 20
3152 5 6
3153 7 6
3154 9 7
3155 20 40
3156 6 7
3157 5 8
3158 10 10
3159 6 6
3160 8 10
3161 7 6
3162 5 8
3163 8 7
3164 7 6
3165 20 50
3166 50 40
3167 6 10
3168 6 6
3169 20 50
3170 7 5
3171 8 9
3172 7 9
3173 6 8
3174 6 7
3175 6 9
3176 6 8
3177 9 5
3178 40 30
3179 5 5
3180 10 6
3181 5 9
3182 10 10
3183 9 5
3184 5 9
3185 6 7
3186 40 40
3187 6 8
3188 9 8
3189 10 6
3190 5 7
3191 10 7
3192 50 40
3193 20 40
3194 50 50
3195 7 6
3196 30 30
3197 50 20
3198 20 30
3199 7 5
3200 6 10
3201 9 6
3202 50 50
3203 6 10
3204 8 9
3205 5 9
3206 8 6
3207 5 7
3208 5 6
3209 5 10
3210 8 8
3211 8 6
3212 10 10
3213 8 8
3214 30 50
3215 9 6
3216 20 40
3217 6 10
3218 40 40
3219 30 20
3220 7 8
3221 8 5
3222 7 5
3223 9 6
3224 30 30
3225 10 6
3226 30 30
3227 20 40
3228 5 10
3229 9 5
3230 8 5
3231 8 9
3232 40 20
3233 7 8
3234 7 5
3235 7 7
3236 7 10
3237 5 9
3238 8 6
3239 10 8
3240 8 10
3241 20 40
3242 8 10
3243 20 40
3244 9 8
3245 8 5
3246 50 40
3247 50 50
3248 6 5
3249 5 6
3250 8 7
3251 9 5
3252 30 20
3253 5 7
3254 20 30
3255 10 8
3256 7 5
3257 50 30
3258 30 30
3259 30 50
3260 5 9
3261 10 9
3262 5 10
3263 10 6
3264 7 5
3265 6 6
3266 5 6
3267 40 30
3268 20 40
3269 6 10
3270 50 30
3271 40 50
3272 9 7
3273 6 9
3274 10 10
3275 40 50
3276 50 30
3277 9 5
3278 7 10
3279 6 8
3280 40 50
3281 5 8
3282 7 5
3283 8 8
3284 30 30
3285 8 5
3286 5 6
3287 10 6
3288 9 10
3289 30 30
3290 8 5
3291 6 7
3292 30 30
3293 20 30
3294 40 50
3295 20 40
3296 40 20
3297 8 5
3298 8 10
3299 5 10
3300 8 7
3301 7 6
3302 7 9
3303 20 20
3304 9 10
3305 6 9
3306 10 5
3307 5 5
3308 40 40
3309 10 6
3310 7 7
3311 10 10
3312 10 6
3313 20 30
3314 5 6
3315 6 7
3316 7 9
3317 40 20
3318 40 50
3319 5 9
3320 9 6
3321 6 9
3322 9 8
3323 6 10
3324 10 9
3325 10 9
3326 10 10
3327 20 50
3328 10 7
3329 10 10
3330 9 6
3331 8 7
3332 6 7
3333 50 40
3334 9 10
3335 7 9
3336 6 5
3337 9 8
3338 40 50
3339 20 50
3340 8 5
3341 20 50
3342 40 20
3343 30 50
3344 8 8
3345 40 20
3346 50 40
3347 6 6
3348 50 30
3349 9 6
3350 50 20
3351 9 6
3352 40 40
3353 50 40
3354 5 8
3355 30 40
3356 10 8
3357 50 30
3358 9 6
3359 10 7
3360 8 6
3361 10 8
3362 8 9
3363 7 9
3364 50 40
3365 9 7
3366 9 6
3367 50 30
3368 40 40
3369 8 6
3370 10 10
3371 8 6
3372 7 8
3373 9 7
3374 8 7
3375 40 30
3376 7 5
3377 5 10
3378 9 10
3379 8 7
3380 9 6
3381 7 9
3382 7 8
3383 20 30
3384 7 10
3385 10 8
3386 30 50
3387 50 50
3388 30 40
3389 10 10
3390 8 5
3391 6 7
3392 5 10
3393 5 9
3394 30 30
3395 20 40
3396 9 6
3397 10 6
3398 20 30
3399 7 9
3400 30 30
3401 50 20
3402 40 30
3403 5 8
3404 7 5
3405 9 5
3406 8 9
3407 30 40
3408 7 7
3409 9 5
3410 40 40
3411 10 6
3412 9 10
3413 9 9
3414 9 7
3415 20 50
3416 6 8
3417 20 30
3418 5 5
3419 30 50
3420 7 10
3421 10 7
3422 9 5
3423 7 9
3424 8 7
3425 10 7
3426 6 5
3427 30 40
3428 40 30
3429 5 6
3430 20 20
3431 10 9
3432 7 6
3433 8 5
3434 9 6
3435 20 30
3436 10 10
3437 30 30
3438 10 8
3439 40 30
3440 50 50
3441 8 8
3442 30 20
3443 9 7
3444 40 40
3445 9 9
3446 50 40
3447 5 7
3448 40 20
3449 8 7
3450 7 6
3451 10 7
3452 6 7
3453 8 8
3454 30 20
3455 5 7
3456 5 6
3457 50 20
3458 10 8
3459 6 6
3460 10 5
3461 7 5
3462 8 8
3463 40 30
3464 10 6
3465 9 9
3466 6 6
3467 30 40
3468 40 20
3469 7 6
3470 5 6
3471 10 6
3472 7 7
3473 40 40
3474 20 40
3475 20 40
3476 8 8
3477 7 10
3478 7 6
3479 6 7
3480 8 7
3481 6 6
3482 50 20
3483 5 5
3484 40 50
3485 9 5
3486 40 20
3487 5 10
3488 8 10
3489 5 7
3490 40 20
3491 5 8
3492 40 30
3493 10 9
3494 5 6
3495 8 5
3496 8 5
3497 6 10
3498 30 40
3499 6 6
3500 20 30
3501 20 20
3502 40 50
3503 6 5
3504 40 30
3505 5 6
3506 50 20
3507 20 30
3508 40 50
3509 7 9
3510 50 30
3511 20 40
3512 50 50
3513 10 10
3514 30 40
3515 50 40
3516 8 8
3517 6 5
3518 20 50
3519 8 5
3520 10 5
3521 5 5
3522 10 6
3523 50 30
3524 9 10
3525 50 50
3526 10 9
3527 6 9
3528 6 9
3529 6 10
3530 30 30
3531 5 10
3532 50 50
3533 6 7
3534 8 7
3535 20 30
3536 6 5
3537 30 50
3538 20 30
3539 6 10
3540 5 8
3541 9 5
3542 20 50
3543 10 5
3544 6 6
3545 30 20
3546 10 9
3547 5 10
3548 6 9
3549 7 5
3550 8 9
3551 20 30
3552 8 6
3553 9 9
3554 5 6
3555 7 8
3556 6 9
3557 8 6
3558 10 6
3559 6 10
3560 6 10
3561 10 10
3562 50 30
3563 5 10
3564 8 9
3565 10 6
3566 10 5
3567 9 8
3568 8 10
3569 20 40
3570 8 5
3571 50 20
3572 8 7
3573 5 9
3574 30 30
3575 8 10
3576 40 30
3577 10 5
3578 30 50
3579 5 6
3580 30 50
3581 50 40
3582 6 8
3583 40 30
3584 40 30
3585 9 5
3586 7 9
3587 7 8
3588 40 40
3589 20 30
3590 30 50
3591 6 8
3592 5 7
3593 30 30
3594 9 10
3595 30 20
3596 7 5
3597 8 9
3598 6 8
3599 8 6
3600 5 10
3601 30 40
3602 20 30
3603 9 8
3604 10 8
3605 50 40
3606 5 8
3607 9 5
3608 6 9
3609 40 20
3610 9 8
3611 7 5
3612 6 6
3613 7 9
3614 9 7
3615 6 9
3616 9 6
3617 6 7
3618 30 20
3619 50 20
3620 10 8
3621 6 10
3622 7 6
3623 40 30
3624 50 30
3625 10 5
3626 9 9
3627 5 5
3628 5 6
3629 10 7
3630 8 6
3631 9 10
3632 8 5
3633 5 10
3634 30 40
3635 9 5
3636 10 9
3637 10 5
3638 10 10
3639 5 5
3640 9 8
3641 20 20
3642 20 30
3643 10 6
3644 9 9
3645 50 50
3646 20 40
3647 7 5
3648 6 6
3649 6 8
3650 7 8
3651 6 5
3652 10 5
3653 40 20
3654 10 8
3655 40 40
3656 20 50
3657 6 5
3658 50 50
3659 8 7
3660 6 8
3661 8 9
3662 20 50
3663 50 40
3664 30 40
3665 8 6
3666 20 30
3667 9 10
3668 6 10
3669 6 6
3670 5 9
3671 50 30
3672 9 8
3673 20 40
3674 20 30
3675 6 7
3676 10 8
3677 8 8
3678 50 50
3679 40 20
3680 7 5
3681 5 8
3682 10 9
3683 5 10
3684 6 7
3685 8 6
3686 7 7
3687 50 20
3688 10 6
3689 40 20
3690 8 8
3691 10 5
3692 40 20
3693 10 7
3694 50 50
3695 10 9
3696 6 10
3697 50 40
3698 20 20
3699 50 30
3700 9 10
3701 8 9
3702 40 30
3703 6 5
3704 50 50
3705 7 5
3706 7 10
3707 8 9
3708 40 50
3709 6 8
3710 50 50
3711 20 20
3712 10 7
3713 50 40
3714 7 9
3715 8 10
3716 7 9
3717 5 6
3718 5 9
3719 40 40
3720 7 8
3721 6 7
3722 40 40
3723 40 20
3724 5 9
3725 8 10
3726 8 9
3727 7 8
3728 7 6
3729 40 20
3730 30 30
3731 9 5
3732 30 50
3733 10 6
3734 5 10
3735 7 10
3736 7 6
3737 50 50
3738 30 40
3739 5 5
3740 10 7
3741 8 9
3742 20 40
3743 40 40
3744 9 10
3745 8 7
3746 5 8
3747 9 9
3748 9 8
3749 9 5
3750 10 5
3751 40 40
3752 7 5
3753 6 5
3754 40 40
3755 20 40
3756 7 8
3757 40 20
3758 30 30
3759 9 8
3760 10 5
3761 20 50
3762 20 30
3763 9 8
3764 20 40
3765 40 50
3766 10 8
3767 10 8
3768 8 6
3769 5 5
3770 10 8
3771 30 30
3772 50 50
3773 9 6
3774 20 40
3775 50 30
3776 30 30
3777 5 8
3778 20 50
3779 7 7
3780 9 7
3781 9 5
3782 10 10
3783 9 9
3784 7 5
3785 8 8
3786 30 20
3787 40 20
3788 6 5
3789 40 20
3790 7 9
3791 8 6
3792 8 10
3793 6 5
3794 20 20
3795 10 5
3796 5 6
3797 5 7
3798 20 40
3799 6 7
3800 5 9
3801 7 9
2445 987
0 1672
0 3347
0 2791
3000 1688
1210 842
987 0
842 0
1688 0
2366 610
1 1820
909 2
610 1
2 1
1455 25
3 2071
3 2214
3701 3784
3784 3
25 3
252 3185
252 3514
1116 4
2896 222
222 252
4 252
2948 1104
3263 1641
55 3676
1641 55
1104 55
1089 3142
2017 975
3262 19
3142 3262
975 3262
1255 6
5 2107
2655 2051
2051 5
6 5
1284 846
7 3620
2329 8
846 7
8 7
397 2805
1772 10
2311 9
1024 3717
10 397
3717 397
9 397
11 1115
1338 1000
1000 11
13 31
2445 991
1045 12
12 13
991 13
3556 14
2041 323
246 15
14 2041
15 2041
1269 2364
695 2924
2924 1269
17 203
2171 1617
2704 16
1617 17
16 17
315 18
20 1166
18 20
19 20
771 21
3413 1546
874 22
21 3413
22 3413
2867 24
23 164
23 3659
23 1620
23 3204
2279 1394
1394 23
24 23
2864 28
1076 26
27 1365
26 27
28 27
288 29
2157 2277
708 30
29 2157
30 2157
1371 32
33 2725
33 3595
33 3042
31 33
32 33
3208 678
2000 3338
34 3602
678 34
3338 34
3167 930
35 3418
35 3690
35 3687
35 3625
35 2568
35 464
35 1731
716 2007
930 35
2007 35
2652 1505
1371 1432
1265 964
964 2652
1432 2652
125 1618
37 1127
37 1823
37 2049
2391 36
36 37
1618 37
39 266
39 3127
39 541
39 1270
39 1441
1095 38
38 39
1371 1922
585 40
301 3448
301 3183
301 3146
40 301
1922 301
2549 43
1245 318
1245 3652
1245 3308
1245 2169
1513 449
1772 41
689 42
43 1245
449 1245
41 1245
42 1245
1228 2204
1733 826
44 3416
44 2941
2204 44
826 44
3536 89
3536 216
3536 304
3536 2858
3536 1766
3536 833
2377 45
45 3536
254 46
1397 2456
1258 2168
1258 1888
1258 1101
2456 1258
46 1258
2145 48
1819 47
3033 1815
3033 1759
1554 49
402 1934
1934 3033
49 3033
47 3033
48 3033
51 2044
1742 50
50 51
2911 2421
2911 853
2207 52
52 2911
2664 1849
53 2721
2974 3670
1849 53
3670 53
647 3695
3337 1943
1995 891
1995 3683
1995 3213
3695 1995
1943 1995
2890 1691
54 2452
2328 56
1691 54
56 54
410 1079
58 126
58 2631
3208 57
1079 58
57 58
1898 59
3738 3422
3342 1223
59 3342
3422 3342
592 3364
60 2058
3364 60
2066 2418
1893 62
2948 1764
2887 61
62 2066
61 2066
1764 2066
3375 64
63 983
63 2167
2221 1702
1702 63
64 63
2445 690
66 1068
66 1041
66 1067
3225 2656
1749 65
690 66
65 66
2656 66
204 1872
2036 1414
1864 196
1864 527
1864 1385
1864 831
1414 1864
1872 1864
2183 67
1466 424
68 1580
67 68
424 68
3782 3757
69 3174
3757 69
71 3442
71 3744
2445 70
1349 2510
70 71
2510 71
74 1456
771 72
120 73
72 74
73 74
2445 75
76 3474
76 1713
76 2130
642 272
1381 1927
75 76
1927 76
272 76
313 3059
3345 77
78 1030
78 434
78 2100
3059 78
77 78
1371 79
3770 3469
80 2393
80 3669
80 2804
3469 80
79 80
459 1919
1060 566
2782 2243
1919 2782
566 2782
1929 81
2739 82
83 3719
83 3036
83 2159
81 83
82 83
3154 1723
3664 561
3524 84
394 2344
84 394
1723 394
561 394
2341 2965
86 545
3231 85
85 86
2965 86
88 2138
2140 87
87 88
3024 3319
3712 3126
3712 2121
3712 495
89 3712
3319 3712
2689 91
3402 2273
2311 90
90 3402
91 3402
662 3587
662 2459
2445 92
371 2276
92 662
2276 662
94 2874
562 620
214 95
2353 1297
1042 93
95 94
620 94
1297 94
93 94
1773 96
1466 97
873 2892
96 873
97 873
2577 540
710 98
99 2578
540 99
98 99
390 100
771 1965
538 3168
538 2761
538 1071
100 538
1965 538
751 101
1811 1902
102 473
101 102
1902 102
1089 103
104 348
103 104
106 1559
838 105
105 106
3425 1780
420 107
107 3425
3401 109
110 1516
2837 108
108 110
109 110
680 631
1226 227
1192 111
3571 112
112 1226
111 1226
631 1226
114 2775
1633 113
3593 239
113 114
239 114
116 2708
2445 3080
2665 115
115 116
3080 116
117 1300
1108 1795
1795 117
119 3381
119 3315
1869 118
118 119
3795 1088
120 3557
120 2916
891 120
1088 120
1035 1950
2584 3440
2567 121
1950 2584
121 2584
3090 1025
2445 947
1360 1062
1062 3090
947 3090
2263 732
2737 2814
1628 299
732 1628
2814 1628
1681 2947
1607 122
122 1681
2207 124
1800 123
125 906
123 125
124 125
818 1293
127 3723
127 2691
127 2617
3217 821
1293 127
126 127
821 127
450 128
2361 249
2361 3294
327 2856
3789 129
129 2361
2856 2361
128 2361
2243 2361
132 3640
1801 130
356 131
130 132
131 132
1925 3199
1356 3544
1356 2438
1356 3329
1032 1335
1335 1356
3199 1356
2445 2213
3191 834
3191 3182
3191 2220
1119 133
3349 976
2213 3191
976 3191
133 3191
254 135
3598 134
3269 722
3269 3528
134 3269
135 3269
3228 137
138 330
138 742
138 1319
644 136
136 138
137 138
3593 139
3302 2511
3474 3302
139 3302
1610 2865
878 142
971 883
721 140
400 141
883 1610
142 1610
140 1610
141 1610
2257 143
3569 144
145 1273
145 3456
143 145
144 145
1740 147
170 146
681 2602
681 2422
146 681
147 681
1102 148
149 3764
3706 3475
2198 868
868 149
3475 149
148 149
2735 152
151 2399
151 1884
151 905
2140 150
150 151
152 151
1709 1452
2123 2124
2123 2693
2123 749
2123 514
2123 2050
1322 1249
1249 2123
1452 2123
1466 153
1573 1611
154 3237
153 154
1611 154
161 2114
1153 1729
2114 1153
1815 1153
2855 1658
814 155
156 3282
156 640
1658 156
155 156
2400 3382
353 157
158 247
158 2252
3382 158
157 158
2503 580
508 159
3762 160
160 161
159 161
580 161
1459 2435
162 988
3735 2596
2435 162
2596 162
911 163
1014 2460
931 3026
163 1014
3026 1014
1787 179
165 1096
165 2259
164 165
179 165
402 166
2312 2727
166 2312
1467 333
3530 167
2237 3164
3383 578
167 3383
3164 3383
333 3383
2351 168
2366 1881
1216 3414
168 2366
3414 2366
1882 676
170 1968
170 2047
170 2847
170 2176
170 2674
1449 169
169 170
676 170
1262 1719
838 171
171 1262
1797 1114
2551 2250
172 2743
1114 172
2250 172
229 1279
382 173
174 248
1279 174
173 174
2792 1215
1431 175
175 2792
443 2195
2180 177
603 3351
254 176
177 443
176 443
3351 443
180 1350
180 2581
3362 178
178 180
2798 1003
1076 856
3732 737
181 534
856 181
1003 181
737 181
1404 273
400 2505
1868 3449
2063 183
1763 182
273 400
3449 400
182 400
183 400
785 618
1320 2373
618 1320
2579 510
1076 184
441 3192
646 2324
184 646
510 646
3192 646
1926 934
3129 2545
3129 419
3231 1828
934 3129
1828 3129
3227 185
1744 186
2546 1804
2546 1806
2546 1464
185 2546
186 2546
1947 187
1330 188
189 862
187 189
188 189
3718 913
1466 2247
190 2536
913 190
2247 190
192 1469
1322 191
191 192
194 3048
194 1601
2654 193
193 194
2112 2383
1526 195
3464 1887
195 2112
1887 2112
197 579
196 197
198 1093
3450 199
527 198
199 198
1752 2420
3560 1357
3738 200
1893 230
1357 1752
200 1752
230 1752
3128 201
1979 759
2466 3358
201 2466
759 2466
3205 202
204 319
204 2754
204 2282
224 2009
270 205
205 204
2009 204
202 204
203 204
1211 206
1541 207
208 3215
208 3592
208 3405
206 208
207 208
1676 209
210 2982
209 210
1466 211
403 3021
211 1744
3021 1744
2669 212
214 1380
214 2794
214 389
214 697
220 213
212 214
213 214
215 509
921 3075
3075 215
2340 3603
2449 1596
216 2449
3603 2449
2445 219
220 3671
220 2125
2409 218
1761 217
219 220
217 220
218 220
2045 221
2057 223
221 224
223 224
2014 426
1260 832
3177 893
832 2014
893 2014
226 3698
226 3506
1945 225
225 226
1966 1204
1304 1445
1204 1304
227 1304
229 477
2445 2700
1985 228
2700 229
228 229
2083 1132
1431 231
231 2083
2837 698
3399 1935
3399 2831
698 3399
233 3435
1991 232
232 233
1109 234
2701 235
236 411
236 1266
373 1624
2872 237
237 236
1624 236
234 236
235 236
1523 3496
2981 3049
238 3521
3496 238
3049 238
242 2022
2612 2475
3388 240
3598 241
2475 242
240 242
241 242
2010 1150
812 985
985 2010
2880 1865
3325 468
243 1058
468 243
1865 243
2607 245
310 244
246 3076
246 2810
246 1540
246 2274
244 246
245 246
817 3343
247 817
248 817
3005 293
299 3005
249 3005
747 415
3629 253
2095 251
1171 250
253 747
250 747
251 747
822 1368
1832 2574
1368 254
2574 254
1075 2289
255 1517
2075 256
2289 255
256 255
2313 258
3200 3476
3106 257
257 3200
258 3200
626 2286
3024 516
1049 1080
516 1049
2286 1049
2407 260
2746 261
2447 259
1550 3451
261 1550
259 1550
260 1550
263 2457
263 2210
2391 262
262 263
554 3360
2445 265
2116 264
264 554
265 554
268 780
268 1562
268 3504
2673 267
266 268
267 268
2654 1358
3113 269
1358 270
269 270
2677 2219
271 765
429 1696
1696 271
2219 271
275 932
2172 3017
410 274
274 275
3017 275
657 276
1466 1802
2224 685
276 2224
1802 2224
278 2110
278 1663
2600 277
2948 1914
1893 1336
277 278
1914 278
1336 278
1758 279
1585 3318
1585 2026
903 1198
1198 1585
279 1585
687 3062
3148 280
280 687
2725 687
3316 456
3525 281
282 3180
282 2526
282 2514
281 282
456 282
2532 283
3298 284
283 710
284 710
287 3703
287 455
2445 285
1483 286
285 287
286 287
1496 3646
981 3516
3516 288
3646 288
1545 1054
1987 289
289 1545
3411 291
292 2961
292 2913
292 352
292 956
2254 1603
2132 290
291 292
290 292
1603 292
1894 2342
3553 2659
293 3553
2342 3553
3627 294
3012 295
2499 2773
2499 788
2499 3074
294 2499
295 2499
3088 297
1089 296
501 314
501 1410
296 501
297 501
2445 300
302 3736
302 2703
302 703
1252 298
1605 2963
300 302
2963 302
298 302
3499 3463
1095 1536
1095 2362
1869 303
303 1095
3463 1095
896 3489
2740 3344
3344 896
304 896
3081 3236
342 1188
2307 305
1188 3081
305 3081
308 709
1425 307
2454 306
306 308
307 308
310 990
2401 309
309 310
313 1577
2445 311
2758 312
311 313
312 313
1021 1077
315 1321
314 315
1077 315
317 2752
317 656
2445 316
2327 2840
316 317
2840 317
1006 377
377 3762
318 3762
1676 320
2270 489
319 2270
320 2270
1116 321
1801 3238
322 3752
3238 322
321 322
324 3586
2244 1315
323 324
1315 324
3119 879
2266 325
844 326
879 327
325 327
326 327
329 3794
1359 328
1899 3335
2970 480
330 329
328 329
480 329
3335 329
3782 332
331 2734
1260 1784
1784 331
332 331
335 1199
1530 334
2314 3366
3366 335
334 335
3270 2541
1027 336
813 2476
813 3484
813 1576
813 3501
2541 813
336 813
2091 1439
1974 337
337 931
1439 931
1040 1841
1343 2875
2944 338
432 339
339 1343
338 1343
1672 1343
1841 1343
1371 1555
2482 340
3593 2410
340 3593
1555 3593
1539 3798
3800 3761
1890 3801
2029 3419
3798 3800
3801 3800
3419 3800
2805 3800
2445 1642
1455 2980
1455 2490
2547 2520
2129 3797
1642 1455
3797 1455
2520 1455
3795 1059
1771 2653
2653 3795
903 2440
1758 3793
3792 2291
2440 3792
3793 3792
2194 3791
3790 3243
3791 3790
722 3790
1886 3206
3788 3468
3788 877
3788 2127
3206 3788
2892 3788
2445 3787
1377 3110
1377 2698
1377 2426
1503 3673
3787 1377
3673 1377
2364 1377
1708 674
3388 3061
3388 1157
3388 2818
3388 1352
3388 617
1108 3785
3785 3388
674 3388
3766 3783
921 872
3782 1829
3782 372
3782 1939
3783 3782
872 3782
3193 3781
797 860
3780 2102
3781 3780
860 3780
3298 3585
3778 2350
1608 3776
3585 3778
3776 3778
1074 3775
3257 1942
3775 3257
3602 3257
2445 3773
488 3774
3774 3770
3773 3770
3024 1593
3273 3519
3273 2616
3273 576
1593 3273
3418 3273
630 3769
2978 1302
2978 2738
2978 2197
3769 2978
3651 1871
3632 3668
3668 3651
2773 3651
723 2437
2749 2592
3764 2749
2437 2749
529 3058
1449 2670
2670 529
2549 3759
719 2015
3761 719
3759 719
3756 2844
3756 3765
1801 2097
2097 3756
2711 2854
2404 910
3755 2358
3755 2715
3755 2206
2854 3755
910 3755
2641 3754
751 2451
1159 2322
3754 1159
2451 1159
1371 1727
2030 3753
3751 1791
3751 596
3751 895
3753 3751
1727 3751
563 3027
563 2845
3519 563
1829 563
3748 1477
1992 2201
2461 3750
2201 3748
3750 3748
1380 3748
1122 3746
1440 3643
1213 3285
3746 1213
3643 1213
518 3745
3743 2212
3745 3743
3544 3743
1895 3742
3741 3221
3742 3741
2727 3741
2717 2819
2161 1219
2560 3740
2819 2161
3740 2161
2733 1796
2279 3737
3737 2733
1383 665
1466 2028
3063 2024
665 3063
2028 3063
2230 789
2632 2645
789 2632
3736 2632
2445 3073
844 1500
844 692
2951 3323
3562 1680
3073 844
1680 844
3323 844
3733 3409
3733 2903
1027 1944
1944 3733
2393 3733
829 3678
2476 3732
3678 3732
3064 2976
3064 2376
3064 2823
2752 3064
2024 3064
1229 3731
1466 1794
2284 658
3731 2284
1794 2284
2244 1309
2467 387
1793 418
387 1793
1309 1793
3401 3728
2537 2099
3728 2537
1011 3726
1512 2824
3726 1512
3723 1512
3721 3244
1021 1542
2654 3722
3722 3721
1542 3721
3716 2716
3167 3720
3720 3716
3719 3716
3713 1135
1255 3715
3715 3713
709 3713
911 3082
1924 3124
3711 2042
3124 3711
3082 3711
498 360
1981 1175
360 1981
1514 3007
1466 2637
1051 3102
3007 1051
2637 1051
2580 3710
1466 3105
3710 1541
3105 1541
1480 3709
2140 3006
1145 2605
1145 2411
1145 1362
3709 1145
3006 1145
917 764
2647 3704
764 3706
3704 3706
1271 2723
1466 816
3694 2483
2723 3694
816 3694
3517 3657
944 2292
2292 2313
3657 2313
475 3564
3701 3312
3701 2016
3703 3701
3564 3701
766 3700
3699 1081
3700 3699
2645 3699
2780 1185
3697 2039
2253 3020
2597 3696
3696 3697
3020 3697
3698 3697
1185 3697
1742 3692
3692 814
2228 2958
3053 1197
3690 3053
2958 3053
3666 2562
2562 2740
3687 2740
1709 470
942 1774
2999 1910
2999 3297
470 2999
1774 2999
3305 1164
3322 2993
3271 928
3181 2325
1164 2549
2993 2549
2325 2549
928 2549
2461 3439
2353 1387
2353 1421
2353 2205
1992 1434
3439 2353
1434 2353
2067 2068
1282 3289
1282 2651
1282 799
2068 1282
2601 3172
2601 435
2601 1170
2601 1083
1771 2962
2962 2601
3683 2601
363 3681
3680 1308
3680 3022
1633 3682
3682 3680
3681 3680
2622 1160
1466 3679
3077 2870
1160 3077
3679 3077
3231 1151
3231 2593
3231 405
1787 3677
3677 3231
797 2627
3763 998
513 1254
513 1748
998 513
2627 513
1206 3241
1206 2925
1206 2902
1374 3675
3675 1206
3282 1206
3676 1206
2064 3796
3672 3512
3534 1590
3796 3672
1590 3672
3270 864
3669 3270
1526 3667
3224 3561
3667 3666
3561 3666
3548 3159
3336 1521
3159 3336
3632 2073
2073 1890
788 1890
3318 1890
2154 1276
921 3665
3665 2154
3137 801
2371 3573
3664 3607
3664 505
3664 1584
801 3664
3573 3664
3674 3663
3662 2374
2175 3661
3663 3662
3661 3662
647 3478
2445 1461
1084 474
1461 647
474 647
3656 1571
1634 3658
3659 3656
3658 3656
2917 3655
1714 2153
1043 3527
1043 3140
1043 2660
1043 589
1043 1400
2023 344
3288 3654
3654 1043
344 1043
3655 1043
2153 1043
1444 1355
2516 3497
3497 3464
1355 3464
1006 3653
3400 1646
3650 1645
3652 3650
1646 3650
3653 3650
731 3649
2091 3084
3648 1782
3649 3648
3084 3648
3647 1340
3215 3647
2796 1736
2796 2888
2445 761
1548 3645
761 2796
3645 2796
3644 1629
2445 1408
1741 2143
2143 3644
1408 3644
802 3261
2689 2011
2689 2352
2689 1578
3261 2689
2536 2689
2770 3642
3641 2563
3277 3331
3331 3641
3642 3641
1812 1564
3466 3032
3640 1192
3032 1192
1564 1192
838 1674
3638 2088
3638 2594
3638 2182
1935 3638
1674 3638
1310 3637
1466 3346
2595 1010
3637 2595
3346 2595
2855 2713
2948 3057
2948 3311
1742 3214
3214 2948
2713 2948
3227 664
2445 3636
1567 497
3636 3227
497 3227
2445 2799
3632 636
3240 3634
1742 734
2799 3632
3634 3632
734 3632
2098 3103
792 3631
472 1946
3103 3789
1946 3789
3631 3789
2887 1291
2566 2742
2566 1931
1536 2566
1291 2566
2834 3162
3628 3295
1273 3628
3162 3628
3121 1039
2383 3121
3625 3121
1639 2827
1991 3623
3725 3559
2827 3725
3623 3725
486 3619
2764 1907
2240 3621
3619 2764
3621 2764
3620 2764
897 3618
2944 3550
2944 3498
1736 2944
3618 2944
1925 2907
523 3616
3615 945
3615 994
2907 3615
3616 3615
3611 3300
3611 597
2180 3613
2612 3614
3613 3611
3614 3611
3061 3611
2237 2147
2545 909
2147 909
3610 1178
901 940
940 3610
3739 2939
630 3596
490 3495
3495 3739
3596 3739
1664 3533
3609 1382
3609 519
3300 3609
3533 3609
3125 859
3607 3125
3606 3563
3606 912
3606 2414
3606 611
3606 1369
3057 3606
3605 1631
2445 3369
1280 3431
1588 1518
3369 3605
3431 3605
1518 3605
1384 1856
1819 3604
1530 1341
3604 1384
1341 1384
432 3601
3549 2508
3768 2795
3768 388
3601 3768
2508 3768
3481 1313
3481 1443
2445 2991
823 3600
2991 3481
3600 3481
1027 3599
3599 1119
3598 2472
3598 632
1987 3067
3067 3598
3595 3598
1089 2945
1089 1446
1089 1015
1089 1001
1607 3590
3592 1089
3590 1089
3258 3583
3580 2977
3587 3580
3583 3580
1708 3579
2686 3135
2686 1612
3579 2686
3379 1411
2470 3578
3576 1294
3576 1373
1411 3576
3578 3576
2489 1278
3574 2846
3574 2873
3036 3574
1278 3574
2767 3572
3626 612
3499 3384
3499 1296
3572 3499
612 3499
3228 2868
2240 398
644 3570
1087 3568
3568 3569
2868 3569
398 3569
3570 3569
2896 952
3571 3566
469 3372
952 469
3566 469
3560 1824
3560 639
2673 3565
3565 3560
3563 3560
2285 1447
2649 3284
1447 2649
3559 2649
3558 1833
2848 3187
2554 1326
3187 3558
1326 3558
2841 1311
3556 1390
3556 621
2603 1912
1912 3556
3557 3556
1311 3556
3461 3555
521 536
3555 521
640 521
1526 2202
1551 567
786 967
786 2232
567 786
2202 786
2076 2558
448 3552
3552 2076
3405 2076
1222 3551
1466 3222
2571 1883
3551 2571
3222 2571
1886 820
2445 499
919 3190
499 1886
3190 1886
3347 3549
3550 3549
818 1781
1964 2879
410 2233
3208 3584
1781 1964
2233 1964
3584 1964
2180 3547
2957 1825
3542 706
2612 3546
3546 3542
1825 3542
3547 3542
2445 3539
1107 2152
1107 446
1107 1561
1492 3724
3539 1107
3724 1107
1559 1107
565 1450
1431 1589
1589 565
3537 3786
3537 811
3688 3249
2834 3538
1522 768
3308 3537
3249 3537
768 3537
3538 3537
1250 2227
1597 3535
2227 3534
3535 3534
1284 3531
2025 1064
1082 1435
3531 1082
1064 1082
3530 3491
3530 3130
3530 3108
3530 341
2844 3530
3372 3530
3035 3529
3524 752
3524 1244
3529 3524
3527 3524
1855 1637
3522 1504
3320 430
3184 3523
3521 3522
1637 3522
430 3522
3523 3522
2816 937
3520 3567
937 3520
3230 2271
1190 1413
1615 3340
1615 1117
2271 1615
1413 1615
2864 2990
3518 2386
3518 1286
829 3281
3281 3518
2990 3518
1332 370
1677 2053
2053 3517
370 3517
1599 1361
3271 3515
3515 1599
3513 3153
2445 3428
1743 1892
1892 3513
3428 3513
3507 2843
570 1666
444 3509
3509 3507
1666 3507
2374 3507
2424 2303
798 2035
1676 3266
3266 798
3506 798
2303 798
1425 2726
3283 2378
2623 3505
3505 3283
2726 3283
3502 3387
3502 739
2445 3503
1770 3112
3503 3502
3112 3502
2400 925
2445 3500
1715 1655
3500 2400
1655 2400
3455 1847
1042 805
3498 3455
805 3455
3493 615
1371 569
3350 3494
3494 3493
569 3493
1926 920
3490 1307
3491 3490
920 3490
3024 2464
2464 2175
3489 2175
3298 2922
767 2458
767 2060
3313 1085
1085 767
2922 767
506 2606
2445 3176
1906 3488
1630 3380
3176 506
3380 506
3488 506
575 504
1831 3486
3417 652
3486 575
652 575
2385 3407
3629 1623
3407 3629
3484 3629
1526 1705
1526 433
2954 3482
3482 1526
2600 3134
1378 2975
1385 1378
3134 1378
2445 3480
738 3296
738 3092
738 1463
1422 1146
3480 738
1146 738
509 738
1509 2850
3450 2515
2621 1661
2515 1509
1661 1509
751 3473
3362 3479
3472 1863
3472 1120
3479 3472
3473 3472
607 3471
1035 2591
1035 1324
1577 1035
3471 1035
472 950
3136 1816
950 3136
3468 3136
3348 599
3467 3398
2231 351
599 3467
351 3467
942 1538
1322 2634
2634 942
3465 3292
2445 892
1407 364
364 3465
892 3465
2554 3462
3461 1419
3461 3635
3462 3461
746 3707
369 3460
912 746
3460 746
381 837
381 1427
2445 2644
1487 1932
2644 381
1932 381
1760 3196
3196 3240
2445 3459
1753 1287
1287 1265
3459 1265
3143 3454
1549 1862
3453 2046
3453 2164
3454 3453
1862 3453
3738 3452
1975 2624
1750 1779
1779 1975
3452 1975
3450 2682
3450 2544
1740 2666
2666 3450
785 707
3447 1515
3448 3447
707 3447
1643 3445
1466 3444
1716 2772
3445 1716
3444 1716
2837 3443
1926 3101
1926 2590
838 1853
3443 1926
1853 1926
2107 1974
2168 1974
1501 2575
2266 1208
2266 357
3442 2266
2575 2266
3526 3441
3211 2403
3441 3211
3440 3211
3438 2885
459 1316
1500 3438
1316 3438
3436 796
2171 3437
1790 2308
3437 3436
2308 3436
2445 3433
1597 1474
1597 2441
2402 2504
3433 1597
2504 1597
3435 1597
2104 546
3378 2849
932 2104
2849 2104
590 2815
1176 2611
3429 3332
3429 997
3429 2416
2815 3429
2611 3429
3627 2898
2445 3427
1053 3424
3427 3627
3424 3627
2711 2434
1844 870
3173 2173
2173 1844
2434 1844
3457 2949
2780 3421
622 1372
3421 622
2949 622
1620 2254
3416 2254
630 3412
1682 2683
2683 3411
3412 3411
3409 2864
346 1031
2445 1860
1367 3117
3117 346
1860 346
3404 1861
3404 951
1756 3408
3408 3404
3543 1301
3401 2540
3387 3401
1301 3401
3391 2806
3400 1581
3400 1454
1759 3400
2806 3400
762 3397
587 3396
2320 3727
2771 1017
2771 2080
3396 2771
3727 2771
3398 2771
3397 2771
2583 3395
2629 3394
729 2883
2000 3390
2071 729
3390 729
3395 729
3394 729
2258 2056
1466 835
2056 3543
835 3543
802 3385
1896 2863
1882 530
1882 2413
3385 1882
2863 1882
1582 1858
1431 2061
3771 2226
2061 3771
1858 3771
1351 1195
1351 3545
3384 1351
3381 1351
1924 2690
3379 3068
2690 3379
1157 3379
3376 2650
2477 1718
2067 740
1718 3376
740 3376
830 3374
3373 1458
3373 1867
3150 3327
3374 3373
3327 3373
1592 2331
3375 2222
3375 962
3375 1342
2391 3353
3353 3375
2331 3375
1466 2199
2618 1602
2199 3012
1602 3012
3371 2648
1741 362
362 3371
2323 1126
1652 3368
3368 2323
2145 2604
402 3367
2677 627
2604 2872
1856 2872
3367 2872
627 2872
2711 2431
3365 2987
771 2731
2431 3365
2916 3365
2731 3365
2445 3363
2230 1938
2230 2895
2496 1386
1331 3122
3363 2230
3122 2230
1386 2230
3362 3341
3362 1465
901 2319
2319 3362
1791 3362
2711 3359
1486 2126
3359 1486
3358 1486
2404 1144
3357 613
3104 3016
3016 3357
1144 3357
2445 3354
1275 3355
3355 3350
3354 3350
2013 1648
1769 3758
1648 3348
3758 3348
702 3209
650 485
3209 650
3343 650
3339 774
3341 3339
3340 3339
2565 3483
1466 1182
3483 3337
1182 3337
441 1726
2577 3577
3577 441
1350 441
829 396
2641 3617
396 2641
1576 2641
785 550
2067 2613
2067 436
1338 3334
3334 2067
550 2067
2389 3031
1108 1140
1140 2389
1925 2428
2428 702
3332 702
1783 3109
3251 2218
3512 1783
2218 1783
885 2390
2968 3330
988 885
3330 885
356 2174
3571 1952
3328 2473
2174 3328
1952 3328
3321 2585
2942 3326
3326 3320
2585 3320
1371 3317
3314 3767
3314 2396
3314 2003
3153 3314
3317 3314
1811 1137
3313 1370
3617 3313
1137 3313
2841 3054
2395 2829
2829 2841
3076 2841
1768 1412
2408 3242
1412 2408
3311 2408
2573 3310
3310 1228
1371 2332
1389 3309
847 345
3309 847
2332 847
1116 2959
1116 1481
1096 1116
1302 1116
3101 1116
2406 3307
3305 2695
3307 3305
1308 3305
2078 3303
1283 3301
2491 1046
3303 2491
3301 2491
1478 3299
2105 2188
1918 3532
3532 2105
3299 2105
983 2105
2040 391
3296 2040
2591 2040
2878 989
3295 2878
3294 2878
454 3541
3293 2480
3541 3293
3244 3293
2506 1121
3289 3288
1121 3288
3148 1267
3287 3029
3287 2821
3287 784
1832 606
606 3287
1267 3287
1722 3280
1801 568
1424 3279
3279 1801
3280 1801
3284 1801
2987 1801
390 1805
1063 2186
2852 890
1805 1063
890 1063
2830 3278
1945 992
1008 2005
3278 1008
992 1008
531 1875
3277 2899
3277 2087
455 3277
1875 3277
736 3247
834 3271
3247 3271
2447 3268
1057 869
586 1363
1363 1057
3268 1057
3123 3267
2884 2101
2685 3415
2101 2685
3267 2685
2704 3264
1790 3265
677 2983
677 1671
677 2343
3265 677
3264 677
553 3260
3038 3259
3260 373
3259 373
2117 629
1466 1525
629 3258
1525 3258
886 1614
716 494
3316 3747
3316 673
1614 3316
494 3316
1530 1111
3255 1980
1708 3256
3256 3255
1111 3255
2445 3145
2445 726
2445 3055
2445 2248
2445 2984
2445 2971
2445 3093
2445 439
2445 2781
2445 3232
2445 2706
2445 2388
2445 2679
2445 1130
2445 3223
2445 2468
2445 2142
2445 2235
2445 374
2445 385
2445 876
2445 953
2445 1936
2445 1878
2445 3234
2445 1257
2445 1493
2445 1735
2445 959
2445 584
2445 602
2445 1203
2445 717
2445 2357
2445 1242
2445 782
2445 1583
2445 1870
2445 1699
2445 1106
2445 1908
2445 1737
2445 1468
2445 1375
2445 1786
2445 1751
2445 2236
2445 3686
2445 1675
2445 3274
1466 3254
3254 2445
2970 2676
3228 3253
3253 3251
2676 3251
3065 2956
3250 836
2287 3245
2956 3250
3245 3250
603 2934
2008 1510
3243 2008
2934 2008
1616 1988
3242 1616
3241 1616
3118 3239
3235 977
3239 3235
3237 3235
1448 3233
3233 3230
699 884
1012 3226
3226 3224
884 3224
1819 3248
1831 3220
3248 1109
3220 1109
1938 1109
3221 1109
2172 3219
2000 3705
3705 3217
3219 3217
2203 3207
2115 601
2564 3212
1149 3210
415 2115
3207 2115
3212 2115
3210 2115
3133 3630
2480 3205
3630 3205
2351 2681
3204 2351
1220 3202
3203 1436
2859 1923
1923 3203
3202 3203
3198 972
751 3170
829 3730
3730 3198
3170 3198
1465 3198
3501 3198
715 3194
3115 1196
586 2359
2359 3115
3194 3115
2189 2745
3193 693
2745 3193
3321 1016
3571 3189
1016 3184
3185 3184
1382 3184
3189 3184
2506 1264
3183 2506
1861 2506
736 2914
3182 3181
2914 3181
3236 626
3180 626
2425 3178
1532 887
887 2231
3178 2231
757 2370
1235 3091
672 3477
3091 672
2370 672
2954 1626
2616 3177
1626 3177
390 3175
378 3470
3175 3173
3470 3173
3166 2861
3457 3169
3168 3166
3172 3166
3169 3166
3171 2293
1466 3165
2763 1066
2293 2763
3165 2763
1592 3163
2391 2614
2548 3138
2548 1638
3163 2548
2614 2548
1021 3161
2367 2278
3160 1839
2278 3160
3161 3160
3157 2255
1832 3158
3158 3157
603 2997
2180 2960
3156 3420
3156 2835
3156 1949
2789 970
970 3156
2997 3156
2960 3156
1036 2109
3466 564
2109 3466
2088 3466
1664 3155
3154 500
3155 3154
859 3154
414 1963
1819 2705
1897 2938
1963 1819
2938 1819
3152 3094
3152 2876
3152 476
3457 2836
2836 3152
1592 3151
2391 2678
3151 3150
2678 3150
3144 2462
2184 3147
3147 3144
3145 3144
2528 2672
3321 1346
1329 803
2672 1329
1346 1329
3799 3141
2417 2306
3141 2417
3140 2417
2185 3393
3139 2625
2624 3139
3393 3139
1127 3137
3138 3137
1108 1745
2957 1717
3135 2957
1745 2957
1852 2927
917 3272
840 1838
3272 840
2927 840
1765 3132
3356 1103
3130 3356
545 3356
3132 3356
2730 2692
2517 718
1709 2857
2692 1709
718 1709
3128 2797
3128 2037
1456 3128
945 3128
2212 3128
1201 2196
3575 1325
2196 3575
1833 369
3127 369
3126 3123
3747 3123
2124 3123
1060 2038
3119 1586
459 3120
2038 3119
3120 3119
917 2615
917 1112
917 3633
603 1285
1285 917
3118 3693
1557 733
726 3118
733 3118
2897 3116
1652 3114
3113 1579
3116 3113
3114 3113
2198 2170
2170 3799
3420 3799
3322 3014
609 3304
3304 3322
3110 3322
3044 3107
3109 587
3107 587
3066 2807
2925 3106
2807 3106
1211 651
651 410
3102 410
3047 3100
1466 2820
3100 1176
2820 1176
728 1288
1771 3098
3098 728
2608 1703
2886 3097
2189 824
2189 1826
2189 701
2741 3096
536 2189
3096 2189
1703 2189
3097 2189
3095 776
1263 2766
2766 3095
3092 3095
3088 453
465 3089
3089 3088
1230 3087
1466 688
3086 1667
3087 3086
688 3086
1371 3079
520 3085
1758 2272
3085 1758
3079 1758
3072 3019
3074 3072
2272 3072
2834 2085
2085 2737
1201 907
1201 3446
1274 3071
3071 1201
1388 393
3069 2918
393 3069
2693 3069
2655 938
3068 2075
938 2075
1097 1683
1683 3065
3062 3065
2953 559
2953 1994
2953 849
2953 2283
1418 3060
3055 2953
3060 2953
3058 2953
2603 3052
3054 518
3052 518
3324 3050
2048 2348
3050 2048
2273 2048
3045 633
3045 711
1947 2748
2748 3045
3048 3045
2429 1961
2885 3044
1961 3044
2952 2427
1251 3043
3043 2952
2248 2952
386 3041
2728 3039
3041 3038
3039 3038
1924 2405
3689 3037
2405 3035
3037 3035
2198 3030
354 2862
3030 723
2862 723
2188 723
838 1813
2341 3777
2831 2341
1813 2341
1075 1037
1075 2478
1075 1547
1075 1973
3029 1075
3028 2534
487 1996
1996 3028
1835 2561
3702 1600
3027 3702
2561 3702
1772 431
1772 2355
2026 1772
1871 1772
648 1393
2989 2501
2661 3025
796 2989
3025 2989
1393 2989
3024 2908
713 1732
1732 3024
2275 1472
2406 3013
3013 2275
3014 2275
3022 2275
1361 2275
1466 1527
1575 3010
1527 3626
3010 3626
1467 3008
3004 423
1747 3009
3009 3004
3008 3004
3003 1891
1223 3003
1968 3003
716 3001
3001 3000
2770 1572
1572 2045
2998 943
437 649
1788 2996
649 2998
2996 2998
487 1982
1165 2994
2954 1566
2121 487
2994 487
1566 487
2336 1591
3246 2988
2783 1962
1591 2783
2988 2783
2973 1627
1072 2986
2986 2973
2984 2973
2597 1818
2983 2597
2982 2597
1797 2979
2980 1074
2979 1074
1030 2664
2977 2664
2857 2974
2976 2974
2970 2335
1354 2972
1237 744
2971 2970
744 2970
2972 2970
2969 491
2395 2636
2636 2969
3094 2969
1951 2912
2787 3201
3201 1951
2858 1951
481 3772
3772 2968
1816 2968
1371 2967
1692 2485
414 445
414 552
2485 414
2967 414
713 1901
713 3083
713 1960
3377 2191
2191 713
2159 713
1433 2964
2855 871
2898 2855
2964 2855
2729 694
2729 1118
2961 2729
2959 2729
2955 2177
1800 2531
2531 2955
2954 1476
921 902
902 2954
434 2954
1733 1013
1013 2951
1721 2950
3093 3208
2950 3208
2947 3208
2946 380
2046 2946
2945 2946
2503 1885
2074 927
1885 2074
1581 2074
3548 2943
2981 2349
2943 2942
2349 2942
2937 3487
2937 1156
772 908
908 2937
2941 2937
2939 2937
2404 1253
1986 1090
1253 1986
418 1986
3306 1200
1032 2935
2935 3306
2932 2832
2932 1023
1094 406
683 2933
2102 2932
406 2932
972 2932
2933 2932
3548 2269
496 2869
2931 2156
2269 2931
2869 2931
1513 2930
2926 2995
1788 2928
1068 2926
2928 2926
2930 2926
431 2926
2185 2891
2923 2072
2975 2923
2891 2923
2919 2481
1552 2921
2921 2919
448 2523
3143 3581
2523 3143
2915 1594
1991 1125
1125 2915
3548 2033
3752 3548
2913 3548
2171 2141
2171 2070
2148 2910
1827 2909
2909 2171
2910 2171
3415 2171
2912 2171
829 2012
2532 793
2532 1403
2012 2532
2903 2532
3597 572
588 926
2908 3597
926 3597
1693 2209
3487 1216
2209 1216
2906 2442
2906 1180
752 2906
2222 2906
461 1430
2936 1997
2108 2905
2905 2936
1430 2936
2901 1214
1497 2471
2471 2901
2381 2900
1836 1937
1474 1836
2900 1836
2899 2897
1831 1762
2894 2318
2895 2894
1762 2894
502 2893
2893 2890
504 2890
1747 1473
2889 2134
3108 2889
1881 2889
1473 2889
1808 2710
3167 1879
2888 3167
2710 3167
2880 2822
1558 2882
2879 2880
2882 2880
2883 2880
2743 2880
1511 3389
2877 1142
3389 2877
2687 1644
2876 2852
1644 2852
2724 2380
1724 2866
1724 2354
2380 1724
1477 1724
2875 1724
2874 1724
961 2004
559 961
2011 961
2638 2871
2867 2786
2867 1154
2871 2867
2870 2867
2866 1011
2797 2859
2861 2859
2059 1318
1563 1983
1983 2059
2047 2059
2853 556
2920 2851
776 2853
2851 2853
2363 880
3046 1707
1707 2363
439 2363
2850 2848
2847 2848
1252 1990
1987 1187
1187 1252
1260 1535
1835 2842
2842 1260
2846 1260
2845 1260
2098 2838
2246 2479
1653 2839
2838 2834
2479 2834
2839 2834
2830 2294
489 2830
2832 2830
2825 2288
643 2828
808 2826
2781 2825
2828 2825
2826 2825
1495 438
2824 1495
2822 1495
2454 712
2454 946
2821 2454
2818 2454
2816 1348
1417 1061
2031 3361
1061 2816
3361 2816
2813 1754
1607 660
660 2813
390 2811
1205 1625
2811 1205
2810 1205
2543 3684
3767 2543
2804 2543
2704 809
1698 2802
3133 1660
2017 2803
2802 2704
1660 2704
2803 2704
829 2800
867 2801
2801 2798
2800 2798
2728 3612
402 2699
402 1972
386 2718
3612 402
2718 402
1248 2256
667 1956
2794 667
1463 667
2795 667
2256 667
2793 2642
2793 696
2095 889
889 2793
562 2302
2790 1169
2302 2790
2791 2790
2158 645
2573 2788
2788 2158
2786 2158
422 3149
3149 2623
2613 2623
2780 2135
2780 2338
3571 2784
2784 2780
1712 2474
2777 1306
2474 2777
2775 2777
898 2774
2770 2337
2774 2770
2772 2770
460 775
2769 483
775 2769
869 2769
519 2981
3738 2768
2765 1669
2176 2765
2768 2765
1789 2760
1466 2759
2346 1668
2760 2346
2759 2346
1622 828
828 2467
2135 2467
845 2757
1087 2234
1087 2118
1250 794
2757 1087
794 1087
603 1168
1756 3333
3333 603
3146 603
2150 2755
2095 2450
2095 684
2755 2095
2754 2095
3760 1152
1449 3660
3660 3760
1163 3218
1449 2753
2887 1502
3218 2887
2753 2887
1750 395
852 1665
395 1332
1665 1332
2735 2751
2751 1480
1893 1247
1740 2750
3763 1757
1824 3763
1247 3763
2750 3763
440 2747
2058 2741
2747 2741
1420 3430
1466 1133
3430 2739
1133 2739
2305 2398
2738 2237
2398 2237
1221 2239
1916 2736
2735 745
2239 2735
2736 2735
1440 3370
1837 2006
2181 3186
3186 1837
3370 1837
3786 1837
2730 2812
966 2732
3232 2730
2732 2730
1371 1955
2728 1876
880 2728
1955 2728
1976 2639
1956 2724
2639 2724
2721 2717
2716 2717
2368 641
1549 2714
2714 2368
2711 2375
2711 1333
2711 1453
1991 2712
997 2711
2712 2711
1506 2707
2707 1389
2706 1389
3417 555
2699 2701
2703 2701
2705 2701
555 2701
594 2160
609 2696
2695 594
2698 594
2696 594
451 2694
2694 3325
2691 3325
3586 2687
2037 2687
854 2684
1466 343
2052 1050
2684 2052
343 2052
2767 2316
3639 547
2388 2767
547 2767
2682 1563
3476 1563
2677 3622
522 2680
2679 2677
2680 2677
3031 2677
2674 2673
2663 3131
1371 2668
857 2671
2671 2663
2668 2663
2658 2092
1664 2494
2660 2658
2494 2658
845 2657
1686 770
2381 2193
2193 1686
2657 1686
2655 2384
2655 1971
1717 2655
778 3070
3070 1714
2651 1714
1425 2646
2650 2647
2646 2647
2638 1056
1451 2640
1130 2638
2640 2638
2633 1070
1756 2635
2635 2633
2172 2630
2631 2629
2630 2629
1110 368
2570 974
368 2336
974 2336
1108 2628
2262 760
1612 2262
2628 2262
2625 2621
2902 2621
2620 1738
1869 1491
1491 2620
3688 1460
1894 2619
2619 3688
2617 3688
1037 2612
2615 2612
363 3051
1713 1532
3051 1532
2609 763
777 2610
2610 2609
2606 2609
435 2603
2605 2603
2602 2600
3432 2599
1466 2598
2576 471
2599 2576
2598 2576
1151 1765
2594 1765
2589 1131
2589 2200
2593 2589
2590 2589
2551 2587
2583 1391
2583 1002
1797 2586
2587 2583
2586 2583
1640 1778
1431 2643
2643 1640
2329 2582
2582 2025
2579 2081
2581 2579
2578 2579
1426 1701
1281 2722
3223 1263
1701 1263
2722 1263
1112 1102
2378 1102
754 3729
2573 1695
3744 2573
3729 2573
1662 2572
2570 2432
2570 3392
2572 2570
2421 2570
810 781
692 810
1208 810
2307 1155
2307 1954
2568 2307
1705 2307
2563 2560
2558 2560
2556 1191
1190 2557
2557 2556
592 2216
2554 655
2554 2300
440 2260
2260 2554
2216 2554
1482 452
452 1426
898 2552
1415 1034
2551 2084
2552 2551
1034 2551
1652 2550
2550 2547
1898 957
579 1898
2544 1898
1710 2542
2542 1787
2540 1787
342 2539
2533 1379
2539 2533
2534 2533
1173 2530
2528 583
2033 2528
2530 2528
2521 2187
850 2524
2526 2521
2524 2521
3674 479
3674 3386
3674 1069
3674 924
749 3674
1608 1998
2519 686
867 3195
1998 2519
3195 2519
1992 503
503 2920
3671 2920
1289 2518
1466 2785
2518 2517
2785 2517
2734 2516
2514 2516
1241 2513
2268 637
2513 2268
1540 2268
1019 2509
1323 2507
2507 2503
2511 2503
2509 2503
444 800
2498 2756
2069 2502
800 2498
2502 2498
2501 2498
1444 758
2918 2340
758 2340
1832 2497
2497 2496
1371 2492
2465 2493
1448 753
1448 2529
2493 1448
2492 1448
2489 954
3377 2778
2778 2489
1810 2488
1466 638
2486 841
2488 2486
638 2486
1929 2484
1042 654
2484 1042
2483 1042
2478 2477
2460 2477
2470 577
2472 2470
784 2470
2469 1609
1733 960
960 2469
1328 2133
2133 2465
2468 2465
2463 619
1428 3229
3229 2463
1371 1134
592 1073
2462 592
1134 592
3594 2495
2461 1877
2812 2461
2495 2461
2459 2567
1580 2567
1076 2455
1978 1044
2455 1978
2350 1978
2458 1978
3708 1395
3708 724
2182 3708
3685 2453
3426 843
3276 2808
3276 1814
2390 3276
843 3276
2453 3276
2452 3276
600 2667
1920 2448
2448 1149
2667 1149
2450 1149
3133 1181
1181 2447
1166 2447
609 2444
736 2446
2446 1712
2444 1712
2027 1842
2442 2027
2381 1531
2240 467
2240 2522
1531 2240
2441 2240
2720 3691
1466 1128
2809 1873
3691 2809
1128 2809
2358 1722
2411 1722
2438 1722
2430 666
2432 2430
2457 2430
792 1339
1339 2429
2152 2429
2426 2425
2220 2425
2185 2423
2423 944
2422 944
2420 2608
2418 2608
3589 875
2396 3589
2416 1639
2415 1809
1710 2151
2151 2415
1967 2330
955 1485
2414 955
2330 955
2406 996
2410 2406
2130 2406
2317 679
2403 2317
1847 2317
2401 1345
2252 2401
2142 2401
2395 1874
1170 2395
2399 2395
2929 2394
2392 1423
2394 2392
2054 2382
2386 2385
2382 2385
590 963
963 2381
685 2381
2377 2588
1428 2379
2379 2377
2376 2377
1338 2034
2373 2023
2034 2023
2391 2372
906 2371
2372 2371
2367 2190
2367 1889
1652 2369
2369 2367
2087 2367
2365 1498
2365 1299
1033 549
2235 2365
549 2365
1740 2295
639 3066
2295 3066
2362 3066
1466 1277
1694 2360
2860 3023
1277 2860
2360 2860
863 1948
1948 2029
2352 2029
1994 2029
2355 2029
3457 1113
3571 2339
1241 1970
1113 1241
2339 1241
342 1845
342 968
341 342
694 342
352 342
1437 730
1466 1052
730 382
1052 382
3131 2287
345 2287
1246 625
625 444
866 1977
440 978
978 866
1635 659
1466 347
350 407
659 350
347 350
2242 2697
2697 3263
2742 3263
1371 2966
2708 1708
2966 1708
863 3510
2347 1941
3510 1513
1941 1513
2004 1513
1268 1767
1466 725
1767 353
725 353
3148 478
478 822
1710 1730
1634 457
1634 1366
2099 1634
1730 1634
2404 1647
356 1958
771 355
1622 1305
1305 356
1647 356
355 356
2375 356
1060 2106
357 481
2106 481
1569 3608
1466 427
3608 754
427 754
359 1817
2091 855
855 359
2022 359
363 2281
3286 361
374 363
361 363
1191 363
1047 2065
1425 1004
365 827
1004 365
2065 365
367 1243
1924 366
2789 2304
366 367
2304 367
416 1124
695 2702
2702 416
1165 532
532 2884
372 2884
495 2884
473 2577
1117 2577
2322 2577
476 378
1436 378
1428 375
375 2409
448 1409
2017 2345
2017 1099
2017 1604
1549 376
1409 2017
376 2017
2746 3099
2079 807
2992 1009
3099 2992
380 2992
807 2992
524 825
1999 384
384 524
1352 524
386 918
1556 1704
1392 447
385 386
447 386
1704 386
391 1894
389 1894
1387 1894
388 1894
1845 1551
3312 3378
2084 3378
771 1619
1957 1295
1295 1979
1619 1979
1530 399
3622 1554
399 1554
404 1851
1186 624
2277 404
624 404
3298 1843
751 1524
1524 3298
421 900
440 558
558 421
490 904
405 490
1395 490
1313 2172
407 2172
1143 1598
2244 2178
1622 409
409 1143
2178 1143
417 941
411 417
1421 1040
697 1040
2995 1539
2291 1539
419 1036
423 1036
1110 1038
3391 1148
3391 3458
2245 425
1038 3391
666 3391
425 3391
515 916
1444 1654
2787 507
507 1444
1910 1444
916 1444
778 1298
628 428
3633 778
428 778
562 1499
654 432
1499 432
1957 493
1984 982
1390 1984
493 1984
2569 1479
1782 2569
436 2569
3693 437
1668 437
438 1019
2169 1019
1466 2719
604 442
2719 1433
442 1433
980 1846
445 980
1876 980
2098 1687
2246 839
839 450
877 450
446 450
1687 450
3714 3188
390 979
637 3714
979 3714
1497 2487
2487 3225
1698 1915
1915 454
453 454
2002 517
876 1992
517 1992
1538 1992
2225 936
2225 2310
904 2225
457 2225
3056 3588
3588 1186
3684 1186
1905 458
1261 691
953 459
691 459
458 459
2833 1953
1466 462
1953 1501
462 1501
464 3525
3174 3525
1549 2412
465 526
465 2215
3581 465
2412 465
1656 1570
845 1147
1250 466
467 1656
1147 1656
466 1656
472 2249
739 472
471 472
1239 2301
1466 1317
2301 475
1317 475
460 3403
1601 460
862 460
1138 1494
1936 802
1494 802
479 2787
2873 2787
958 1568
2020 3540
601 958
3540 958
1371 741
1031 785
741 785
2661 1792
483 2661
2164 2661
486 1799
1359 484
484 486
2335 486
779 1202
1202 2030
1878 2030
1086 2019
2843 1086
2756 1086
492 2280
621 492
491 492
412 616
2274 412
1803 1917
1466 3011
1917 3345
3011 3345
1022 3511
3511 1284
3234 1284
2221 408
498 1697
1244 498
1458 498
408 498
901 3290
3290 642
630 1337
1337 772
1366 772
1177 3492
965 1484
485 1177
1484 1177
2298 1227
2306 2298
500 2298
505 2298
1440 1471
811 508
1471 508
2535 2103
2057 511
511 2535
1024 1327
1024 1989
1402 512
1257 1024
512 1024
3315 1024
1600 515
514 515
1388 1184
967 1388
576 1388
1391 818
2214 818
2433 894
894 520
1493 520
1888 2108
712 2108
523 1632
1032 1139
1139 523
1371 525
3197 1636
1636 1831
525 1831
648 3018
1196 648
526 648
528 2241
1266 528
1148 528
1296 708
530 708
2424 2208
1676 537
539 2149
2208 539
537 539
542 1028
541 542
2072 542
2131 543
543 2482
1735 2482
771 2211
548 1272
2211 548
613 548
3216 3779
635 551
3779 2013
551 2013
1623 2564
824 2564
2642 2564
1897 2436
1972 553
552 553
2436 553
557 2397
556 557
1169 557
1156 1747
2681 1747
1290 560
959 562
560 562
954 562
1812 1821
568 680
1821 680
564 680
2391 3252
757 2688
1962 757
3252 757
2186 3104
1333 3104
861 1534
3377 2290
2290 861
3386 570
572 570
591 1236
574 1399
1069 574
1236 574
2194 3410
577 2194
2384 2194
2001 581
1466 582
581 897
582 897
812 1312
583 2036
1312 2036
670 1065
2015 1323
1065 1323
1472 1323
2160 1323
1884 390
1798 671
671 585
584 585
1039 588
1766 588
1184 591
1535 591
1338 593
593 1556
1344 463
2282 1344
1254 1344
1519 1507
596 1519
597 3689
825 422
1547 422
600 1720
1826 600
2110 600
1574 1822
602 898
1822 898
1429 2297
1466 605
2297 607
605 607
1371 608
1627 609
608 609
1374 482
611 1374
1195 1374
2669 614
614 3526
1877 3526
1505 2328
615 2328
482 2886
1419 2886
617 911
2419 2264
1899 623
623 2419
1435 2419
742 2419
1799 2419
383 1508
2929 1587
1508 2929
927 2929
630 2309
1733 358
358 630
1695 630
2746 2299
634 1189
2299 634
3403 634
633 634
903 1292
1292 635
636 635
804 914
2555 3291
1369 804
3291 804
706 2917
2195 2917
1475 1650
1203 2000
1650 2000
641 2000
1670 1606
1588 2086
2086 1670
3749 1560
1560 643
1980 1097
1515 1097
1141 755
1663 1141
669 1234
644 3423
3478 644
1234 644
1522 682
682 1122
653 1777
1318 653
655 653
2669 2940
656 2669
658 2669
1022 663
787 2985
1859 661
661 787
663 787
1788 1405
664 1788
3023 1788
1298 2091
1264 2091
1510 2091
3766 1900
921 1848
1543 2538
1900 1543
1848 1543
1633 3078
996 670
3078 670
2281 670
943 3324
3019 3324
1364 1711
1466 598
1711 3594
598 3594
1901 1835
673 1835
3133 675
2345 1330
675 1330
1446 1330
2413 1163
1613 2165
774 683
2165 683
3457 1595
2715 2896
2761 2896
1595 2896
2205 1248
1324 1248
1041 689
1405 689
1920 2356
2356 2203
693 2203
696 2203
2559 700
700 1076
701 1076
3417 704
1895 2321
703 1895
704 1895
2407 714
711 715
714 715
1172 595
595 857
717 857
1099 586
1015 586
1259 750
721 349
1174 865
3040 795
1457 720
750 721
865 721
720 721
795 721
379 1092
2259 379
724 379
3456 2263
3285 2263
1720 1171
496 727
1728 1834
1818 1728
727 1728
1294 731
1168 731
1371 735
1025 736
735 736
1529 1689
1839 1947
1579 1947
1689 1947
3213 965
745 965
1190 748
748 751
753 751
797 756
755 1676
756 1676
760 461
1135 461
1081 762
763 762
2904 888
2357 3228
888 3228
1059 3228
989 1006
1460 1006
923 392
765 766
392 766
2077 769
1497 1880
3738 2238
769 3738
1880 3738
1018 773
1662 571
1242 777
571 777
773 777
695 2018
2018 829
2003 829
1740 2146
780 852
2146 852
1586 2098
781 2098
2137 1353
1027 1489
1489 2137
1741 948
2607 2251
2607 1928
782 2607
948 2607
792 3434
3034 790
1673 1048
1583 792
1048 792
790 792
1863 797
793 797
1425 806
799 2180
806 2180
1982 812
809 812
815 935
3765 815
2473 815
1466 819
2229 1553
668 1725
819 668
1553 668
830 705
1823 830
831 2559
1757 2559
2207 1232
3352 533
533 1592
1232 1592
3457 3179
3179 1622
905 1622
837 845
841 845
1466 848
1537 929
848 1896
929 1896
1453 2285
994 2285
849 2347
1578 2347
1630 851
3246 2265
851 3246
853 3246
2311 858
858 863
1327 863
1027 413
864 867
413 867
1768 2744
1750 1224
2744 1967
1224 1967
2404 535
870 874
535 874
695 881
1811 1136
875 1811
881 1811
1443 448
1050 448
882 2094
990 882
2251 882
1879 886
1777 2555
1270 2555
1651 2762
1870 590
2762 590
1511 1179
3591 2512
1417 1055
1528 3485
2512 1511
3485 1511
1055 1511
2267 2776
1598 1220
2776 1220
1376 3508
1699 1211
3508 1211
895 3056
2529 3056
1690 899
1106 903
899 903
900 903
628 1212
1255 1659
3528 1255
1212 1255
3410 1255
1785 1706
907 1785
684 2020
914 2020
3707 2020
1225 2223
1466 915
2223 531
915 531
1897 922
918 923
922 923
1165 2162
1731 1165
924 1165
2119 2055
808 1231
1231 2119
2659 451
2354 451
1371 933
3360 3417
933 3417
936 2305
1131 2305
2128 1921
1729 2128
941 2128
1007 1396
433 1007
968 1007
1221 999
2553 2043
1908 1221
2043 1221
1083 2404
946 2789
1685 1442
1442 3197
1737 3197
2179 949
1468 1897
949 1897
951 1897
1406 1218
1218 1692
1375 1692
957 1768
1562 1768
1478 2163
1867 1478
962 1478
1155 850
2077 1490
1497 3406
1490 1677
3406 1677
1194 969
1850 1209
1017 971
1209 971
2808 971
969 971
973 743
3352 2062
2062 973
401 2096
1466 2089
2096 1808
2089 1808
1710 2500
2500 3034
2443 2144
2120 1398
3492 2443
1398 2443
901 1807
1507 1613
1807 1613
977 981
1804 981
771 1167
984 1158
1167 984
982 984
1371 993
2427 1633
993 1633
770 1459
2985 1459
1256 1544
1786 1250
1544 1250
1632 1250
1199 502
1846 502
2253 2192
2192 496
2338 496
3133 2090
1321 2407
2090 2407
1283 2334
2334 1417
2397 2320
1942 2320
2746 1775
2333 544
1775 2333
1604 2333
1359 2139
2139 3735
3423 3735
2125 1976
2940 1976
1370 1608
1403 1608
2321 2145
2318 2145
2316 2311
1725 2311
2310 1467
2309 1467
2391 2527
2265 1110
2527 1110
1857 1129
1466 2326
1129 1415
2326 1415
1240 939
1466 1334
939 669
1334 669
2242 1193
3504 2242
2238 2242
1840 1314
1988 1840
2300 1840
2141 2069
3018 2069
1792 2069
1498 2329
1751 2329
1092 1682
1571 1682
935 1246
1118 1246
956 1246
3352 3624
3624 1018
2348 3685
1306 3685
2296 3582
1281 3015
3015 2296
2149 2198
1834 2198
2294 2198
1523 1020
463 1523
1023 1523
1162 1217
2288 2064
1217 2064
2283 1769
1989 1769
2280 2267
2094 2267
1570 2257
1937 2257
2264 2257
3794 2257
1958 2253
1481 2253
3571 2136
2136 1966
1546 1966
1272 1966
2249 2246
3434 2246
1625 2244
1362 2244
1454 2181
2675 1438
1533 2217
1530 1416
1438 1530
2217 1530
2006 383
2241 383
1645 383
2688 383
1521 2424
1671 2424
820 2837
1010 2837
1552 2439
2236 429
1780 429
2439 429
1319 1522
2234 1522
1907 1522
2232 2228
1939 2228
1800 1462
1462 1906
705 2221
1638 2221
2215 2079
1001 2079
3392 2245
2210 2245
1071 1424
616 1424
2206 1424
1905 3111
2279 1233
1233 1905
1874 1957
1970 1957
1855 2032
2092 1855
1584 1855
2200 1693
2197 1693
589 1918
2835 1918
1347 1183
2823 1347
1371 1238
3292 3148
1238 3148
1410 1529
2190 1529
2525 2662
2187 699
2662 699
1400 354
2167 354
2163 354
2166 1401
2162 2166
3083 2166
1476 2166
2156 2150
2343 2150
1428 1746
1183 2148
1746 2148
1154 2132
3111 2132
632 1425
1561 1653
2127 1653
645 2120
1516 2120
2118 1899
2522 1899
573 2113
3686 1797
2113 1797
2103 1797
986 1078
1190 2093
2093 986
1621 2082
2082 1920
2081 1920
2626 1161
716 1649
1649 2626
2538 2525
426 2525
1806 2077
791 1105
2057 2881
2881 791
1379 2746
2070 2746
1726 2054
2060 2054
1664 3275
2049 1664
1342 1664
871 1496
1073 1496
3571 1098
3514 1173
1098 1173
1700 1657
1549 1904
1904 1700
679 3426
546 3426
2021 3002
2005 2021
2032 2021
2039 2021
2035 2021
1345 3457
1928 3457
1817 1999
1997 1999
2779 1100
878 1520
1866 1993
1679 1854
2261 1091
1100 878
1993 878
1854 878
1091 878
3042 628
1990 628
1973 1397
1971 1397
1954 1790
1960 1790
2588 1790
2050 1790
1949 1945
3275 1945
1734 1933
1194 2709
1755 1029
783 2111
2817 1940
1933 1194
1029 1194
2111 1194
1940 1194
1931 1750
3545 1750
1193 1750
1002 1558
2016 1558
2490 1558
2122 1684
1675 1929
1684 1929
2654 1565
2057 2387
2387 2654
2337 2654
3329 771
1921 1235
3458 1235
2100 3766
1488 1913
1913 1280
1909 3554
1776 1911
1911 1909
3274 1909
1959 1739
1466 1903
1470 1123
1739 1470
1903 1470
1371 1303
1416 1371
1427 1925
1667 1925
1631 3216
1067 3216
1629 1162
1299 1162
1243 1047
1101 1047
1441 1893
3635 1893
1889 3133
1669 2185
1502 2185
1678 2155
1466 1207
2155 1916
1207 1916
2140 1969
1969 1354
477 1859
1873 1859
1565 1698
348 1698
1373 1852
1659 1852
1850 3734
2144 1850
1219 1850
1851 1850
836 1850
2315 1026
1843 2315
686 2315
1607 1830
1340 1021
1830 1021
1056 1060
1883 1060
833 1827
3297 1827
1820 1812
3777 1812
1020 1924
803 1924
3554 2314
1303 2314
1005 995
995 1094
1136 1094
999 1359
1066 1359
1120 1005
1654 1012
1401 1012
1497 1930
1930 1740
1464 1740
1286 1621
1026 1621
1150 3321
1748 3321
925 1022
1123 1022
