3802 4791
0 5 6
1 7 8
2 10 5
3 5 6
4 7 10
5 7 6
6 7 9
7 30 40
8 6 9
9 6 9
10 7 6
11 8 7
12 8 7
13 30 50
14 7 7
15 50 50
16 10 9
17 9 6
18 7 10
19 8 9
20 7 10
21 8 6
22 5 9
23 10 8
24 7 5
25 7 9
26 10 10
27 7 8
28 40 30
29 7 7
30 20 20
31 8 9
32 9 6
33 7 7
34 10 5
35 8 9
36 8 8
37 6 9
38 9 6
39 9 5
40 30 20
41 5 6
42 7 10
43 40 40
44 40 30
45 30 40
46 5 7
47 7 10
48 7 10
49 40 20
50 9 10
51 8 5
52 40 50
53 7 7
54 6 10
55 8 6
56 6 9
57 6 5
58 50 40
59 6 9
60 8 6
61 40 40
62 6 5
63 10 8
64 20 40
65 8 6
66 40 20
67 50 30
68 6 10
69 40 50
70 50 20
71 7 10
72 8 10
73 6 9
74 9 8
75 50 30
76 7 9
77 7 8
78 10 6
79 9 8
80 6 5
81 5 8
82 9 9
83 20 50
84 6 7
85 7 6
86 8 8
87 6 9
88 9 8
89 20 50
90 9 10
91 30 30
92 40 20
93 6 9
94 6 6
95 9 6
96 10 9
97 20 20
98 20 30
99 30 40
100 20 50
101 6 9
102 10 9
103 7 6
104 6 9
105 20 20
106 10 9
107 50 40
108 30 20
109 10 6
110 7 7
111 10 7
112 8 10
113 5 8
114 10 9
115 9 7
116 8 10
117 6 8
118 50 40
119 6 6
120 50 40
121 5 8
122 9 7
123 9 5
124 30 20
125 6 9
126 5 9
127 10 5
128 40 50
129 10 6
130 9 8
131 20 30
132 6 7
133 10 6
134 5 9
135 9 9
136 6 9
137 8 7
138 40 20
139 6 6
140 5 7
141 20 40
142 9 7
143 20 20
144 8 5
145 10 8
146 10 5
147 10 8
148 10 9
149 20 50
150 6 6
151 5 10
152 8 10
153 8 6
154 10 10
155 6 8
156 40 30
157 10 6
158 30 50
159 20 20
160 10 7
161 8 10
162 30 20
163 40 30
164 40 40
165 9 9
166 6 7
167 10 6
168 7 5
169 6 9
170 40 50
171 8 7
172 40 30
173 30 30
174 5 5
175 30 30
176 6 5
177 40 30
178 7 8
179 40 50
180 10 9
181 10 10
182 9 9
183 6 6
184 9 10
185 5 5
186 8 10
187 10 10
188 5 8
189 7 9
190 6 9
191 40 50
192 40 50
193 8 5
194 8 6
195 7 8
196 50 50
197 40 20
198 8 9
199 8 6
200 7 9
201 50 40
202 50 20
203 8 8
204 8 8
205 40 50
206 50 40
207 8 5
208 9 6
209 9 5
210 8 9
211 6 6
212 7 6
213 8 10
214 40 30
215 30 50
216 8 7
217 40 30
218 6 9
219 8 5
220 40 20
221 30 30
222 40 30
223 9 9
224 7 5
225 30 30
226 10 10
227 9 6
228 6 7
229 6 9
230 9 10
231 6 9
232 30 50
233 8 7
234 10 10
235 7 9
236 6 9
237 8 10
238 9 5
239 6 5
240 5 8
241 5 8
242 9 7
243 20 50
244 8 8
245 20 30
246 8 5
247 9 10
248 6 7
249 10 9
250 20 40
251 5 6
252 40 40
253 5 7
254 10 7
255 8 8
256 20 20
257 5 8
258 6 8
259 9 10
260 50 20
261 6 5
262 10 9
263 20 30
264 6 10
265 7 7
266 8 10
267 6 7
268 10 10
269 30 50
270 9 8
271 40 30
272 7 9
273 30 20
274 9 7
275 50 20
276 7 9
277 9 9
278 8 10
279 5 9
280 40 40
281 9 8
282 40 30
283 9 10
284 8 8
285 8 6
286 6 7
287 8 5
288 40 40
289 6 5
290 5 10
291 7 5
292 5 6
293 7 9
294 9 5
295 40 30
296 30 20
297 10 8
298 7 6
299 8 5
300 9 9
301 7 7
302 6 5
303 30 40
304 7 9
305 7 10
306 9 6
307 9 8
308 8 9
309 20 30
310 10 7
311 7 6
312 10 10
313 30 50
314 10 5
315 20 20
316 7 8
317 40 20
318 5 10
319 9 10
320 6 9
321 9 7
322 50 40
323 10 7
324 5 8
325 20 50
326 8 9
327 30 20
328 7 7
329 6 10
330 10 5
331 8 7
332 30 50
333 40 40
334 9 6
335 7 6
336 9 9
337 7 9
338 9 10
339 10 6
340 9 5
341 6 6
342 20 50
343 7 9
344 5 10
345 10 6
346 30 40
347 50 30
348 10 5
349 6 5
350 9 7
351 10 9
352 9 9
353 30 20
354 6 7
355 9 5
356 40 50
357 30 40
358 5 5
359 6 9
360 8 6
361 40 30
362 8 9
363 40 20
364 9 7
365 50 40
366 5 7
367 6 8
368 9 9
369 10 5
370 40 50
371 9 6
372 8 10
373 8 5
374 6 10
375 40 40
376 6 10
377 7 9
378 9 9
379 7 8
380 7 7
381 7 10
382 9 10
383 8 9
384 40 20
385 10 10
386 30 30
387 20 50
388 8 9
389 10 8
390 50 20
391 8 9
392 40 50
393 6 6
394 40 20
395 8 5
396 7 7
397 7 9
398 5 9
399 9 10
400 20 30
401 8 7
402 30 20
403 40 20
404 40 30
405 8 7
406 10 8
407 10 10
408 9 9
409 8 9
410 7 9
411 8 5
412 6 6
413 6 8
414 30 30
415 7 8
416 9 8
417 6 10
418 6 5
419 10 6
420 6 6
421 5 6
422 20 40
423 6 7
424 6 9
425 5 10
426 6 7
427 10 7
428 9 10
429 40 30
430 50 20
431 40 20
432 5 6
433 7 9
434 9 7
435 30 50
436 40 50
437 9 5
438 30 30
439 6 10
440 5 6
441 9 6
442 9 7
443 30 50
444 10 6
445 40 30
446 50 50
447 20 20
448 8 10
449 40 30
450 9 7
451 30 30
452 7 6
453 7 5
454 10 6
455 20 20
456 5 10
457 30 20
458 10 10
459 9 5
460 9 8
461 9 5
462 8 6
463 30 50
464 40 40
465 30 20
466 10 7
467 8 5
468 10 9
469 30 20
470 9 6
471 20 50
472 50 40
473 6 10
474 7 10
475 7 10
476 5 9
477 8 10
478 10 9
479 5 7
480 40 30
481 5 8
482 7 7
483 9 9
484 8 9
485 30 20
486 8 7
487 5 6
488 10 8
489 7 9
490 8 8
491 40 30
492 40 20
493 6 6
494 7 5
495 9 8
496 10 9
497 8 10
498 6 5
499 5 6
500 20 40
501 10 10
502 9 6
503 7 8
504 50 30
505 8 7
506 7 5
507 7 5
508 9 10
509 40 30
510 5 7
511 9 5
512 8 9
513 7 5
514 5 7
515 50 20
516 6 6
517 5 6
518 10 9
519 30 30
520 8 6
521 50 20
522 5 10
523 50 50
524 8 6
525 20 20
526 40 20
527 6 5
528 8 9
529 8 5
530 8 9
531 8 8
532 5 10
533 9 9
534 20 20
535 8 9
536 9 5
537 50 40
538 5 10
539 8 5
540 6 10
541 7 10
542 7 8
543 50 20
544 9 8
545 8 7
546 10 5
547 8 6
548 5 10
549 8 7
550 30 20
551 5 5
552 50 50
553 8 5
554 9 6
555 5 10
556 6 9
557 5 8
558 5 9
559 9 5
560 30 20
561 50 50
562 40 20
563 7 5
564 40 40
565 7 6
566 10 8
567 8 7
568 40 40
569 5 7
570 9 9
571 5 8
572 5 5
573 6 9
574 30 20
575 6 10
576 6 9
577 6 10
578 7 7
579 10 8
580 30 30
581 30 30
582 10 9
583 9 5
584 8 5
585 8 7
586 30 30
587 5 9
588 20 30
589 7 10
590 7 5
591 30 40
592 5 7
593 7 5
594 6 9
595 50 50
596 6 6
597 6 6
598 10 7
599 40 20
600 30 40
601 9 10
602 10 10
603 7 6
604 50 20
605 7 9
606 9 7
607 5 6
608 20 40
609 50 40
610 6 6
611 9 6
612 50 20
613 40 20
614 5 5
615 20 50
616 20 50
617 10 5
618 30 20
619 8 6
620 6 9
621 50 50
622 50 20
623 7 8
624 10 8
625 6 6
626 30 20
627 30 50
628 20 50
629 6 5
630 20 20
631 30 40
632 6 7
633 10 10
634 9 9
635 10 10
636 9 7
637 50 20
638 8 9
639 20 40
640 8 8
641 30 40
642 7 8
643 50 40
644 20 50
645 5 9
646 7 6
647 5 10
648 5 9
649 6 8
650 8 8
651 10 10
652 20 40
653 5 9
654 20 40
655 50 40
656 9 8
657 9 5
658 20 30
659 50 40
660 10 10
661 7 10
662 5 7
663 9 6
664 40 20
665 10 8
666 6 6
667 5 6
668 7 6
669 5 5
670 40 40
671 5 7
672 50 40
673 20 30
674 8 8
675 30 20
676 6 10
677 30 30
678 5 8
679 6 7
680 8 5
681 8 8
682 7 9
683 5 6
684 10 8
685 10 5
686 6 6
687 20 40
688 6 6
689 10 7
690 8 10
691 7 7
692 5 9
693 7 7
694 50 30
695 6 8
696 9 6
697 10 8
698 30 40
699 40 50
700 9 5
701 8 10
702 5 9
703 5 9
704 10 8
705 7 7
706 6 10
707 7 5
708 30 50
709 50 30
710 50 40
711 10 9
712 10 8
713 8 9
714 10 9
715 7 6
716 10 9
717 7 5
718 40 20
719 6 10
720 5 5
721 10 6
722 50 50
723 5 5
724 20 50
725 20 40
726 40 40
727 10 9
728 20 40
729 20 50
730 6 8
731 30 20
732 40 20
733 7 6
734 10 9
735 5 7
736 40 30
737 5 8
738 7 7
739 7 9
740 8 9
741 30 20
742 30 20
743 6 6
744 5 7
745 7 6
746 7 5
747 5 7
748 40 20
749 5 7
750 5 8
751 10 7
752 9 7
753 50 50
754 9 6
755 30 20
756 50 50
757 7 9
758 40 40
759 8 5
760 50 40
761 6 8
762 10 7
763 9 5
764 10 5
765 10 10
766 8 9
767 10 5
768 30 50
769 20 20
770 7 5
771 50 20
772 50 20
773 7 5
774 5 5
775 20 50
776 40 40
777 6 8
778 30 50
779 7 9
780 8 6
781 9 7
782 50 20
783 9 6
784 10 7
785 50 40
786 8 6
787 20 20
788 10 5
789 30 30
790 8 6
791 9 9
792 9 7
793 20 40
794 10 10
795 10 7
796 9 6
797 30 20
798 40 30
799 9 9
800 10 7
801 8 10
802 30 30
803 8 10
804 9 10
805 6 7
806 6 8
807 9 8
808 20 40
809 50 50
810 40 50
811 30 30
812 6 5
813 8 6
814 9 9
815 20 20
816 10 7
817 6 5
818 30 30
819 8 8
820 6 6
821 8 9
822 40 30
823 9 7
824 10 6
825 40 40
826 9 6
827 40 30
828 6 8
829 8 8
830 7 10
831 5 8
832 30 20
833 10 6
834 5 9
835 30 30
836 20 30
837 10 5
838 20 20
839 8 10
840 8 6
841 20 40
842 5 8
843 40 20
844 9 5
845 8 10
846 9 5
847 10 9
848 30 20
849 5 6
850 10 6
851 50 30
852 30 20
853 30 40
854 10 7
855 7 8
856 5 7
857 8 8
858 30 50
859 9 10
860 10 8
861 6 6
862 9 6
863 8 8
864 7 8
865 10 8
866 10 9
867 9 9
868 8 9
869 20 30
870 5 6
871 8 5
872 9 10
873 5 7
874 6 8
875 10 9
876 5 6
877 10 7
878 6 6
879 20 20
880 6 10
881 10 9
882 10 7
883 8 6
884 5 10
885 9 6
886 9 7
887 10 5
888 9 7
889 7 5
890 30 40
891 40 50
892 6 5
893 9 10
894 50 20
895 30 40
896 50 30
897 6 10
898 5 8
899 5 6
900 9 10
901 40 20
902 6 5
903 6 8
904 50 50
905 6 6
906 40 50
907 7 7
908 6 8
909 20 20
910 20 50
911 6 10
912 40 30
913 7 6
914 10 5
915 5 8
916 20 20
917 10 9
918 9 9
919 7 5
920 5 8
921 6 5
922 50 20
923 10 6
924 10 6
925 10 6
926 6 8
927 10 5
928 5 10
929 6 10
930 20 30
931 5 6
932 7 7
933 6 5
934 9 5
935 50 20
936 20 40
937 7 8
938 40 20
939 40 20
940 7 6
941 10 6
942 7 8
943 20 20
944 20 30
945 9 5
946 8 9
947 5 7
948 40 30
949 5 7
950 9 7
951 9 7
952 7 9
953 40 20
954 10 10
955 8 8
956 7 7
957 9 6
958 30 30
959 8 6
960 6 10
961 8 6
962 9 9
963 6 6
964 10 10
965 7 5
966 5 5
967 20 20
968 10 5
969 6 8
970 20 30
971 10 8
972 5 9
973 5 7
974 6 9
975 6 7
976 30 50
977 6 6
978 7 7
979 8 7
980 50 50
981 10 10
982 20 30
983 10 9
984 6 7
985 40 50
986 6 9
987 8 5
988 8 6
989 20 30
990 9 8
991 8 6
992 40 20
993 7 8
994 50 30
995 6 10
996 20 30
997 8 8
998 8 5
999 20 50
1000 8 7
1001 8 9
1002 20 50
1003 40 30
1004 8 6
1005 6 6
1006 9 6
1007 8 6
1008 5 8
1009 20 50
1010 5 6
1011 5 8
1012 7 10
1013 8 8
1014 20 40
1015 8 6
1016 6 8
1017 8 6
1018 6 10
1019 40 20
1020 9 8
1021 8 9
1022 50 50
1023 40 30
1024 20 30
1025 30 20
1026 5 10
1027 10 9
1028 10 6
1029 20 20
1030 5 8
1031 8 6
1032 7 9
1033 6 5
1034 20 30
1035 20 40
1036 30 40
1037 40 40
1038 30 50
1039 5 8
1040 5 9
1041 6 7
1042 7 10
1043 9 8
1044 10 7
1045 8 10
1046 40 20
1047 20 50
1048 6 5
1049 6 10
1050 50 30
1051 50 20
1052 30 50
1053 30 50
1054 6 9
1055 6 5
1056 5 7
1057 7 9
1058 10 9
1059 10 6
1060 20 50
1061 5 9
1062 10 9
1063 10 5
1064 20 30
1065 6 10
1066 9 10
1067 5 9
1068 50 50
1069 50 30
1070 6 5
1071 6 9
1072 7 5
1073 40 20
1074 40 20
1075 5 7
1076 9 7
1077 40 30
1078 8 8
1079 20 30
1080 50 50
1081 7 7
1082 7 5
1083 8 10
1084 5 8
1085 8 5
1086 20 40
1087 6 9
1088 9 7
1089 6 5
1090 8 10
1091 5 5
1092 8 8
1093 9 10
1094 8 8
1095 7 10
1096 8 9
1097 40 30
1098 10 9
1099 6 7
1100 7 10
1101 10 10
1102 30 20
1103 50 40
1104 5 5
1105 5 7
1106 40 20
1107 5 7
1108 8 5
1109 30 50
1110 9 7
1111 40 50
1112 9 9
1113 5 8
1114 9 6
1115 10 7
1116 7 7
1117 10 10
1118 20 30
1119 8 7
1120 6 9
1121 40 40
1122 6 5
1123 30 20
1124 10 9
1125 40 20
1126 10 9
1127 30 50
1128 8 8
1129 6 6
1130 8 10
1131 9 9
1132 50 40
1133 20 50
1134 50 50
1135 30 20
1136 8 6
1137 20 20
1138 9 8
1139 20 20
1140 50 20
1141 6 8
1142 8 10
1143 6 9
1144 8 9
1145 40 20
1146 30 20
1147 10 5
1148 6 7
1149 10 10
1150 5 7
1151 20 30
1152 50 50
1153 7 7
1154 9 6
1155 20 20
1156 9 6
1157 40 20
1158 6 8
1159 7 7
1160 40 50
1161 30 40
1162 9 10
1163 9 7
1164 7 9
1165 20 20
1166 10 6
1167 7 8
1168 50 30
1169 6 8
1170 20 40
1171 9 5
1172 5 5
1173 7 8
1174 7 7
1175 50 50
1176 7 10
1177 8 10
1178 8 9
1179 10 7
1180 5 9
1181 7 5
1182 5 7
1183 20 40
1184 20 30
1185 30 50
1186 6 10
1187 30 50
1188 30 30
1189 9 7
1190 10 7
1191 5 5
1192 10 10
1193 40 20
1194 5 8
1195 9 6
1196 5 10
1197 8 6
1198 8 6
1199 10 10
1200 30 20
1201 30 20
1202 8 9
1203 40 40
1204 20 30
1205 9 8
1206 10 6
1207 8 8
1208 50 20
1209 8 6
1210 9 5
1211 30 50
1212 50 30
1213 40 30
1214 7 5
1215 8 9
1216 50 20
1217 50 20
1218 30 30
1219 10 7
1220 5 5
1221 7 6
1222 50 40
1223 20 50
1224 7 7
1225 40 40
1226 40 30
1227 9 6
1228 30 40
1229 40 30
1230 30 50
1231 7 8
1232 10 6
1233 6 7
1234 9 8
1235 5 8
1236 7 7
1237 10 10
1238 7 7
1239 8 10
1240 5 9
1241 40 50
1242 5 10
1243 5 6
1244 30 20
1245 9 6
1246 10 7
1247 8 9
1248 20 50
1249 7 8
1250 6 9
1251 50 50
1252 6 10
1253 50 20
1254 7 9
1255 10 10
1256 9 7
1257 10 9
1258 5 10
1259 10 6
1260 30 50
1261 20 40
1262 20 20
1263 20 20
1264 20 40
1265 8 7
1266 40 30
1267 10 5
1268 9 10
1269 9 6
1270 8 6
1271 5 9
1272 9 7
1273 8 9
1274 5 7
1275 30 20
1276 40 20
1277 9 6
1278 50 20
1279 40 20
1280 9 8
1281 20 20
1282 9 8
1283 6 9
1284 10 7
1285 6 9
1286 6 5
1287 8 7
1288 50 50
1289 6 7
1290 30 40
1291 8 5
1292 5 5
1293 8 6
1294 30 20
1295 5 7
1296 7 7
1297 30 30
1298 20 40
1299 10 7
1300 9 10
1301 10 10
1302 9 8
1303 6 10
1304 9 8
1305 7 6
1306 50 50
1307 7 8
1308 5 10
1309 8 7
1310 20 50
1311 8 10
1312 5 5
1313 9 10
1314 9 9
1315 6 8
1316 50 30
1317 7 5
1318 50 40
1319 10 10
1320 9 5
1321 50 20
1322 9 9
1323 7 10
1324 10 8
1325 5 10
1326 9 6
1327 40 40
1328 5 9
1329 20 30
1330 8 8
1331 8 8
1332 9 5
1333 20 50
1334 30 50
1335 50 30
1336 7 10
1337 30 50
1338 8 6
1339 20 50
1340 5 9
1341 10 5
1342 30 50
1343 5 7
1344 10 10
1345 50 40
1346 10 9
1347 30 30
1348 30 50
1349 30 40
1350 7 10
1351 5 10
1352 8 10
1353 50 50
1354 20 50
1355 7 5
1356 7 6
1357 8 6
1358 5 9
1359 7 7
1360 9 7
1361 8 9
1362 7 10
1363 10 7
1364 40 20
1365 50 20
1366 9 5
1367 8 6
1368 5 10
1369 40 50
1370 40 50
1371 9 10
1372 40 30
1373 20 50
1374 6 8
1375 20 50
1376 6 5
1377 10 5
1378 20 40
1379 5 5
1380 20 30
1381 30 50
1382 20 30
1383 7 8
1384 6 8
1385 10 10
1386 9 10
1387 10 9
1388 6 7
1389 10 10
1390 9 5
1391 5 6
1392 40 30
1393 7 5
1394 10 10
1395 5 6
1396 7 5
1397 7 9
1398 8 6
1399 7 9
1400 7 9
1401 30 20
1402 30 50
1403 20 30
1404 5 7
1405 8 6
1406 50 20
1407 8 8
1408 8 5
1409 10 5
1410 9 8
1411 9 10
1412 7 6
1413 8 9
1414 6 7
1415 30 50
1416 20 40
1417 10 9
1418 9 6
1419 6 5
1420 9 8
1421 8 10
1422 50 50
1423 50 50
1424 7 10
1425 7 7
1426 6 10
1427 7 6
1428 6 9
1429 40 40
1430 5 10
1431 8 5
1432 5 10
1433 10 6
1434 7 7
1435 10 7
1436 9 8
1437 30 30
1438 8 8
1439 7 7
1440 10 5
1441 50 50
1442 30 40
1443 10 9
1444 9 9
1445 10 9
1446 5 10
1447 6 9
1448 30 50
1449 10 10
1450 10 6
1451 50 20
1452 9 5
1453 9 8
1454 20 40
1455 9 10
1456 40 30
1457 9 7
1458 50 40
1459 5 5
1460 5 10
1461 10 9
1462 10 8
1463 6 8
1464 8 10
1465 5 7
1466 10 7
1467 10 8
1468 6 9
1469 7 6
1470 9 8
1471 50 50
1472 9 7
1473 6 6
1474 5 8
1475 7 8
1476 5 6
1477 9 6
1478 5 5
1479 40 40
1480 10 10
1481 20 30
1482 9 8
1483 10 10
1484 7 7
1485 6 8
1486 5 9
1487 7 6
1488 5 8
1489 8 7
1490 50 40
1491 50 20
1492 40 20
1493 7 7
1494 50 40
1495 7 5
1496 8 10
1497 30 30
1498 10 5
1499 40 30
1500 10 9
1501 7 10
1502 40 50
1503 30 30
1504 6 8
1505 40 20
1506 9 9
1507 50 50
1508 5 8
1509 5 9
1510 30 30
1511 10 10
1512 40 30
1513 6 6
1514 40 20
1515 5 9
1516 9 8
1517 30 30
1518 50 40
1519 40 40
1520 7 6
1521 40 40
1522 40 50
1523 8 6
1524 6 7
1525 8 8
1526 20 50
1527 50 20
1528 9 6
1529 40 50
1530 40 50
1531 10 7
1532 10 5
1533 20 50
1534 7 8
1535 5 7
1536 8 7
1537 9 5
1538 10 9
1539 7 7
1540 7 8
1541 30 20
1542 6 6
1543 20 40
1544 30 50
1545 9 10
1546 7 6
1547 30 30
1548 9 9
1549 5 7
1550 10 8
1551 50 40
1552 20 20
1553 10 7
1554 7 8
1555 5 6
1556 30 50
1557 30 30
1558 40 40
1559 30 30
1560 6 8
1561 6 6
1562 7 5
1563 9 7
1564 6 5
1565 8 10
1566 9 9
1567 5 6
1568 9 6
1569 5 9
1570 50 20
1571 7 5
1572 50 50
1573 9 7
1574 8 6
1575 50 20
1576 8 8
1577 7 9
1578 30 50
1579 10 6
1580 9 5
1581 5 10
1582 9 5
1583 30 40
1584 50 50
1585 5 8
1586 5 10
1587 6 5
1588 6 5
1589 30 50
1590 5 9
1591 20 40
1592 20 40
1593 9 7
1594 20 40
1595 10 9
1596 30 20
1597 6 9
1598 50 50
1599 7 7
1600 5 6
1601 7 7
1602 8 10
1603 50 40
1604 6 8
1605 10 6
1606 30 50
1607 8 10
1608 30 40
1609 9 9
1610 10 8
1611 30 30
1612 9 6
1613 5 8
1614 10 7
1615 30 30
1616 7 8
1617 10 6
1618 9 7
1619 10 6
1620 7 7
1621 6 8
1622 5 10
1623 6 9
1624 8 5
1625 10 10
1626 7 5
1627 7 8
1628 40 50
1629 20 40
1630 9 9
1631 8 10
1632 10 6
1633 6 10
1634 7 9
1635 5 7
1636 7 10
1637 40 40
1638 40 40
1639 6 6
1640 6 7
1641 9 10
1642 10 9
1643 7 6
1644 40 30
1645 40 40
1646 20 30
1647 6 9
1648 8 5
1649 10 9
1650 8 6
1651 6 10
1652 40 50
1653 8 8
1654 40 50
1655 9 6
1656 8 10
1657 6 7
1658 8 8
1659 8 8
1660 40 50
1661 6 10
1662 8 9
1663 8 6
1664 10 5
1665 9 5
1666 5 5
1667 30 30
1668 9 9
1669 40 40
1670 8 10
1671 8 5
1672 7 10
1673 5 10
1674 6 9
1675 40 30
1676 5 9
1677 30 40
1678 7 10
1679 50 50
1680 50 20
1681 50 30
1682 30 20
1683 10 6
1684 10 5
1685 40 30
1686 50 40
1687 40 50
1688 5 10
1689 6 8
1690 6 7
1691 5 6
1692 30 30
1693 30 40
1694 6 10
1695 40 40
1696 30 30
1697 8 8
1698 7 6
1699 40 40
1700 50 20
1701 9 9
1702 7 6
1703 8 10
1704 10 5
1705 8 8
1706 8 9
1707 40 50
1708 8 10
1709 50 20
1710 7 7
1711 40 30
1712 5 7
1713 20 20
1714 30 20
1715 40 20
1716 20 40
1717 50 40
1718 30 30
1719 7 9
1720 50 30
1721 6 8
1722 50 40
1723 7 8
1724 50 50
1725 8 10
1726 6 10
1727 50 30
1728 6 5
1729 20 40
1730 30 50
1731 7 9
1732 50 30
1733 30 40
1734 5 5
1735 8 9
1736 40 40
1737 40 40
1738 6 10
1739 5 5
1740 5 5
1741 8 10
1742 8 5
1743 8 8
1744 10 7
1745 5 9
1746 30 30
1747 9 5
1748 9 5
1749 7 9
1750 9 5
1751 6 8
1752 9 8
1753 20 30
1754 9 9
1755 50 20
1756 6 9
1757 6 8
1758 9 9
1759 30 40
1760 5 6
1761 9 8
1762 7 9
1763 8 5
1764 10 8
1765 30 20
1766 50 40
1767 10 9
1768 30 50
1769 40 50
1770 9 5
1771 40 40
1772 50 40
1773 10 7
1774 6 10
1775 10 6
1776 5 5
1777 50 30
1778 5 5
1779 5 9
1780 9 5
1781 5 5
1782 20 30
1783 8 8
1784 20 40
1785 20 20
1786 50 20
1787 8 10
1788 8 8
1789 5 6
1790 9 9
1791 30 50
1792 10 5
1793 6 8
1794 20 20
1795 8 9
1796 30 20
1797 6 10
1798 50 30
1799 7 6
1800 10 9
1801 7 8
1802 9 7
1803 5 5
1804 9 7
1805 8 8
1806 50 30
1807 20 20
1808 5 5
1809 40 40
1810 7 8
1811 30 50
1812 9 8
1813 7 8
1814 20 50
1815 20 30
1816 50 30
1817 9 8
1818 7 8
1819 6 9
1820 9 9
1821 5 10
1822 20 30
1823 50 30
1824 6 6
1825 8 6
1826 9 8
1827 7 6
1828 9 5
1829 20 30
1830 5 8
1831 6 7
1832 7 8
1833 7 8
1834 10 6
1835 8 8
1836 9 5
1837 10 6
1838 5 6
1839 30 20
1840 20 30
1841 10 9
1842 9 7
1843 8 9
1844 50 20
1845 30 50
1846 10 8
1847 6 6
1848 30 50
1849 30 20
1850 30 50
1851 8 10
1852 5 9
1853 7 6
1854 20 30
1855 6 9
1856 40 40
1857 7 9
1858 7 6
1859 7 7
1860 5 10
1861 10 6
1862 5 8
1863 5 9
1864 10 5
1865 40 30
1866 8 8
1867 10 9
1868 30 30
1869 50 40
1870 10 5
1871 8 5
1872 30 20
1873 20 20
1874 6 9
1875 8 10
1876 20 30
1877 10 9
1878 10 8
1879 30 30
1880 5 5
1881 10 5
1882 9 8
1883 5 8
1884 40 50
1885 50 50
1886 9 9
1887 40 20
1888 5 5
1889 8 10
1890 5 7
1891 5 8
1892 8 5
1893 5 9
1894 40 30
1895 8 10
1896 9 5
1897 30 40
1898 50 30
1899 20 20
1900 50 20
1901 5 10
1902 7 9
1903 40 50
1904 50 50
1905 5 10
1906 7 6
1907 9 9
1908 9 5
1909 40 30
1910 9 7
1911 10 6
1912 5 5
1913 10 9
1914 40 20
1915 40 20
1916 7 10
1917 8 6
1918 6 7
1919 6 5
1920 9 7
1921 7 9
1922 50 50
1923 10 8
1924 30 30
1925 9 8
1926 30 20
1927 6 8
1928 7 10
1929 30 40
1930 20 30
1931 30 40
1932 9 8
1933 8 10
1934 40 40
1935 6 7
1936 40 30
1937 5 6
1938 5 7
1939 8 5
1940 10 8
1941 9 5
1942 10 8
1943 9 6
1944 6 9
1945 40 20
1946 7 8
1947 8 8
1948 6 10
1949 9 9
1950 7 10
1951 20 40
1952 7 6
1953 20 40
1954 10 6
1955 7 10
1956 40 40
1957 8 7
1958 20 30
1959 10 6
1960 8 5
1961 8 7
1962 50 30
1963 8 9
1964 30 40
1965 7 7
1966 6 9
1967 8 8
1968 20 40
1969 6 9
1970 40 50
1971 20 50
1972 8 8
1973 8 5
1974 10 5
1975 40 50
1976 9 9
1977 10 5
1978 50 40
1979 30 20
1980 6 6
1981 9 8
1982 40 40
1983 50 30
1984 20 20
1985 40 30
1986 6 10
1987 20 40
1988 9 10
1989 40 50
1990 30 50
1991 6 6
1992 5 9
1993 30 50
1994 30 50
1995 50 20
1996 9 8
1997 9 7
1998 5 6
1999 6 6
2000 6 7
2001 5 9
2002 8 10
2003 9 5
2004 50 30
2005 6 6
2006 5 7
2007 7 6
2008 40 20
2009 9 8
2010 10 8
2011 10 7
2012 20 20
2013 5 10
2014 10 7
2015 30 20
2016 30 30
2017 40 30
2018 7 9
2019 30 40
2020 9 9
2021 6 6
2022 8 9
2023 40 50
2024 6 10
2025 40 20
2026 50 40
2027 9 5
2028 40 40
2029 6 9
2030 8 9
2031 40 50
2032 8 5
2033 9 9
2034 5 10
2035 5 5
2036 50 50
2037 10 6
2038 5 5
2039 6 8
2040 30 50
2041 8 9
2042 50 50
2043 40 40
2044 10 6
2045 6 6
2046 40 30
2047 30 20
2048 30 20
2049 20 40
2050 8 6
2051 8 7
2052 6 5
2053 5 10
2054 8 6
2055 20 50
2056 5 10
2057 50 50
2058 6 5
2059 8 9
2060 9 6
2061 7 6
2062 40 40
2063 5 8
2064 5 9
2065 10 6
2066 30 20
2067 5 6
2068 8 10
2069 8 9
2070 9 8
2071 10 9
2072 20 20
2073 20 40
2074 6 8
2075 5 10
2076 5 5
2077 5 5
2078 8 5
2079 10 6
2080 10 8
2081 5 9
2082 20 40
2083 7 9
2084 30 40
2085 10 5
2086 7 9
2087 10 10
2088 30 20
2089 5 5
2090 20 50
2091 6 7
2092 20 20
2093 30 40
2094 40 30
2095 50 50
2096 7 6
2097 7 8
2098 7 7
2099 30 30
2100 10 8
2101 20 40
2102 40 20
2103 6 5
2104 40 20
2105 7 7
2106 5 5
2107 8 7
2108 9 6
2109 10 9
2110 40 40
2111 5 9
2112 20 40
2113 30 50
2114 7 6
2115 8 8
2116 8 8
2117 30 40
2118 6 7
2119 6 6
2120 7 7
2121 8 8
2122 10 9
2123 9 10
2124 5 9
2125 6 8
2126 50 20
2127 8 10
2128 20 30
2129 30 30
2130 8 10
2131 50 20
2132 10 10
2133 20 40
2134 7 9
2135 8 8
2136 5 5
2137 8 5
2138 20 30
2139 10 7
2140 9 10
2141 10 6
2142 10 6
2143 7 9
2144 50 30
2145 30 20
2146 9 9
2147 50 20
2148 30 40
2149 30 40
2150 30 20
2151 7 8
2152 8 5
2153 9 7
2154 20 30
2155 50 30
2156 8 7
2157 40 20
2158 7 6
2159 30 30
2160 10 8
2161 5 10
2162 50 20
2163 6 7
2164 6 10
2165 50 20
2166 8 5
2167 40 30
2168 20 50
2169 20 20
2170 7 10
2171 7 9
2172 5 10
2173 6 8
2174 8 6
2175 50 20
2176 50 50
2177 10 5
2178 20 20
2179 10 10
2180 10 9
2181 5 5
2182 10 6
2183 50 30
2184 20 40
2185 10 5
2186 40 20
2187 30 30
2188 6 9
2189 8 8
2190 6 6
2191 20 50
2192 8 9
2193 20 40
2194 9 5
2195 9 5
2196 20 50
2197 6 5
2198 10 8
2199 8 9
2200 8 5
2201 9 10
2202 7 7
2203 20 50
2204 7 7
2205 6 8
2206 8 7
2207 8 5
2208 20 40
2209 8 6
2210 6 10
2211 8 5
2212 7 8
2213 7 5
2214 6 10
2215 10 6
2216 5 7
2217 8 5
2218 7 7
2219 8 10
2220 8 5
2221 10 6
2222 8 6
2223 10 9
2224 50 40
2225 5 10
2226 6 8
2227 6 10
2228 9 10
2229 10 8
2230 20 40
2231 7 10
2232 7 7
2233 8 5
2234 9 8
2235 5 7
2236 40 20
2237 10 7
2238 30 30
2239 7 7
2240 6 10
2241 9 8
2242 9 10
2243 5 7
2244 20 20
2245 7 6
2246 50 20
2247 50 50
2248 40 50
2249 6 9
2250 7 8
2251 40 20
2252 8 8
2253 50 50
2254 50 30
2255 40 50
2256 5 7
2257 6 6
2258 7 6
2259 7 10
2260 6 8
2261 30 30
2262 8 5
2263 50 30
2264 30 30
2265 6 5
2266 5 10
2267 7 9
2268 7 5
2269 9 9
2270 50 30
2271 50 20
2272 9 7
2273 9 9
2274 7 7
2275 10 8
2276 50 40
2277 10 9
2278 7 5
2279 8 9
2280 9 6
2281 9 8
2282 5 7
2283 50 50
2284 5 5
2285 5 7
2286 8 5
2287 50 50
2288 9 7
2289 30 20
2290 30 20
2291 50 40
2292 6 10
2293 20 30
2294 10 9
2295 9 8
2296 5 8
2297 30 40
2298 5 8
2299 9 9
2300 9 7
2301 5 7
2302 50 20
2303 7 8
2304 8 9
2305 40 50
2306 10 7
2307 20 20
2308 9 9
2309 7 6
2310 30 30
2311 8 8
2312 5 8
2313 10 5
2314 9 8
2315 10 10
2316 50 40
2317 30 30
2318 8 8
2319 5 9
2320 7 7
2321 5 5
2322 20 20
2323 8 10
2324 5 5
2325 10 8
2326 6 6
2327 7 9
2328 30 40
2329 10 7
2330 8 5
2331 10 5
2332 7 8
2333 30 50
2334 5 6
2335 5 6
2336 9 6
2337 30 50
2338 5 8
2339 30 20
2340 30 50
2341 20 30
2342 7 10
2343 5 7
2344 6 6
2345 9 8
2346 30 40
2347 5 8
2348 10 8
2349 9 7
2350 40 30
2351 6 9
2352 7 8
2353 50 20
2354 8 6
2355 5 6
2356 6 8
2357 40 30
2358 30 50
2359 6 6
2360 5 10
2361 7 10
2362 30 40
2363 10 8
2364 7 9
2365 5 5
2366 20 50
2367 9 5
2368 6 10
2369 40 40
2370 6 8
2371 20 30
2372 6 6
2373 7 8
2374 6 7
2375 7 7
2376 6 5
2377 6 6
2378 20 30
2379 10 8
2380 6 7
2381 7 8
2382 10 7
2383 6 7
2384 6 6
2385 8 8
2386 9 5
2387 5 7
2388 40 50
2389 6 9
2390 30 30
2391 8 5
2392 6 9
2393 40 40
2394 20 20
2395 30 40
2396 6 5
2397 7 6
2398 50 50
2399 10 7
2400 30 40
2401 40 40
2402 10 6
2403 30 30
2404 9 9
2405 7 7
2406 6 7
2407 9 5
2408 50 30
2409 40 50
2410 20 50
2411 7 5
2412 40 30
2413 9 8
2414 50 20
2415 10 10
2416 5 6
2417 8 8
2418 30 20
2419 9 6
2420 30 20
2421 30 30
2422 40 30
2423 6 5
2424 10 8
2425 7 10
2426 10 6
2427 10 9
2428 7 7
2429 7 7
2430 6 6
2431 10 5
2432 40 40
2433 8 5
2434 6 6
2435 7 9
2436 30 50
2437 40 40
2438 10 6
2439 7 6
2440 5 8
2441 30 30
2442 30 30
2443 10 7
2444 30 30
2445 7 9
2446 30 50
2447 8 6
2448 9 7
2449 6 5
2450 40 20
2451 30 30
2452 5 8
2453 8 10
2454 8 9
2455 30 20
2456 6 10
2457 30 40
2458 50 50
2459 9 9
2460 5 9
2461 9 8
2462 40 50
2463 8 10
2464 5 7
2465 6 6
2466 8 9
2467 10 8
2468 30 30
2469 50 40
2470 10 7
2471 6 5
2472 7 7
2473 50 50
2474 5 9
2475 9 5
2476 9 8
2477 5 7
2478 5 5
2479 40 40
2480 20 40
2481 7 6
2482 7 8
2483 8 9
2484 5 10
2485 6 5
2486 30 30
2487 9 8
2488 8 10
2489 5 10
2490 10 10
2491 40 30
2492 5 10
2493 8 10
2494 6 9
2495 9 7
2496 8 5
2497 5 10
2498 40 40
2499 8 9
2500 50 40
2501 7 9
2502 10 5
2503 9 9
2504 10 5
2505 8 10
2506 7 10
2507 8 5
2508 30 50
2509 20 40
2510 10 6
2511 10 7
2512 9 10
2513 30 50
2514 10 10
2515 50 50
2516 8 7
2517 9 6
2518 9 5
2519 7 5
2520 6 7
2521 7 5
2522 7 9
2523 20 50
2524 6 6
2525 30 30
2526 7 6
2527 50 50
2528 50 30
2529 5 9
2530 8 7
2531 6 5
2532 10 6
2533 8 5
2534 8 7
2535 8 10
2536 20 20
2537 30 40
2538 40 20
2539 5 6
2540 50 20
2541 5 7
2542 20 30
2543 7 10
2544 40 30
2545 9 6
2546 10 8
2547 40 50
2548 5 6
2549 40 20
2550 8 9
2551 5 9
2552 5 6
2553 50 40
2554 9 10
2555 10 10
2556 9 6
2557 8 7
2558 9 8
2559 50 50
2560 8 5
2561 30 50
2562 10 6
2563 30 20
2564 20 20
2565 10 9
2566 40 50
2567 8 10
2568 40 20
2569 5 6
2570 7 7
2571 9 6
2572 8 10
2573 9 7
2574 10 10
2575 10 5
2576 9 6
2577 9 10
2578 7 9
2579 50 30
2580 40 30
2581 50 30
2582 5 9
2583 20 20
2584 20 40
2585 6 6
2586 7 6
2587 10 6
2588 50 30
2589 40 20
2590 50 40
2591 7 9
2592 10 10
2593 9 10
2594 20 40
2595 10 7
2596 40 50
2597 40 30
2598 7 6
2599 6 9
2600 30 20
2601 30 30
2602 8 7
2603 10 7
2604 8 9
2605 50 50
2606 9 9
2607 5 10
2608 8 10
2609 8 7
2610 40 40
2611 5 10
2612 30 50
2613 7 8
2614 6 5
2615 7 5
2616 8 7
2617 40 20
2618 7 6
2619 8 10
2620 30 50
2621 7 10
2622 6 10
2623 10 7
2624 6 5
2625 6 8
2626 9 5
2627 50 20
2628 7 7
2629 10 6
2630 8 6
2631 9 5
2632 5 9
2633 5 8
2634 10 10
2635 40 40
2636 30 40
2637 5 6
2638 7 9
2639 8 10
2640 9 5
2641 7 5
2642 10 6
2643 9 7
2644 50 30
2645 10 7
2646 8 9
2647 9 6
2648 9 6
2649 50 40
2650 9 10
2651 6 6
2652 30 50
2653 9 10
2654 6 5
2655 6 9
2656 20 20
2657 10 5
2658 8 10
2659 8 10
2660 40 20
2661 5 9
2662 30 20
2663 7 8
2664 30 20
2665 40 30
2666 5 7
2667 8 5
2668 6 10
2669 50 40
2670 9 8
2671 9 6
2672 30 40
2673 7 7
2674 40 50
2675 8 10
2676 9 10
2677 50 50
2678 50 40
2679 30 30
2680 8 8
2681 10 9
2682 7 5
2683 10 10
2684 6 6
2685 40 30
2686 5 7
2687 20 50
2688 40 20
2689 30 30
2690 30 20
2691 9 8
2692 8 8
2693 30 20
2694 5 8
2695 7 8
2696 8 8
2697 9 10
2698 8 5
2699 8 5
2700 20 50
2701 6 10
2702 20 20
2703 9 5
2704 50 30
2705 10 5
2706 10 7
2707 8 10
2708 10 9
2709 6 6
2710 6 8
2711 8 9
2712 5 10
2713 50 30
2714 6 6
2715 50 50
2716 6 8
2717 5 8
2718 5 9
2719 8 8
2720 50 40
2721 40 40
2722 6 7
2723 30 40
2724 20 30
2725 10 7
2726 9 7
2727 9 10
2728 7 5
2729 7 5
2730 50 30
2731 8 9
2732 8 10
2733 6 8
2734 7 7
2735 5 5
2736 20 40
2737 7 10
2738 8 7
2739 8 5
2740 10 7
2741 9 8
2742 9 8
2743 8 6
2744 10 10
2745 20 40
2746 9 10
2747 5 6
2748 5 6
2749 6 5
2750 5 8
2751 10 7
2752 5 9
2753 7 5
2754 9 10
2755 20 50
2756 20 50
2757 8 7
2758 10 6
2759 10 9
2760 9 6
2761 10 5
2762 50 50
2763 50 20
2764 5 9
2765 20 20
2766 8 7
2767 7 7
2768 9 10
2769 50 50
2770 9 6
2771 7 8
2772 9 5
2773 10 7
2774 9 7
2775 9 7
2776 6 5
2777 50 20
2778 10 6
2779 20 50
2780 8 9
2781 9 10
2782 8 5
2783 8 10
2784 20 20
2785 40 50
2786 9 9
2787 20 40
2788 5 5
2789 50 30
2790 50 20
2791 7 8
2792 5 7
2793 7 9
2794 40 20
2795 30 40
2796 6 6
2797 7 10
2798 10 10
2799 10 10
2800 40 30
2801 20 40
2802 10 7
2803 10 10
2804 40 40
2805 50 20
2806 8 8
2807 50 30
2808 8 6
2809 10 8
2810 9 6
2811 9 5
2812 5 9
2813 5 7
2814 8 8
2815 6 9
2816 20 20
2817 6 8
2818 7 6
2819 40 30
2820 40 40
2821 6 8
2822 7 7
2823 8 10
2824 20 30
2825 8 5
2826 5 6
2827 40 20
2828 8 6
2829 8 6
2830 30 50
2831 9 6
2832 20 50
2833 6 10
2834 40 50
2835 8 10
2836 40 30
2837 10 9
2838 6 5
2839 10 9
2840 6 7
2841 9 9
2842 5 9
2843 6 6
2844 9 5
2845 10 8
2846 20 20
2847 9 6
2848 30 40
2849 40 20
2850 9 9
2851 20 20
2852 10 10
2853 5 6
2854 7 7
2855 10 10
2856 6 7
2857 7 5
2858 7 6
2859 5 8
2860 40 20
2861 20 30
2862 10 6
2863 30 40
2864 7 10
2865 5 10
2866 20 40
2867 6 10
2868 10 8
2869 50 40
2870 8 9
2871 7 5
2872 5 9
2873 30 50
2874 40 50
2875 20 30
2876 8 10
2877 8 8
2878 20 50
2879 6 6
2880 10 8
2881 40 40
2882 8 5
2883 6 5
2884 20 50
2885 10 8
2886 9 6
2887 7 8
2888 50 50
2889 7 10
2890 5 8
2891 20 20
2892 9 6
2893 6 9
2894 7 10
2895 8 6
2896 10 9
2897 50 20
2898 50 30
2899 8 10
2900 20 30
2901 40 50
2902 20 40
2903 40 30
2904 5 5
2905 8 7
2906 10 8
2907 9 6
2908 7 6
2909 5 5
2910 40 40
2911 40 40
2912 7 10
2913 40 30
2914 9 7
2915 50 40
2916 8 7
2917 10 6
2918 10 6
2919 8 5
2920 30 50
2921 5 10
2922 50 50
2923 5 8
2924 50 40
2925 7 6
2926 20 30
2927 7 10
2928 40 40
2929 30 50
2930 8 8
2931 9 5
2932 7 6
2933 30 20
2934 50 30
2935 20 40
2936 8 5
2937 8 7
2938 20 30
2939 9 6
2940 6 10
2941 30 40
2942 6 7
2943 8 8
2944 40 20
2945 10 10
2946 9 9
2947 50 40
2948 6 10
2949 5 10
2950 7 10
2951 50 30
2952 6 7
2953 30 30
2954 8 10
2955 9 9
2956 8 5
2957 9 7
2958 10 8
2959 7 6
2960 8 10
2961 40 40
2962 20 30
2963 6 9
2964 8 8
2965 6 6
2966 50 20
2967 7 9
2968 6 8
2969 9 7
2970 20 20
2971 20 40
2972 9 6
2973 50 40
2974 9 9
2975 7 10
2976 5 6
2977 20 40
2978 6 7
2979 30 40
2980 6 7
2981 9 8
2982 7 7
2983 9 8
2984 9 5
2985 40 40
2986 20 40
2987 9 9
2988 6 7
2989 30 20
2990 20 30
2991 6 8
2992 10 6
2993 50 40
2994 6 6
2995 10 7
2996 6 7
2997 9 6
2998 7 10
2999 20 30
3000 30 30
3001 9 8
3002 6 10
3003 20 40
3004 6 5
3005 40 40
3006 50 20
3007 10 5
3008 20 20
3009 50 30
3010 8 10
3011 30 50
3012 10 6
3013 5 7
3014 9 10
3015 6 8
3016 9 6
3017 30 40
3018 5 7
3019 10 6
3020 8 7
3021 6 7
3022 8 6
3023 10 6
3024 6 6
3025 30 50
3026 9 5
3027 50 50
3028 5 5
3029 10 8
3030 5 6
3031 9 10
3032 8 6
3033 10 9
3034 7 9
3035 7 10
3036 30 20
3037 5 8
3038 20 40
3039 6 9
3040 5 10
3041 9 10
3042 50 50
3043 10 10
3044 6 9
3045 7 8
3046 9 5
3047 5 6
3048 5 7
3049 5 6
3050 7 8
3051 10 9
3052 7 8
3053 7 10
3054 40 40
3055 8 10
3056 30 40
3057 9 6
3058 20 30
3059 7 6
3060 40 40
3061 5 7
3062 6 5
3063 20 40
3064 8 6
3065 30 20
3066 50 20
3067 8 8
3068 5 10
3069 6 9
3070 9 10
3071 40 30
3072 6 7
3073 5 9
3074 8 10
3075 6 5
3076 9 6
3077 50 30
3078 9 9
3079 5 10
3080 9 10
3081 6 7
3082 10 9
3083 6 10
3084 9 10
3085 7 6
3086 9 9
3087 30 30
3088 20 20
3089 50 50
3090 5 6
3091 9 7
3092 5 9
3093 10 5
3094 20 30
3095 5 9
3096 5 10
3097 9 7
3098 7 8
3099 20 30
3100 9 9
3101 50 50
3102 5 7
3103 30 20
3104 6 7
3105 5 5
3106 8 8
3107 7 9
3108 6 6
3109 10 10
3110 9 5
3111 10 9
3112 6 10
3113 5 5
3114 9 7
3115 20 40
3116 20 30
3117 5 10
3118 10 6
3119 8 7
3120 30 30
3121 9 6
3122 10 9
3123 30 50
3124 7 7
3125 7 6
3126 10 10
3127 40 30
3128 7 5
3129 50 20
3130 9 10
3131 5 8
3132 20 40
3133 10 10
3134 20 50
3135 8 5
3136 5 7
3137 50 30
3138 6 9
3139 50 20
3140 10 6
3141 9 10
3142 20 30
3143 6 9
3144 8 9
3145 7 7
3146 9 8
3147 40 40
3148 30 50
3149 50 30
3150 8 7
3151 7 5
3152 5 9
3153 8 8
3154 10 7
3155 8 7
3156 30 20
3157 10 7
3158 30 20
3159 5 6
3160 10 9
3161 6 10
3162 7 9
3163 8 6
3164 10 10
3165 30 30
3166 9 9
3167 40 50
3168 10 9
3169 6 6
3170 8 8
3171 9 10
3172 5 9
3173 7 9
3174 20 30
3175 50 40
3176 7 5
3177 7 7
3178 7 10
3179 50 40
3180 30 20
3181 9 10
3182 8 6
3183 10 9
3184 8 9
3185 6 5
3186 6 8
3187 6 6
3188 9 8
3189 40 50
3190 30 50
3191 7 9
3192 7 7
3193 10 5
3194 5 8
3195 7 6
3196 5 7
3197 20 40
3198 9 5
3199 8 7
3200 20 20
3201 6 6
3202 10 7
3203 20 30
3204 50 50
3205 6 5
3206 40 40
3207 7 5
3208 5 6
3209 9 7
3210 50 40
3211 10 8
3212 10 10
3213 30 40
3214 9 5
3215 7 5
3216 8 8
3217 8 6
3218 6 8
3219 40 40
3220 6 7
3221 10 8
3222 7 10
3223 5 6
3224 30 50
3225 9 7
3226 30 40
3227 10 10
3228 5 8
3229 7 7
3230 5 6
3231 9 7
3232 30 20
3233 7 7
3234 5 8
3235 6 8
3236 6 9
3237 8 10
3238 40 50
3239 8 9
3240 5 9
3241 20 30
3242 50 40
3243 20 50
3244 9 6
3245 5 10
3246 5 10
3247 40 40
3248 20 30
3249 8 9
3250 8 5
3251 9 7
3252 7 8
3253 5 7
3254 20 50
3255 30 30
3256 9 10
3257 10 10
3258 50 40
3259 9 9
3260 20 50
3261 5 8
3262 8 7
3263 40 20
3264 10 6
3265 9 5
3266 20 30
3267 10 7
3268 10 6
3269 7 9
3270 5 10
3271 10 5
3272 8 8
3273 8 10
3274 8 9
3275 10 10
3276 5 7
3277 40 40
3278 10 10
3279 8 8
3280 20 40
3281 10 9
3282 6 6
3283 8 10
3284 8 10
3285 10 9
3286 9 10
3287 10 5
3288 6 9
3289 30 20
3290 9 5
3291 30 30
3292 8 8
3293 8 8
3294 5 9
3295 7 9
3296 7 8
3297 7 5
3298 20 20
3299 20 20
3300 6 6
3301 20 30
3302 6 9
3303 30 30
3304 10 9
3305 5 9
3306 20 50
3307 30 50
3308 30 40
3309 30 30
3310 7 10
3311 5 5
3312 8 9
3313 9 5
3314 7 7
3315 9 10
3316 6 6
3317 40 50
3318 10 5
3319 9 6
3320 9 10
3321 20 50
3322 6 5
3323 8 7
3324 10 7
3325 8 8
3326 9 7
3327 9 8
3328 8 10
3329 8 8
3330 40 20
3331 6 6
3332 6 5
3333 7 6
3334 30 40
3335 6 9
3336 7 8
3337 7 6
3338 5 6
3339 30 50
3340 9 6
3341 6 7
3342 5 9
3343 10 6
3344 6 10
3345 6 8
3346 9 10
3347 7 9
3348 30 50
3349 9 7
3350 6 8
3351 40 30
3352 5 6
3353 5 8
3354 40 20
3355 10 5
3356 7 5
3357 40 30
3358 8 6
3359 7 8
3360 8 10
3361 9 10
3362 9 8
3363 7 8
3364 9 9
3365 40 20
3366 5 7
3367 10 6
3368 20 30
3369 9 8
3370 8 6
3371 30 50
3372 20 40
3373 5 9
3374 30 40
3375 40 20
3376 5 5
3377 7 6
3378 30 40
3379 7 7
3380 30 20
3381 50 20
3382 7 8
3383 9 8
3384 20 50
3385 30 20
3386 6 8
3387 20 20
3388 5 5
3389 7 5
3390 9 5
3391 40 50
3392 6 6
3393 7 6
3394 10 6
3395 50 50
3396 5 6
3397 6 6
3398 6 9
3399 40 30
3400 30 50
3401 50 40
3402 6 9
3403 5 7
3404 6 8
3405 10 9
3406 9 8
3407 7 6
3408 50 30
3409 7 9
3410 7 10
3411 10 6
3412 6 6
3413 50 40
3414 5 5
3415 20 30
3416 20 20
3417 8 10
3418 6 9
3419 5 6
3420 10 7
3421 9 9
3422 8 7
3423 20 50
3424 9 6
3425 9 8
3426 9 6
3427 6 7
3428 20 20
3429 6 10
3430 40 40
3431 10 7
3432 40 30
3433 5 8
3434 30 50
3435 6 7
3436 7 5
3437 30 50
3438 10 5
3439 9 6
3440 40 30
3441 10 5
3442 40 40
3443 9 7
3444 10 10
3445 9 7
3446 20 30
3447 50 50
3448 5 6
3449 8 10
3450 9 9
3451 6 6
3452 8 6
3453 7 6
3454 10 5
3455 9 10
3456 7 7
3457 9 10
3458 9 7
3459 5 9
3460 5 8
3461 9 6
3462 10 10
3463 10 5
3464 8 9
3465 10 7
3466 5 5
3467 6 9
3468 6 9
3469 10 8
3470 30 20
3471 7 8
3472 9 5
3473 9 8
3474 30 50
3475 50 30
3476 50 40
3477 5 9
3478 9 10
3479 6 10
3480 6 8
3481 50 50
3482 7 9
3483 5 9
3484 40 40
3485 7 8
3486 50 20
3487 7 9
3488 50 40
3489 6 8
3490 30 20
3491 30 30
3492 10 5
3493 10 10
3494 6 7
3495 40 30
3496 50 20
3497 40 30
3498 9 9
3499 8 7
3500 6 6
3501 9 5
3502 7 8
3503 20 30
3504 8 6
3505 6 9
3506 9 8
3507 6 10
3508 9 9
3509 5 6
3510 30 50
3511 7 5
3512 10 9
3513 20 30
3514 8 10
3515 10 5
3516 5 6
3517 30 30
3518 30 50
3519 5 9
3520 6 5
3521 6 9
3522 20 50
3523 40 30
3524 8 5
3525 40 40
3526 7 7
3527 7 5
3528 9 5
3529 8 5
3530 6 7
3531 8 9
3532 7 8
3533 10 8
3534 9 9
3535 6 10
3536 8 6
3537 7 8
3538 20 40
3539 7 9
3540 10 7
3541 8 8
3542 20 50
3543 7 7
3544 10 10
3545 7 9
3546 8 6
3547 40 20
3548 7 10
3549 9 6
3550 7 7
3551 6 7
3552 7 7
3553 10 10
3554 10 9
3555 7 8
3556 40 50
3557 6 5
3558 40 30
3559 6 9
3560 8 5
3561 9 6
3562 9 5
3563 7 7
3564 30 30
3565 7 5
3566 8 5
3567 7 7
3568 20 50
3569 20 50
3570 40 40
3571 5 10
3572 7 6
3573 20 30
3574 10 8
3575 20 50
3576 50 40
3577 7 7
3578 30 20
3579 5 7
3580 6 7
3581 30 30
3582 10 6
3583 30 50
3584 9 8
3585 7 9
3586 6 7
3587 10 6
3588 50 50
3589 9 7
3590 10 8
3591 5 5
3592 5 6
3593 7 7
3594 7 6
3595 10 8
3596 8 6
3597 40 50
3598 40 40
3599 7 7
3600 7 9
3601 9 6
3602 6 5
3603 6 5
3604 5 10
3605 30 40
3606 7 7
3607 40 50
3608 10 9
3609 7 10
3610 7 5
3611 10 5
3612 8 10
3613 5 7
3614 6 6
3615 6 5
3616 5 6
3617 5 8
3618 10 7
3619 7 6
3620 40 30
3621 40 30
3622 8 5
3623 7 6
3624 30 50
3625 10 10
3626 9 9
3627 5 8
3628 8 9
3629 6 6
3630 8 9
3631 9 7
3632 40 40
3633 9 9
3634 10 6
3635 20 20
3636 10 7
3637 50 50
3638 8 9
3639 9 9
3640 7 8
3641 30 30
3642 7 7
3643 50 30
3644 20 30
3645 6 8
3646 20 40
3647 5 9
3648 7 5
3649 40 30
3650 5 8
3651 9 5
3652 5 8
3653 6 7
3654 7 7
3655 50 40
3656 5 7
3657 50 20
3658 50 20
3659 5 6
3660 6 10
3661 30 40
3662 10 8
3663 8 9
3664 7 8
3665 7 7
3666 8 6
3667 8 9
3668 5 8
3669 8 10
3670 5 8
3671 5 8
3672 7 7
3673 7 10
3674 8 5
3675 6 5
3676 40 30
3677 30 40
3678 9 6
3679 5 8
3680 6 5
3681 8 6
3682 8 6
3683 10 8
3684 30 30
3685 6 7
3686 5 9
3687 20 50
3688 9 5
3689 7 5
3690 20 40
3691 5 6
3692 6 6
3693 10 5
3694 7 6
3695 6 7
3696 7 5
3697 9 7
3698 5 10
3699 7 7
3700 10 10
3701 30 40
3702 9 8
3703 8 8
3704 6 9
3705 20 40
3706 10 9
3707 20 50
3708 40 40
3709 6 6
3710 5 8
3711 5 5
3712 5 6
3713 40 50
3714 6 5
3715 7 10
3716 40 50
3717 10 7
3718 5 8
3719 7 8
3720 20 40
3721 30 20
3722 6 5
3723 6 7
3724 5 5
3725 10 10
3726 6 8
3727 10 9
3728 8 6
3729 50 20
3730 6 6
3731 9 9
3732 9 6
3733 20 30
3734 40 30
3735 6 5
3736 6 5
3737 7 5
3738 10 6
3739 6 10
3740 10 5
3741 40 50
3742 10 10
3743 5 9
3744 8 8
3745 30 50
3746 8 8
3747 9 9
3748 8 6
3749 8 5
3750 6 10
3751 10 7
3752 20 40
3753 9 7
3754 8 5
3755 40 20
3756 10 10
3757 50 40
3758 20 20
3759 50 40
3760 8 10
3761 8 8
3762 30 40
3763 8 7
3764 5 9
3765 30 50
3766 10 7
3767 7 7
3768 20 20
3769 20 20
3770 20 20
3771 7 9
3772 8 7
3773 6 6
3774 6 6
3775 20 40
3776 5 8
3777 40 50
3778 30 40
3779 50 30
3780 10 8
3781 10 5
3782 8 10
3783 40 30
3784 5 10
3785 5 7
3786 6 5
3787 9 8
3788 9 10
3789 5 8
3790 30 50
3791 30 30
3792 50 40
3793 7 6
3794 10 10
3795 6 10
3796 40 20
3797 7 6
3798 40 40
3799 10 6
3800 6 5
3801 40 50
2445 987
0 1672
0 3347
0 2791
3000 1688
1210 842
987 0
842 0
1688 0
2366 610
1 1820
909 2
610 1
2 1
1455 25
3 2071
3 2214
3701 3784
3784 3
25 3
252 3185
252 3514
1116 4
2896 222
222 252
4 252
2948 1104
3263 1641
55 3676
1641 55
1104 55
1089 3142
2017 975
3262 19
3142 3262
975 3262
1255 6
5 2107
2655 2051
2051 5
6 5
1284 846
7 3620
2329 8
846 7
8 7
397 2805
1772 10
2311 9
1024 3717
10 397
3717 397
9 397
11 1115
1338 1000
1000 11
13 31
2445 991
1045 12
12 13
991 13
3556 14
2041 323
246 15
14 2041
15 2041
1269 2364
695 2924
2924 1269
17 203
2171 1617
2704 16
1617 17
16 17
315 18
20 1166
18 20
19 20
771 21
3413 1546
874 22
21 3413
22 3413
2867 24
23 164
23 3659
23 1620
23 3204
2279 1394
1394 23
24 23
2864 28
1076 26
27 1365
26 27
28 27
288 29
2157 2277
708 30
29 2157
30 2157
1371 32
33 2725
33 3595
33 3042
31 33
32 33
3208 678
2000 3338
34 3602
678 34
3338 34
3167 930
35 3418
35 3690
35 3687
35 3625
35 2568
35 464
35 1731
716 2007
930 35
2007 35
2652 1505
1371 1432
1265 964
964 2652
1432 2652
125 1618
37 1127
37 1823
37 2049
2391 36
36 37
1618 37
39 266
39 3127
39 541
39 1270
39 1441
1095 38
38 39
1371 1922
585 40
301 3448
301 3183
301 3146
40 301
1922 301
2549 43
1245 318
1245 3652
1245 3308
1245 2169
1513 449
1772 41
689 42
43 1245
449 1245
41 1245
42 1245
1228 2204
1733 826
44 3416
44 2941
2204 44
826 44
3536 89
3536 216
3536 304
3536 2858
3536 1766
3536 833
2377 45
45 3536
254 46
1397 2456
1258 2168
1258 1888
1258 1101
2456 1258
46 1258
2145 48
1819 47
3033 1815
3033 1759
1554 49
402 1934
1934 3033
49 3033
47 3033
48 3033
51 2044
1742 50
50 51
2911 2421
2911 853
2207 52
52 2911
2664 1849
53 2721
2974 3670
1849 53
3670 53
647 3695
3337 1943
1995 891
1995 3683
1995 3213
3695 1995
1943 1995
2890 1691
54 2452
2328 56
1691 54
56 54
410 1079
58 126
58 2631
3208 57
1079 58
57 58
1898 59
3738 3422
3342 1223
59 3342
3422 3342
592 3364
60 2058
3364 60
2066 2418
1893 62
2948 1764
2887 61
62 2066
61 2066
1764 2066
3375 64
63 983
63 2167
2221 1702
1702 63
64 63
2445 690
66 1068
66 1041
66 1067
3225 2656
1749 65
690 66
65 66
2656 66
204 1872
2036 1414
1864 196
1864 527
1864 1385
1864 831
1414 1864
1872 1864
2183 67
1466 424
68 1580
67 68
424 68
3782 3757
69 3174
3757 69
71 3442
71 3744
2445 70
1349 2510
70 71
2510 71
74 1456
771 72
120 73
72 74
73 74
2445 75
76 3474
76 1713
76 2130
642 272
1381 1927
75 76
1927 76
272 76
313 3059
3345 77
78 1030
78 434
78 2100
3059 78
77 78
1371 79
3770 3469
80 2393
80 3669
80 2804
3469 80
79 80
459 1919
1060 566
2782 2243
1919 2782
566 2782
1929 81
2739 82
83 3719
83 3036
83 2159
81 83
82 83
3154 1723
3664 561
3524 84
394 2344
84 394
1723 394
561 394
2341 2965
86 545
3231 85
85 86
2965 86
88 2138
2140 87
87 88
3024 3319
3712 3126
3712 2121
3712 495
89 3712
3319 3712
2689 91
3402 2273
2311 90
90 3402
91 3402
662 3587
662 2459
2445 92
371 2276
92 662
2276 662
94 2874
562 620
214 95
2353 1297
1042 93
95 94
620 94
1297 94
93 94
1773 96
1466 97
873 2892
96 873
97 873
2577 540
710 98
99 2578
540 99
98 99
390 100
771 1965
538 3168
538 2761
538 1071
100 538
1965 538
751 101
1811 1902
102 473
101 102
1902 102
1089 103
104 348
103 104
106 1559
838 105
105 106
3425 1780
420 107
107 3425
3401 109
110 1516
2837 108
108 110
109 110
680 631
1226 227
1192 111
3571 112
112 1226
111 1226
631 1226
114 2775
1633 113
3593 239
113 114
239 114
116 2708
2445 3080
2665 115
115 116
3080 116
117 1300
1108 1795
1795 117
119 3381
119 3315
1869 118
118 119
3795 1088
120 3557
120 2916
891 120
1088 120
1035 1950
2584 3440
2567 121
1950 2584
121 2584
3090 1025
2445 947
1360 1062
1062 3090
947 3090
2263 732
2737 2814
1628 299
732 1628
2814 1628
1681 2947
1607 122
122 1681
2207 124
1800 123
125 906
123 125
124 125
818 1293
127 3723
127 2691
127 2617
3217 821
1293 127
126 127
821 127
450 128
2361 249
2361 3294
327 2856
3789 129
129 2361
2856 2361
128 2361
2243 2361
132 3640
1801 130
356 131
130 132
131 132
1925 3199
1356 3544
1356 2438
1356 3329
1032 1335
1335 1356
3199 1356
2445 2213
3191 834
3191 3182
3191 2220
1119 133
3349 976
2213 3191
976 3191
133 3191
254 135
3598 134
3269 722
3269 3528
134 3269
135 3269
3228 137
138 330
138 742
138 1319
644 136
136 138
137 138
3593 139
3302 2511
3474 3302
139 3302
1610 2865
878 142
971 883
721 140
400 141
883 1610
142 1610
140 1610
141 1610
2257 143
3569 144
145 1273
145 3456
143 145
144 145
1740 147
170 146
681 2602
681 2422
146 681
147 681
1102 148
149 3764
3706 3475
2198 868
868 149
3475 149
148 149
2735 152
151 2399
151 1884
151 905
2140 150
150 151
152 151
1709 1452
2123 2124
2123 2693
2123 749
2123 514
2123 2050
1322 1249
1249 2123
1452 2123
1466 153
1573 1611
154 3237
153 154
1611 154
161 2114
1153 1729
2114 1153
1815 1153
2855 1658
814 155
156 3282
156 640
1658 156
155 156
2400 3382
353 157
158 247
158 2252
3382 158
157 158
2503 580
508 159
3762 160
160 161
159 161
580 161
1459 2435
162 988
3735 2596
2435 162
2596 162
911 163
1014 2460
931 3026
163 1014
3026 1014
1787 179
165 1096
165 2259
164 165
179 165
402 166
2312 2727
166 2312
1467 333
3530 167
2237 3164
3383 578
167 3383
3164 3383
333 3383
2351 168
2366 1881
1216 3414
168 2366
3414 2366
1882 676
170 1968
170 2047
170 2847
170 2176
170 2674
1449 169
169 170
676 170
1262 1719
838 171
171 1262
1797 1114
2551 2250
172 2743
1114 172
2250 172
229 1279
382 173
174 248
1279 174
173 174
2792 1215
1431 175
175 2792
443 2195
2180 177
603 3351
254 176
177 443
176 443
3351 443
180 1350
180 2581
3362 178
178 180
2798 1003
1076 856
3732 737
181 534
856 181
1003 181
737 181
1404 273
400 2505
1868 3449
2063 183
1763 182
273 400
3449 400
182 400
183 400
785 618
1320 2373
618 1320
2579 510
1076 184
441 3192
646 2324
184 646
510 646
3192 646
1926 934
3129 2545
3129 419
3231 1828
934 3129
1828 3129
3227 185
1744 186
2546 1804
2546 1806
2546 1464
185 2546
186 2546
1947 187
1330 188
189 862
187 189
188 189
3718 913
1466 2247
190 2536
913 190
2247 190
192 1469
1322 191
191 192
194 3048
194 1601
2654 193
193 194
2112 2383
1526 195
3464 1887
195 2112
1887 2112
197 579
196 197
198 1093
3450 199
527 198
199 198
1752 2420
3560 1357
3738 200
1893 230
1357 1752
200 1752
230 1752
3128 201
1979 759
2466 3358
201 2466
759 2466
3205 202
204 319
204 2754
204 2282
224 2009
270 205
205 204
2009 204
202 204
203 204
1211 206
1541 207
208 3215
208 3592
208 3405
206 208
207 208
1676 209
210 2982
209 210
1466 211
403 3021
211 1744
3021 1744
2669 212
214 1380
214 2794
214 389
214 697
220 213
212 214
213 214
215 509
921 3075
3075 215
2340 3603
2449 1596
216 2449
3603 2449
2445 219
220 3671
220 2125
2409 218
1761 217
219 220
217 220
218 220
2045 221
2057 223
221 224
223 224
2014 426
1260 832
3177 893
832 2014
893 2014
226 3698
226 3506
1945 225
225 226
1966 1204
1304 1445
1204 1304
227 1304
229 477
2445 2700
1985 228
2700 229
228 229
2083 1132
1431 231
231 2083
2837 698
3399 1935
3399 2831
698 3399
233 3435
1991 232
232 233
1109 234
2701 235
236 411
236 1266
373 1624
2872 237
237 236
1624 236
234 236
235 236
1523 3496
2981 3049
238 3521
3496 238
3049 238
242 2022
2612 2475
3388 240
3598 241
2475 242
240 242
241 242
2010 1150
812 985
985 2010
2880 1865
3325 468
243 1058
468 243
1865 243
2607 245
310 244
246 3076
246 2810
246 1540
246 2274
244 246
245 246
817 3343
247 817
248 817
3005 293
299 3005
249 3005
747 415
3629 253
2095 251
1171 250
253 747
250 747
251 747
822 1368
1832 2574
1368 254
2574 254
1075 2289
255 1517
2075 256
2289 255
256 255
2313 258
3200 3476
3106 257
257 3200
258 3200
626 2286
3024 516
1049 1080
516 1049
2286 1049
2407 260
2746 261
2447 259
1550 3451
261 1550
259 1550
260 1550
263 2457
263 2210
2391 262
262 263
554 3360
2445 265
2116 264
264 554
265 554
268 780
268 1562
268 3504
2673 267
266 268
267 268
2654 1358
3113 269
1358 270
269 270
2677 2219
271 765
429 1696
1696 271
2219 271
275 932
2172 3017
410 274
274 275
3017 275
657 276
1466 1802
2224 685
276 2224
1802 2224
278 2110
278 1663
2600 277
2948 1914
1893 1336
277 278
1914 278
1336 278
1758 279
1585 3318
1585 2026
903 1198
1198 1585
279 1585
687 3062
3148 280
280 687
2725 687
3316 456
3525 281
282 3180
282 2526
282 2514
281 282
456 282
2532 283
3298 284
283 710
284 710
287 3703
287 455
2445 285
1483 286
285 287
286 287
1496 3646
981 3516
3516 288
3646 288
1545 1054
1987 289
289 1545
3411 291
292 2961
292 2913
292 352
292 956
2254 1603
2132 290
291 292
290 292
1603 292
1894 2342
3553 2659
293 3553
2342 3553
3627 294
3012 295
2499 2773
2499 788
2499 3074
294 2499
295 2499
3088 297
1089 296
501 314
501 1410
296 501
297 501
2445 300
302 3736
302 2703
302 703
1252 298
1605 2963
300 302
2963 302
298 302
3499 3463
1095 1536
1095 2362
1869 303
303 1095
3463 1095
896 3489
2740 3344
3344 896
304 896
3081 3236
342 1188
2307 305
1188 3081
305 3081
308 709
1425 307
2454 306
306 308
307 308
310 990
2401 309
309 310
313 1577
2445 311
2758 312
311 313
312 313
1021 1077
315 1321
314 315
1077 315
317 2752
317 656
2445 316
2327 2840
316 317
2840 317
1006 377
377 3762
318 3762
1676 320
2270 489
319 2270
320 2270
1116 321
1801 3238
322 3752
3238 322
321 322
324 3586
2244 1315
323 324
1315 324
3119 879
2266 325
844 326
879 327
325 327
326 327
329 3794
1359 328
1899 3335
2970 480
330 329
328 329
480 329
3335 329
3782 332
331 2734
1260 1784
1784 331
332 331
335 1199
1530 334
2314 3366
3366 335
334 335
3270 2541
1027 336
813 2476
813 3484
813 1576
813 3501
2541 813
336 813
2091 1439
1974 337
337 931
1439 931
1040 1841
1343 2875
2944 338
432 339
339 1343
338 1343
1672 1343
1841 1343
1371 1555
2482 340
3593 2410
340 3593
1555 3593
1539 3798
3800 3761
1890 3801
2029 3419
3798 3800
3801 3800
3419 3800
2805 3800
2445 1642
1455 2980
1455 2490
2547 2520
2129 3797
1642 1455
3797 1455
2520 1455
3795 1059
1771 2653
2653 3795
903 2440
1758 3793
3792 2291
2440 3792
3793 3792
2194 3791
3790 3243
3791 3790
722 3790
1886 3206
3788 3468
3788 877
3788 2127
3206 3788
2892 3788
2445 3787
1377 3110
1377 2698
1377 2426
1503 3673
3787 1377
3673 1377
2364 1377
1708 674
3388 3061
3388 1157
3388 2818
3388 1352
3388 617
1108 3785
3785 3388
674 3388
3766 3783
921 872
3782 1829
3782 372
3782 1939
3783 3782
872 3782
3193 3781
797 860
3780 2102
3781 3780
860 3780
3298 3585
3778 2350
1608 3776
3585 3778
3776 3778
1074 3775
3257 1942
3775 3257
3602 3257
2445 3773
488 3774
3774 3770
3773 3770
3024 1593
3273 3519
3273 2616
3273 576
1593 3273
3418 3273
630 3769
2978 1302
2978 2738
2978 2197
3769 2978
3651 1871
3632 3668
3668 3651
2773 3651
723 2437
2749 2592
3764 2749
2437 2749
529 3058
1449 2670
2670 529
2549 3759
719 2015
3761 719
3759 719
3756 2844
3756 3765
1801 2097
2097 3756
2711 2854
2404 910
3755 2358
3755 2715
3755 2206
2854 3755
910 3755
2641 3754
751 2451
1159 2322
3754 1159
2451 1159
1371 1727
2030 3753
3751 1791
3751 596
3751 895
3753 3751
1727 3751
563 3027
563 2845
3519 563
1829 563
3748 1477
1992 2201
2461 3750
2201 3748
3750 3748
1380 3748
1122 3746
1440 3643
1213 3285
3746 1213
3643 1213
518 3745
3743 2212
3745 3743
3544 3743
1895 3742
3741 3221
3742 3741
2727 3741
2717 2819
2161 1219
2560 3740
2819 2161
3740 2161
2733 1796
2279 3737
3737 2733
1383 665
1466 2028
3063 2024
665 3063
2028 3063
2230 789
2632 2645
789 2632
3736 2632
2445 3073
844 1500
844 692
2951 3323
3562 1680
3073 844
1680 844
3323 844
3733 3409
3733 2903
1027 1944
1944 3733
2393 3733
829 3678
2476 3732
3678 3732
3064 2976
3064 2376
3064 2823
2752 3064
2024 3064
1229 3731
1466 1794
2284 658
3731 2284
1794 2284
2244 1309
2467 387
1793 418
387 1793
1309 1793
3401 3728
2537 2099
3728 2537
1011 3726
1512 2824
3726 1512
3723 1512
3721 3244
1021 1542
2654 3722
3722 3721
1542 3721
3716 2716
3167 3720
3720 3716
3719 3716
3713 1135
1255 3715
3715 3713
709 3713
911 3082
1924 3124
3711 2042
3124 3711
3082 3711
498 360
1981 1175
360 1981
1514 3007
1466 2637
1051 3102
3007 1051
2637 1051
2580 3710
1466 3105
3710 1541
3105 1541
1480 3709
2140 3006
1145 2605
1145 2411
1145 1362
3709 1145
3006 1145
917 764
2647 3704
764 3706
3704 3706
1271 2723
1466 816
3694 2483
2723 3694
816 3694
3517 3657
944 2292
2292 2313
3657 2313
475 3564
3701 3312
3701 2016
3703 3701
3564 3701
766 3700
3699 1081
3700 3699
2645 3699
2780 1185
3697 2039
2253 3020
2597 3696
3696 3697
3020 3697
3698 3697
1185 3697
1742 3692
3692 814
2228 2958
3053 1197
3690 3053
2958 3053
3666 2562
2562 2740
3687 2740
1709 470
942 1774
2999 1910
2999 3297
470 2999
1774 2999
3305 1164
3322 2993
3271 928
3181 2325
1164 2549
2993 2549
2325 2549
928 2549
2461 3439
2353 1387
2353 1421
2353 2205
1992 1434
3439 2353
1434 2353
2067 2068
1282 3289
1282 2651
1282 799
2068 1282
2601 3172
2601 435
2601 1170
2601 1083
1771 2962
2962 2601
3683 2601
363 3681
3680 1308
3680 3022
1633 3682
3682 3680
3681 3680
2622 1160
1466 3679
3077 2870
1160 3077
3679 3077
3231 1151
3231 2593
3231 405
1787 3677
3677 3231
797 2627
3763 998
513 1254
513 1748
998 513
2627 513
1206 3241
1206 2925
1206 2902
1374 3675
3675 1206
3282 1206
3676 1206
2064 3796
3672 3512
3534 1590
3796 3672
1590 3672
3270 864
3669 3270
1526 3667
3224 3561
3667 3666
3561 3666
3548 3159
3336 1521
3159 3336
3632 2073
2073 1890
788 1890
3318 1890
2154 1276
921 3665
3665 2154
3137 801
2371 3573
3664 3607
3664 505
3664 1584
801 3664
3573 3664
3674 3663
3662 2374
2175 3661
3663 3662
3661 3662
647 3478
2445 1461
1084 474
1461 647
474 647
3656 1571
1634 3658
3659 3656
3658 3656
2917 3655
1714 2153
1043 3527
1043 3140
1043 2660
1043 589
1043 1400
2023 344
3288 3654
3654 1043
344 1043
3655 1043
2153 1043
1444 1355
2516 3497
3497 3464
1355 3464
1006 3653
3400 1646
3650 1645
3652 3650
1646 3650
3653 3650
731 3649
2091 3084
3648 1782
3649 3648
3084 3648
3647 1340
3215 3647
2796 1736
2796 2888
2445 761
1548 3645
761 2796
3645 2796
3644 1629
2445 1408
1741 2143
2143 3644
1408 3644
802 3261
2689 2011
2689 2352
2689 1578
3261 2689
2536 2689
2770 3642
3641 2563
3277 3331
3331 3641
3642 3641
1812 1564
3466 3032
3640 1192
3032 1192
1564 1192
838 1674
3638 2088
3638 2594
3638 2182
1935 3638
1674 3638
1310 3637
1466 3346
2595 1010
3637 2595
3346 2595
2855 2713
2948 3057
2948 3311
1742 3214
3214 2948
2713 2948
3227 664
2445 3636
1567 497
3636 3227
497 3227
2445 2799
3632 636
3240 3634
1742 734
2799 3632
3634 3632
734 3632
2098 3103
792 3631
472 1946
3103 3789
1946 3789
3631 3789
2887 1291
2566 2742
2566 1931
1536 2566
1291 2566
2834 3162
3628 3295
1273 3628
3162 3628
3121 1039
2383 3121
3625 3121
1639 2827
1991 3623
3725 3559
2827 3725
3623 3725
486 3619
2764 1907
2240 3621
3619 2764
3621 2764
3620 2764
897 3618
2944 3550
2944 3498
1736 2944
3618 2944
1925 2907
523 3616
3615 945
3615 994
2907 3615
3616 3615
3611 3300
3611 597
2180 3613
2612 3614
3613 3611
3614 3611
3061 3611
2237 2147
2545 909
2147 909
3610 1178
901 940
940 3610
3739 2939
630 3596
490 3495
3495 3739
3596 3739
1664 3533
3609 1382
3609 519
3300 3609
3533 3609
3125 859
3607 3125
3606 3563
3606 912
3606 2414
3606 611
3606 1369
3057 3606
3605 1631
2445 3369
1280 3431
1588 1518
3369 3605
3431 3605
1518 3605
1384 1856
1819 3604
1530 1341
3604 1384
1341 1384
432 3601
3549 2508
3768 2795
3768 388
3601 3768
2508 3768
3481 1313
3481 1443
2445 2991
823 3600
2991 3481
3600 3481
1027 3599
3599 1119
3598 2472
3598 632
1987 3067
3067 3598
3595 3598
1089 2945
1089 1446
1089 1015
1089 1001
1607 3590
3592 1089
3590 1089
3258 3583
3580 2977
3587 3580
3583 3580
1708 3579
2686 3135
2686 1612
3579 2686
3379 1411
2470 3578
3576 1294
3576 1373
1411 3576
3578 3576
2489 1278
3574 2846
3574 2873
3036 3574
1278 3574
2767 3572
3626 612
3499 3384
3499 1296
3572 3499
612 3499
3228 2868
2240 398
644 3570
1087 3568
3568 3569
2868 3569
398 3569
3570 3569
2896 952
3571 3566
469 3372
952 469
3566 469
3560 1824
3560 639
2673 3565
3565 3560
3563 3560
2285 1447
2649 3284
1447 2649
3559 2649
3558 1833
2848 3187
2554 1326
3187 3558
1326 3558
2841 1311
3556 1390
3556 621
2603 1912
1912 3556
3557 3556
1311 3556
3461 3555
521 536
3555 521
640 521
1526 2202
1551 567
786 967
786 2232
567 786
2202 786
2076 2558
448 3552
3552 2076
3405 2076
1222 3551
1466 3222
2571 1883
3551 2571
3222 2571
1886 820
2445 499
919 3190
499 1886
3190 1886
3347 3549
3550 3549
818 1781
1964 2879
410 2233
3208 3584
1781 1964
2233 1964
3584 1964
2180 3547
2957 1825
3542 706
2612 3546
3546 3542
1825 3542
3547 3542
2445 3539
1107 2152
1107 446
1107 1561
1492 3724
3539 1107
3724 1107
1559 1107
565 1450
1431 1589
1589 565
3537 3786
3537 811
3688 3249
2834 3538
1522 768
3308 3537
3249 3537
768 3537
3538 3537
1250 2227
1597 3535
2227 3534
3535 3534
1284 3531
2025 1064
1082 1435
3531 1082
1064 1082
3530 3491
3530 3130
3530 3108
3530 341
2844 3530
3372 3530
3035 3529
3524 752
3524 1244
3529 3524
3527 3524
1855 1637
3522 1504
3320 430
3184 3523
3521 3522
1637 3522
430 3522
3523 3522
2816 937
3520 3567
937 3520
3230 2271
1190 1413
1615 3340
1615 1117
2271 1615
1413 1615
2864 2990
3518 2386
3518 1286
829 3281
3281 3518
2990 3518
1332 370
1677 2053
2053 3517
370 3517
1599 1361
3271 3515
3515 1599
3513 3153
2445 3428
1743 1892
1892 3513
3428 3513
3507 2843
570 1666
444 3509
3509 3507
1666 3507
2374 3507
2424 2303
798 2035
1676 3266
3266 798
3506 798
2303 798
1425 2726
3283 2378
2623 3505
3505 3283
2726 3283
3502 3387
3502 739
2445 3503
1770 3112
3503 3502
3112 3502
2400 925
2445 3500
1715 1655
3500 2400
1655 2400
3455 1847
1042 805
3498 3455
805 3455
3493 615
1371 569
3350 3494
3494 3493
569 3493
1926 920
3490 1307
3491 3490
920 3490
3024 2464
2464 2175
3489 2175
3298 2922
767 2458
767 2060
3313 1085
1085 767
2922 767
506 2606
2445 3176
1906 3488
1630 3380
3176 506
3380 506
3488 506
575 504
1831 3486
3417 652
3486 575
652 575
2385 3407
3629 1623
3407 3629
3484 3629
1526 1705
1526 433
2954 3482
3482 1526
2600 3134
1378 2975
1385 1378
3134 1378
2445 3480
738 3296
738 3092
738 1463
1422 1146
3480 738
1146 738
509 738
1509 2850
3450 2515
2621 1661
2515 1509
1661 1509
751 3473
3362 3479
3472 1863
3472 1120
3479 3472
3473 3472
607 3471
1035 2591
1035 1324
1577 1035
3471 1035
472 950
3136 1816
950 3136
3468 3136
3348 599
3467 3398
2231 351
599 3467
351 3467
942 1538
1322 2634
2634 942
3465 3292
2445 892
1407 364
364 3465
892 3465
2554 3462
3461 1419
3461 3635
3462 3461
746 3707
369 3460
912 746
3460 746
381 837
381 1427
2445 2644
1487 1932
2644 381
1932 381
1760 3196
3196 3240
2445 3459
1753 1287
1287 1265
3459 1265
3143 3454
1549 1862
3453 2046
3453 2164
3454 3453
1862 3453
3738 3452
1975 2624
1750 1779
1779 1975
3452 1975
3450 2682
3450 2544
1740 2666
2666 3450
785 707
3447 1515
3448 3447
707 3447
1643 3445
1466 3444
1716 2772
3445 1716
3444 1716
2837 3443
1926 3101
1926 2590
838 1853
3443 1926
1853 1926
2107 1974
2168 1974
1501 2575
2266 1208
2266 357
3442 2266
2575 2266
3526 3441
3211 2403
3441 3211
3440 3211
3438 2885
459 1316
1500 3438
1316 3438
3436 796
2171 3437
1790 2308
3437 3436
2308 3436
2445 3433
1597 1474
1597 2441
2402 2504
3433 1597
2504 1597
3435 1597
2104 546
3378 2849
932 2104
2849 2104
590 2815
1176 2611
3429 3332
3429 997
3429 2416
2815 3429
2611 3429
3627 2898
2445 3427
1053 3424
3427 3627
3424 3627
2711 2434
1844 870
3173 2173
2173 1844
2434 1844
3457 2949
2780 3421
622 1372
3421 622
2949 622
1620 2254
3416 2254
630 3412
1682 2683
2683 3411
3412 3411
3409 2864
346 1031
2445 1860
1367 3117
3117 346
1860 346
3404 1861
3404 951
1756 3408
3408 3404
3543 1301
3401 2540
3387 3401
1301 3401
3391 2806
3400 1581
3400 1454
1759 3400
2806 3400
762 3397
587 3396
2320 3727
2771 1017
2771 2080
3396 2771
3727 2771
3398 2771
3397 2771
2583 3395
2629 3394
729 2883
2000 3390
2071 729
3390 729
3395 729
3394 729
2258 2056
1466 835
2056 3543
835 3543
802 3385
1896 2863
1882 530
1882 2413
3385 1882
2863 1882
1582 1858
1431 2061
3771 2226
2061 3771
1858 3771
1351 1195
1351 3545
3384 1351
3381 1351
1924 2690
3379 3068
2690 3379
1157 3379
3376 2650
2477 1718
2067 740
1718 3376
740 3376
830 3374
3373 1458
3373 1867
3150 3327
3374 3373
3327 3373
1592 2331
3375 2222
3375 962
3375 1342
2391 3353
3353 3375
2331 3375
1466 2199
2618 1602
2199 3012
1602 3012
3371 2648
1741 362
362 3371
2323 1126
1652 3368
3368 2323
2145 2604
402 3367
2677 627
2604 2872
1856 2872
3367 2872
627 2872
2711 2431
3365 2987
771 2731
2431 3365
2916 3365
2731 3365
2445 3363
2230 1938
2230 2895
2496 1386
1331 3122
3363 2230
3122 2230
1386 2230
3362 3341
3362 1465
901 2319
2319 3362
1791 3362
2711 3359
1486 2126
3359 1486
3358 1486
2404 1144
3357 613
3104 3016
3016 3357
1144 3357
2445 3354
1275 3355
3355 3350
3354 3350
2013 1648
1769 3758
1648 3348
3758 3348
702 3209
650 485
3209 650
3343 650
3339 774
3341 3339
3340 3339
2565 3483
1466 1182
3483 3337
1182 3337
441 1726
2577 3577
3577 441
1350 441
829 396
2641 3617
396 2641
1576 2641
785 550
2067 2613
2067 436
1338 3334
3334 2067
550 2067
2389 3031
1108 1140
1140 2389
1925 2428
2428 702
3332 702
1783 3109
3251 2218
3512 1783
2218 1783
885 2390
2968 3330
988 885
3330 885
356 2174
3571 1952
3328 2473
2174 3328
1952 3328
3321 2585
2942 3326
3326 3320
2585 3320
1371 3317
3314 3767
3314 2396
3314 2003
3153 3314
3317 3314
1811 1137
3313 1370
3617 3313
1137 3313
2841 3054
2395 2829
2829 2841
3076 2841
1768 1412
2408 3242
1412 2408
3311 2408
2573 3310
3310 1228
1371 2332
1389 3309
847 345
3309 847
2332 847
1116 2959
1116 1481
1096 1116
1302 1116
3101 1116
2406 3307
3305 2695
3307 3305
1308 3305
2078 3303
1283 3301
2491 1046
3303 2491
3301 2491
1478 3299
2105 2188
1918 3532
3532 2105
3299 2105
983 2105
2040 391
3296 2040
2591 2040
2878 989
3295 2878
3294 2878
454 3541
3293 2480
3541 3293
3244 3293
2506 1121
3289 3288
1121 3288
3148 1267
3287 3029
3287 2821
3287 784
1832 606
606 3287
1267 3287
1722 3280
1801 568
1424 3279
3279 1801
3280 1801
3284 1801
2987 1801
390 1805
1063 2186
2852 890
1805 1063
890 1063
2830 3278
1945 992
1008 2005
3278 1008
992 1008
531 1875
3277 2899
3277 2087
455 3277
1875 3277
736 3247
834 3271
3247 3271
2447 3268
1057 869
586 1363
1363 1057
3268 1057
3123 3267
2884 2101
2685 3415
2101 2685
3267 2685
2704 3264
1790 3265
677 2983
677 1671
677 2343
3265 677
3264 677
553 3260
3038 3259
3260 373
3259 373
2117 629
1466 1525
629 3258
1525 3258
886 1614
716 494
3316 3747
3316 673
1614 3316
494 3316
1530 1111
3255 1980
1708 3256
3256 3255
1111 3255
2445 3145
2445 726
2445 3055
2445 2248
2445 2984
2445 2971
2445 3093
2445 439
2445 2781
2445 3232
2445 2706
2445 2388
2445 2679
2445 1130
2445 3223
2445 2468
2445 2142
2445 2235
2445 374
2445 385
2445 876
2445 953
2445 1936
2445 1878
2445 3234
2445 1257
2445 1493
2445 1735
2445 959
2445 584
2445 602
2445 1203
2445 717
2445 2357
2445 1242
2445 782
2445 1583
2445 1870
2445 1699
2445 1106
2445 1908
2445 1737
2445 1468
2445 1375
2445 1786
2445 1751
2445 2236
2445 3686
2445 1675
2445 3274
1466 3254
3254 2445
2970 2676
3228 3253
3253 3251
2676 3251
3065 2956
3250 836
2287 3245
2956 3250
3245 3250
603 2934
2008 1510
3243 2008
2934 2008
1616 1988
3242 1616
3241 1616
3118 3239
3235 977
3239 3235
3237 3235
1448 3233
3233 3230
699 884
1012 3226
3226 3224
884 3224
1819 3248
1831 3220
3248 1109
3220 1109
1938 1109
3221 1109
2172 3219
2000 3705
3705 3217
3219 3217
2203 3207
2115 601
2564 3212
1149 3210
415 2115
3207 2115
3212 2115
3210 2115
3133 3630
2480 3205
3630 3205
2351 2681
3204 2351
1220 3202
3203 1436
2859 1923
1923 3203
3202 3203
3198 972
751 3170
829 3730
3730 3198
3170 3198
1465 3198
3501 3198
715 3194
3115 1196
586 2359
2359 3115
3194 3115
2189 2745
3193 693
2745 3193
3321 1016
3571 3189
1016 3184
3185 3184
1382 3184
3189 3184
2506 1264
3183 2506
1861 2506
736 2914
3182 3181
2914 3181
3236 626
3180 626
2425 3178
1532 887
887 2231
3178 2231
757 2370
1235 3091
672 3477
3091 672
2370 672
2954 1626
2616 3177
1626 3177
390 3175
378 3470
3175 3173
3470 3173
3166 2861
3457 3169
3168 3166
3172 3166
3169 3166
3171 2293
1466 3165
2763 1066
2293 2763
3165 2763
1592 3163
2391 2614
2548 3138
2548 1638
3163 2548
2614 2548
1021 3161
2367 2278
3160 1839
2278 3160
3161 3160
3157 2255
1832 3158
3158 3157
603 2997
2180 2960
3156 3420
3156 2835
3156 1949
2789 970
970 3156
2997 3156
2960 3156
1036 2109
3466 564
2109 3466
2088 3466
1664 3155
3154 500
3155 3154
859 3154
414 1963
1819 2705
1897 2938
1963 1819
2938 1819
3152 3094
3152 2876
3152 476
3457 2836
2836 3152
1592 3151
2391 2678
3151 3150
2678 3150
3144 2462
2184 3147
3147 3144
3145 3144
2528 2672
3321 1346
1329 803
2672 1329
1346 1329
3799 3141
2417 2306
3141 2417
3140 2417
2185 3393
3139 2625
2624 3139
3393 3139
1127 3137
3138 3137
1108 1745
2957 1717
3135 2957
1745 2957
1852 2927
917 3272
840 1838
3272 840
2927 840
1765 3132
3356 1103
3130 3356
545 3356
3132 3356
2730 2692
2517 718
1709 2857
2692 1709
718 1709
3128 2797
3128 2037
1456 3128
945 3128
2212 3128
1201 2196
3575 1325
2196 3575
1833 369
3127 369
3126 3123
3747 3123
2124 3123
1060 2038
3119 1586
459 3120
2038 3119
3120 3119
917 2615
917 1112
917 3633
603 1285
1285 917
3118 3693
1557 733
726 3118
733 3118
2897 3116
1652 3114
3113 1579
3116 3113
3114 3113
2198 2170
2170 3799
3420 3799
3322 3014
609 3304
3304 3322
3110 3322
3044 3107
3109 587
3107 587
3066 2807
2925 3106
2807 3106
1211 651
651 410
3102 410
3047 3100
1466 2820
3100 1176
2820 1176
728 1288
1771 3098
3098 728
2608 1703
2886 3097
2189 824
2189 1826
2189 701
2741 3096
536 2189
3096 2189
1703 2189
3097 2189
3095 776
1263 2766
2766 3095
3092 3095
3088 453
465 3089
3089 3088
1230 3087
1466 688
3086 1667
3087 3086
688 3086
1371 3079
520 3085
1758 2272
3085 1758
3079 1758
3072 3019
3074 3072
2272 3072
2834 2085
2085 2737
1201 907
1201 3446
1274 3071
3071 1201
1388 393
3069 2918
393 3069
2693 3069
2655 938
3068 2075
938 2075
1097 1683
1683 3065
3062 3065
2953 559
2953 1994
2953 849
2953 2283
1418 3060
3055 2953
3060 2953
3058 2953
2603 3052
3054 518
3052 518
3324 3050
2048 2348
3050 2048
2273 2048
3045 633
3045 711
1947 2748
2748 3045
3048 3045
2429 1961
2885 3044
1961 3044
2952 2427
1251 3043
3043 2952
2248 2952
386 3041
2728 3039
3041 3038
3039 3038
1924 2405
3689 3037
2405 3035
3037 3035
2198 3030
354 2862
3030 723
2862 723
2188 723
838 1813
2341 3777
2831 2341
1813 2341
1075 1037
1075 2478
1075 1547
1075 1973
3029 1075
3028 2534
487 1996
1996 3028
1835 2561
3702 1600
3027 3702
2561 3702
1772 431
1772 2355
2026 1772
1871 1772
648 1393
2989 2501
2661 3025
796 2989
3025 2989
1393 2989
3024 2908
713 1732
1732 3024
2275 1472
2406 3013
3013 2275
3014 2275
3022 2275
1361 2275
1466 1527
1575 3010
1527 3626
3010 3626
1467 3008
3004 423
1747 3009
3009 3004
3008 3004
3003 1891
1223 3003
1968 3003
716 3001
3001 3000
2770 1572
1572 2045
2998 943
437 649
1788 2996
649 2998
2996 2998
487 1982
1165 2994
2954 1566
2121 487
2994 487
1566 487
2336 1591
3246 2988
2783 1962
1591 2783
2988 2783
2973 1627
1072 2986
2986 2973
2984 2973
2597 1818
2983 2597
2982 2597
1797 2979
2980 1074
2979 1074
1030 2664
2977 2664
2857 2974
2976 2974
2970 2335
1354 2972
1237 744
2971 2970
744 2970
2972 2970
2969 491
2395 2636
2636 2969
3094 2969
1951 2912
2787 3201
3201 1951
2858 1951
481 3772
3772 2968
1816 2968
1371 2967
1692 2485
414 445
414 552
2485 414
2967 414
713 1901
713 3083
713 1960
3377 2191
2191 713
2159 713
1433 2964
2855 871
2898 2855
2964 2855
2729 694
2729 1118
2961 2729
2959 2729
2955 2177
1800 2531
2531 2955
2954 1476
921 902
902 2954
434 2954
1733 1013
1013 2951
1721 2950
3093 3208
2950 3208
2947 3208
2946 380
2046 2946
2945 2946
2503 1885
2074 927
1885 2074
1581 2074
3548 2943
2981 2349
2943 2942
2349 2942
2937 3487
2937 1156
772 908
908 2937
2941 2937
2939 2937
2404 1253
1986 1090
1253 1986
418 1986
3306 1200
1032 2935
2935 3306
2932 2832
2932 1023
1094 406
683 2933
2102 2932
406 2932
972 2932
2933 2932
3548 2269
496 2869
2931 2156
2269 2931
2869 2931
1513 2930
2926 2995
1788 2928
1068 2926
2928 2926
2930 2926
431 2926
2185 2891
2923 2072
2975 2923
2891 2923
2919 2481
1552 2921
2921 2919
448 2523
3143 3581
2523 3143
2915 1594
1991 1125
1125 2915
3548 2033
3752 3548
2913 3548
2171 2141
2171 2070
2148 2910
1827 2909
2909 2171
2910 2171
3415 2171
2912 2171
829 2012
2532 793
2532 1403
2012 2532
2903 2532
3597 572
588 926
2908 3597
926 3597
1693 2209
3487 1216
2209 1216
2906 2442
2906 1180
752 2906
2222 2906
461 1430
2936 1997
2108 2905
2905 2936
1430 2936
2901 1214
1497 2471
2471 2901
2381 2900
1836 1937
1474 1836
2900 1836
2899 2897
1831 1762
2894 2318
2895 2894
1762 2894
502 2893
2893 2890
504 2890
1747 1473
2889 2134
3108 2889
1881 2889
1473 2889
1808 2710
3167 1879
2888 3167
2710 3167
2880 2822
1558 2882
2879 2880
2882 2880
2883 2880
2743 2880
1511 3389
2877 1142
3389 2877
2687 1644
2876 2852
1644 2852
2724 2380
1724 2866
1724 2354
2380 1724
1477 1724
2875 1724
2874 1724
961 2004
559 961
2011 961
2638 2871
2867 2786
2867 1154
2871 2867
2870 2867
2866 1011
2797 2859
2861 2859
2059 1318
1563 1983
1983 2059
2047 2059
2853 556
2920 2851
776 2853
2851 2853
2363 880
3046 1707
1707 2363
439 2363
2850 2848
2847 2848
1252 1990
1987 1187
1187 1252
1260 1535
1835 2842
2842 1260
2846 1260
2845 1260
2098 2838
2246 2479
1653 2839
2838 2834
2479 2834
2839 2834
2830 2294
489 2830
2832 2830
2825 2288
643 2828
808 2826
2781 2825
2828 2825
2826 2825
1495 438
2824 1495
2822 1495
2454 712
2454 946
2821 2454
2818 2454
2816 1348
1417 1061
2031 3361
1061 2816
3361 2816
2813 1754
1607 660
660 2813
390 2811
1205 1625
2811 1205
2810 1205
2543 3684
3767 2543
2804 2543
2704 809
1698 2802
3133 1660
2017 2803
2802 2704
1660 2704
2803 2704
829 2800
867 2801
2801 2798
2800 2798
2728 3612
402 2699
402 1972
386 2718
3612 402
2718 402
1248 2256
667 1956
2794 667
1463 667
2795 667
2256 667
2793 2642
2793 696
2095 889
889 2793
562 2302
2790 1169
2302 2790
2791 2790
2158 645
2573 2788
2788 2158
2786 2158
422 3149
3149 2623
2613 2623
2780 2135
2780 2338
3571 2784
2784 2780
1712 2474
2777 1306
2474 2777
2775 2777
898 2774
2770 2337
2774 2770
2772 2770
460 775
2769 483
775 2769
869 2769
519 2981
3738 2768
2765 1669
2176 2765
2768 2765
1789 2760
1466 2759
2346 1668
2760 2346
2759 2346
1622 828
828 2467
2135 2467
845 2757
1087 2234
1087 2118
1250 794
2757 1087
794 1087
603 1168
1756 3333
3333 603
3146 603
2150 2755
2095 2450
2095 684
2755 2095
2754 2095
3760 1152
1449 3660
3660 3760
1163 3218
1449 2753
2887 1502
3218 2887
2753 2887
1750 395
852 1665
395 1332
1665 1332
2735 2751
2751 1480
1893 1247
1740 2750
3763 1757
1824 3763
1247 3763
2750 3763
440 2747
2058 2741
2747 2741
1420 3430
1466 1133
3430 2739
1133 2739
2305 2398
2738 2237
2398 2237
1221 2239
1916 2736
2735 745
2239 2735
2736 2735
1440 3370
1837 2006
2181 3186
3186 1837
3370 1837
3786 1837
2730 2812
966 2732
3232 2730
2732 2730
1371 1955
2728 1876
880 2728
1955 2728
1976 2639
1956 2724
2639 2724
2721 2717
2716 2717
2368 641
1549 2714
2714 2368
2711 2375
2711 1333
2711 1453
1991 2712
997 2711
2712 2711
1506 2707
2707 1389
2706 1389
3417 555
2699 2701
2703 2701
2705 2701
555 2701
594 2160
609 2696
2695 594
2698 594
2696 594
451 2694
2694 3325
2691 3325
3586 2687
2037 2687
854 2684
1466 343
2052 1050
2684 2052
343 2052
2767 2316
3639 547
2388 2767
547 2767
2682 1563
3476 1563
2677 3622
522 2680
2679 2677
2680 2677
3031 2677
2674 2673
2663 3131
1371 2668
857 2671
2671 2663
2668 2663
2658 2092
1664 2494
2660 2658
2494 2658
845 2657
1686 770
2381 2193
2193 1686
2657 1686
2655 2384
2655 1971
1717 2655
778 3070
3070 1714
2651 1714
1425 2646
2650 2647
2646 2647
2638 1056
1451 2640
1130 2638
2640 2638
2633 1070
1756 2635
2635 2633
2172 2630
2631 2629
2630 2629
1110 368
2570 974
368 2336
974 2336
1108 2628
2262 760
1612 2262
2628 2262
2625 2621
2902 2621
2620 1738
1869 1491
1491 2620
3688 1460
1894 2619
2619 3688
2617 3688
1037 2612
2615 2612
363 3051
1713 1532
3051 1532
2609 763
777 2610
2610 2609
2606 2609
435 2603
2605 2603
2602 2600
3432 2599
1466 2598
2576 471
2599 2576
2598 2576
1151 1765
2594 1765
2589 1131
2589 2200
2593 2589
2590 2589
2551 2587
2583 1391
2583 1002
1797 2586
2587 2583
2586 2583
1640 1778
1431 2643
2643 1640
2329 2582
2582 2025
2579 2081
2581 2579
2578 2579
1426 1701
1281 2722
3223 1263
1701 1263
2722 1263
1112 1102
2378 1102
754 3729
2573 1695
3744 2573
3729 2573
1662 2572
2570 2432
2570 3392
2572 2570
2421 2570
810 781
692 810
1208 810
2307 1155
2307 1954
2568 2307
1705 2307
2563 2560
2558 2560
2556 1191
1190 2557
2557 2556
592 2216
2554 655
2554 2300
440 2260
2260 2554
2216 2554
1482 452
452 1426
898 2552
1415 1034
2551 2084
2552 2551
1034 2551
1652 2550
2550 2547
1898 957
579 1898
2544 1898
1710 2542
2542 1787
2540 1787
342 2539
2533 1379
2539 2533
2534 2533
1173 2530
2528 583
2033 2528
2530 2528
2521 2187
850 2524
2526 2521
2524 2521
3674 479
3674 3386
3674 1069
3674 924
749 3674
1608 1998
2519 686
867 3195
1998 2519
3195 2519
1992 503
503 2920
3671 2920
1289 2518
1466 2785
2518 2517
2785 2517
2734 2516
2514 2516
1241 2513
2268 637
2513 2268
1540 2268
1019 2509
1323 2507
2507 2503
2511 2503
2509 2503
444 800
2498 2756
2069 2502
800 2498
2502 2498
2501 2498
1444 758
2918 2340
758 2340
1832 2497
2497 2496
1371 2492
2465 2493
1448 753
1448 2529
2493 1448
2492 1448
2489 954
3377 2778
2778 2489
1810 2488
1466 638
2486 841
2488 2486
638 2486
1929 2484
1042 654
2484 1042
2483 1042
2478 2477
2460 2477
2470 577
2472 2470
784 2470
2469 1609
1733 960
960 2469
1328 2133
2133 2465
2468 2465
2463 619
1428 3229
3229 2463
1371 1134
592 1073
2462 592
1134 592
3594 2495
2461 1877
2812 2461
2495 2461
2459 2567
1580 2567
1076 2455
1978 1044
2455 1978
2350 1978
2458 1978
3708 1395
3708 724
2182 3708
3685 2453
3426 843
3276 2808
3276 1814
2390 3276
843 3276
2453 3276
2452 3276
600 2667
1920 2448
2448 1149
2667 1149
2450 1149
3133 1181
1181 2447
1166 2447
609 2444
736 2446
2446 1712
2444 1712
2027 1842
2442 2027
2381 1531
2240 467
2240 2522
1531 2240
2441 2240
2720 3691
1466 1128
2809 1873
3691 2809
1128 2809
2358 1722
2411 1722
2438 1722
2430 666
2432 2430
2457 2430
792 1339
1339 2429
2152 2429
2426 2425
2220 2425
2185 2423
2423 944
2422 944
2420 2608
2418 2608
3589 875
2396 3589
2416 1639
2415 1809
1710 2151
2151 2415
1967 2330
955 1485
2414 955
2330 955
2406 996
2410 2406
2130 2406
2317 679
2403 2317
1847 2317
2401 1345
2252 2401
2142 2401
2395 1874
1170 2395
2399 2395
2929 2394
2392 1423
2394 2392
2054 2382
2386 2385
2382 2385
590 963
963 2381
685 2381
2377 2588
1428 2379
2379 2377
2376 2377
1338 2034
2373 2023
2034 2023
2391 2372
906 2371
2372 2371
2367 2190
2367 1889
1652 2369
2369 2367
2087 2367
2365 1498
2365 1299
1033 549
2235 2365
549 2365
1740 2295
639 3066
2295 3066
2362 3066
1466 1277
1694 2360
2860 3023
1277 2860
2360 2860
863 1948
1948 2029
2352 2029
1994 2029
2355 2029
3457 1113
3571 2339
1241 1970
1113 1241
2339 1241
342 1845
342 968
341 342
694 342
352 342
1437 730
1466 1052
730 382
1052 382
3131 2287
345 2287
1246 625
625 444
866 1977
440 978
978 866
1635 659
1466 347
350 407
659 350
347 350
2242 2697
2697 3263
2742 3263
1371 2966
2708 1708
2966 1708
863 3510
2347 1941
3510 1513
1941 1513
2004 1513
1268 1767
1466 725
1767 353
725 353
3148 478
478 822
1710 1730
1634 457
1634 1366
2099 1634
1730 1634
2404 1647
356 1958
771 355
1622 1305
1305 356
1647 356
355 356
2375 356
1060 2106
357 481
2106 481
1569 3608
1466 427
3608 754
427 754
359 1817
2091 855
855 359
2022 359
363 2281
3286 361
374 363
361 363
1191 363
1047 2065
1425 1004
365 827
1004 365
2065 365
367 1243
1924 366
2789 2304
366 367
2304 367
416 1124
695 2702
2702 416
1165 532
532 2884
372 2884
495 2884
473 2577
1117 2577
2322 2577
476 378
1436 378
1428 375
375 2409
448 1409
2017 2345
2017 1099
2017 1604
1549 376
1409 2017
376 2017
2746 3099
2079 807
2992 1009
3099 2992
380 2992
807 2992
524 825
1999 384
384 524
1352 524
386 918
1556 1704
1392 447
385 386
447 386
1704 386
391 1894
389 1894
1387 1894
388 1894
1845 1551
3312 3378
2084 3378
771 1619
1957 1295
1295 1979
1619 1979
1530 399
3622 1554
399 1554
404 1851
1186 624
2277 404
624 404
3298 1843
751 1524
1524 3298
421 900
440 558
558 421
490 904
405 490
1395 490
1313 2172
407 2172
1143 1598
2244 2178
1622 409
409 1143
2178 1143
417 941
411 417
1421 1040
697 1040
2995 1539
2291 1539
419 1036
423 1036
1110 1038
3391 1148
3391 3458
2245 425
1038 3391
666 3391
425 3391
515 916
1444 1654
2787 507
507 1444
1910 1444
916 1444
778 1298
628 428
3633 778
428 778
562 1499
654 432
1499 432
1957 493
1984 982
1390 1984
493 1984
2569 1479
1782 2569
436 2569
3693 437
1668 437
438 1019
2169 1019
1466 2719
604 442
2719 1433
442 1433
980 1846
445 980
1876 980
2098 1687
2246 839
839 450
877 450
446 450
1687 450
3714 3188
390 979
637 3714
979 3714
1497 2487
2487 3225
1698 1915
1915 454
453 454
2002 517
876 1992
517 1992
1538 1992
2225 936
2225 2310
904 2225
457 2225
3056 3588
3588 1186
3684 1186
1905 458
1261 691
953 459
691 459
458 459
2833 1953
1466 462
1953 1501
462 1501
464 3525
3174 3525
1549 2412
465 526
465 2215
3581 465
2412 465
1656 1570
845 1147
1250 466
467 1656
1147 1656
466 1656
472 2249
739 472
471 472
1239 2301
1466 1317
2301 475
1317 475
460 3403
1601 460
862 460
1138 1494
1936 802
1494 802
479 2787
2873 2787
958 1568
2020 3540
601 958
3540 958
1371 741
1031 785
741 785
2661 1792
483 2661
2164 2661
486 1799
1359 484
484 486
2335 486
779 1202
1202 2030
1878 2030
1086 2019
2843 1086
2756 1086
492 2280
621 492
491 492
412 616
2274 412
1803 1917
1466 3011
1917 3345
3011 3345
1022 3511
3511 1284
3234 1284
2221 408
498 1697
1244 498
1458 498
408 498
901 3290
3290 642
630 1337
1337 772
1366 772
1177 3492
965 1484
485 1177
1484 1177
2298 1227
2306 2298
500 2298
505 2298
1440 1471
811 508
1471 508
2535 2103
2057 511
511 2535
1024 1327
1024 1989
1402 512
1257 1024
512 1024
3315 1024
1600 515
514 515
1388 1184
967 1388
576 1388
1391 818
2214 818
2433 894
894 520
1493 520
1888 2108
712 2108
523 1632
1032 1139
1139 523
1371 525
3197 1636
1636 1831
525 1831
648 3018
1196 648
526 648
528 2241
1266 528
1148 528
1296 708
530 708
2424 2208
1676 537
539 2149
2208 539
537 539
542 1028
541 542
2072 542
2131 543
543 2482
1735 2482
771 2211
548 1272
2211 548
613 548
3216 3779
635 551
3779 2013
551 2013
1623 2564
824 2564
2642 2564
1897 2436
1972 553
552 553
2436 553
557 2397
556 557
1169 557
1156 1747
2681 1747
1290 560
959 562
560 562
954 562
1812 1821
568 680
1821 680
564 680
2391 3252
757 2688
1962 757
3252 757
2186 3104
1333 3104
861 1534
3377 2290
2290 861
3386 570
572 570
591 1236
574 1399
1069 574
1236 574
2194 3410
577 2194
2384 2194
2001 581
1466 582
581 897
582 897
812 1312
583 2036
1312 2036
670 1065
2015 1323
1065 1323
1472 1323
2160 1323
1884 390
1798 671
671 585
584 585
1039 588
1766 588
1184 591
1535 591
1338 593
593 1556
1344 463
2282 1344
1254 1344
1519 1507
596 1519
597 3689
825 422
1547 422
600 1720
1826 600
2110 600
1574 1822
602 898
1822 898
1429 2297
1466 605
2297 607
605 607
1371 608
1627 609
608 609
1374 482
611 1374
1195 1374
2669 614
614 3526
1877 3526
1505 2328
615 2328
482 2886
1419 2886
617 911
2419 2264
1899 623
623 2419
1435 2419
742 2419
1799 2419
383 1508
2929 1587
1508 2929
927 2929
630 2309
1733 358
358 630
1695 630
2746 2299
634 1189
2299 634
3403 634
633 634
903 1292
1292 635
636 635
804 914
2555 3291
1369 804
3291 804
706 2917
2195 2917
1475 1650
1203 2000
1650 2000
641 2000
1670 1606
1588 2086
2086 1670
3749 1560
1560 643
1980 1097
1515 1097
1141 755
1663 1141
669 1234
644 3423
3478 644
1234 644
1522 682
682 1122
653 1777
1318 653
655 653
2669 2940
656 2669
658 2669
1022 663
787 2985
1859 661
661 787
663 787
1788 1405
664 1788
3023 1788
1298 2091
1264 2091
1510 2091
3766 1900
921 1848
1543 2538
1900 1543
1848 1543
1633 3078
996 670
3078 670
2281 670
943 3324
3019 3324
1364 1711
1466 598
1711 3594
598 3594
1901 1835
673 1835
3133 675
2345 1330
675 1330
1446 1330
2413 1163
1613 2165
774 683
2165 683
3457 1595
2715 2896
2761 2896
1595 2896
2205 1248
1324 1248
1041 689
1405 689
1920 2356
2356 2203
693 2203
696 2203
2559 700
700 1076
701 1076
3417 704
1895 2321
703 1895
704 1895
2407 714
711 715
714 715
1172 595
595 857
717 857
1099 586
1015 586
1259 750
721 349
1174 865
3040 795
1457 720
750 721
865 721
720 721
795 721
379 1092
2259 379
724 379
3456 2263
3285 2263
1720 1171
496 727
1728 1834
1818 1728
727 1728
1294 731
1168 731
1371 735
1025 736
735 736
1529 1689
1839 1947
1579 1947
1689 1947
3213 965
745 965
1190 748
748 751
753 751
797 756
755 1676
756 1676
760 461
1135 461
1081 762
763 762
2904 888
2357 3228
888 3228
1059 3228
989 1006
1460 1006
923 392
765 766
392 766
2077 769
1497 1880
3738 2238
769 3738
1880 3738
1018 773
1662 571
1242 777
571 777
773 777
695 2018
2018 829
2003 829
1740 2146
780 852
2146 852
1586 2098
781 2098
2137 1353
1027 1489
1489 2137
1741 948
2607 2251
2607 1928
782 2607
948 2607
792 3434
3034 790
1673 1048
1583 792
1048 792
790 792
1863 797
793 797
1425 806
799 2180
806 2180
1982 812
809 812
815 935
3765 815
2473 815
1466 819
2229 1553
668 1725
819 668
1553 668
830 705
1823 830
831 2559
1757 2559
2207 1232
3352 533
533 1592
1232 1592
3457 3179
3179 1622
905 1622
837 845
841 845
1466 848
1537 929
848 1896
929 1896
1453 2285
994 2285
849 2347
1578 2347
1630 851
3246 2265
851 3246
853 3246
2311 858
858 863
1327 863
1027 413
864 867
413 867
1768 2744
1750 1224
2744 1967
1224 1967
2404 535
870 874
535 874
695 881
1811 1136
875 1811
881 1811
1443 448
1050 448
882 2094
990 882
2251 882
1879 886
1777 2555
1270 2555
1651 2762
1870 590
2762 590
1511 1179
3591 2512
1417 1055
1528 3485
2512 1511
3485 1511
1055 1511
2267 2776
1598 1220
2776 1220
1376 3508
1699 1211
3508 1211
895 3056
2529 3056
1690 899
1106 903
899 903
900 903
628 1212
1255 1659
3528 1255
1212 1255
3410 1255
1785 1706
907 1785
684 2020
914 2020
3707 2020
1225 2223
1466 915
2223 531
915 531
1897 922
918 923
922 923
1165 2162
1731 1165
924 1165
2119 2055
808 1231
1231 2119
2659 451
2354 451
1371 933
3360 3417
933 3417
936 2305
1131 2305
2128 1921
1729 2128
941 2128
1007 1396
433 1007
968 1007
1221 999
2553 2043
1908 1221
2043 1221
1083 2404
946 2789
1685 1442
1442 3197
1737 3197
2179 949
1468 1897
949 1897
951 1897
1406 1218
1218 1692
1375 1692
957 1768
1562 1768
1478 2163
1867 1478
962 1478
1155 850
2077 1490
1497 3406
1490 1677
3406 1677
1194 969
1850 1209
1017 971
1209 971
2808 971
969 971
973 743
3352 2062
2062 973
401 2096
1466 2089
2096 1808
2089 1808
1710 2500
2500 3034
2443 2144
2120 1398
3492 2443
1398 2443
901 1807
1507 1613
1807 1613
977 981
1804 981
771 1167
984 1158
1167 984
982 984
1371 993
2427 1633
993 1633
770 1459
2985 1459
1256 1544
1786 1250
1544 1250
1632 1250
1199 502
1846 502
2253 2192
2192 496
2338 496
3133 2090
1321 2407
2090 2407
1283 2334
2334 1417
2397 2320
1942 2320
2746 1775
2333 544
1775 2333
1604 2333
1359 2139
2139 3735
3423 3735
2125 1976
2940 1976
1370 1608
1403 1608
2321 2145
2318 2145
2316 2311
1725 2311
2310 1467
2309 1467
2391 2527
2265 1110
2527 1110
1857 1129
1466 2326
1129 1415
2326 1415
1240 939
1466 1334
939 669
1334 669
2242 1193
3504 2242
2238 2242
1840 1314
1988 1840
2300 1840
2141 2069
3018 2069
1792 2069
1498 2329
1751 2329
1092 1682
1571 1682
935 1246
1118 1246
956 1246
3352 3624
3624 1018
2348 3685
1306 3685
2296 3582
1281 3015
3015 2296
2149 2198
1834 2198
2294 2198
1523 1020
463 1523
1023 1523
1162 1217
2288 2064
1217 2064
2283 1769
1989 1769
2280 2267
2094 2267
1570 2257
1937 2257
2264 2257
3794 2257
1958 2253
1481 2253
3571 2136
2136 1966
1546 1966
1272 1966
2249 2246
3434 2246
1625 2244
1362 2244
1454 2181
2675 1438
1533 2217
1530 1416
1438 1530
2217 1530
2006 383
2241 383
1645 383
2688 383
1521 2424
1671 2424
820 2837
1010 2837
1552 2439
2236 429
1780 429
2439 429
1319 1522
2234 1522
1907 1522
2232 2228
1939 2228
1800 1462
1462 1906
705 2221
1638 2221
2215 2079
1001 2079
3392 2245
2210 2245
1071 1424
616 1424
2206 1424
1905 3111
2279 1233
1233 1905
1874 1957
1970 1957
1855 2032
2092 1855
1584 1855
2200 1693
2197 1693
589 1918
2835 1918
1347 1183
2823 1347
1371 1238
3292 3148
1238 3148
1410 1529
2190 1529
2525 2662
2187 699
2662 699
1400 354
2167 354
2163 354
2166 1401
2162 2166
3083 2166
1476 2166
2156 2150
2343 2150
1428 1746
1183 2148
1746 2148
1154 2132
3111 2132
632 1425
1561 1653
2127 1653
645 2120
1516 2120
2118 1899
2522 1899
573 2113
3686 1797
2113 1797
2103 1797
986 1078
1190 2093
2093 986
1621 2082
2082 1920
2081 1920
2626 1161
716 1649
1649 2626
2538 2525
426 2525
1806 2077
791 1105
2057 2881
2881 791
1379 2746
2070 2746
1726 2054
2060 2054
1664 3275
2049 1664
1342 1664
871 1496
1073 1496
3571 1098
3514 1173
1098 1173
1700 1657
1549 1904
1904 1700
679 3426
546 3426
2021 3002
2005 2021
2032 2021
2039 2021
2035 2021
1345 3457
1928 3457
1817 1999
1997 1999
2779 1100
878 1520
1866 1993
1679 1854
2261 1091
1100 878
1993 878
1854 878
1091 878
3042 628
1990 628
1973 1397
1971 1397
1954 1790
1960 1790
2588 1790
2050 1790
1949 1945
3275 1945
1734 1933
1194 2709
1755 1029
783 2111
2817 1940
1933 1194
1029 1194
2111 1194
1940 1194
1931 1750
3545 1750
1193 1750
1002 1558
2016 1558
2490 1558
2122 1684
1675 1929
1684 1929
2654 1565
2057 2387
2387 2654
2337 2654
3329 771
1921 1235
3458 1235
2100 3766
1488 1913
1913 1280
1909 3554
1776 1911
1911 1909
3274 1909
1959 1739
1466 1903
1470 1123
1739 1470
1903 1470
1371 1303
1416 1371
1427 1925
1667 1925
1631 3216
1067 3216
1629 1162
1299 1162
1243 1047
1101 1047
1441 1893
3635 1893
1889 3133
1669 2185
1502 2185
1678 2155
1466 1207
2155 1916
1207 1916
2140 1969
1969 1354
477 1859
1873 1859
1565 1698
348 1698
1373 1852
1659 1852
1850 3734
2144 1850
1219 1850
1851 1850
836 1850
2315 1026
1843 2315
686 2315
1607 1830
1340 1021
1830 1021
1056 1060
1883 1060
833 1827
3297 1827
1820 1812
3777 1812
1020 1924
803 1924
3554 2314
1303 2314
1005 995
995 1094
1136 1094
999 1359
1066 1359
1120 1005
1654 1012
1401 1012
1497 1930
1930 1740
1464 1740
1286 1621
1026 1621
1150 3321
1748 3321
925 1022
1123 1022
