791 994
0 6 10
1 5 7
2 6 8
3 8 10
4 6 7
5 50 50
6 7 9
7 5 7
8 7 9
9 10 7
10 30 30
11 8 10
12 20 40
13 40 30
14 6 8
15 6 9
16 30 20
17 50 40
18 6 5
19 9 5
20 40 40
21 7 10
22 20 30
23 9 7
24 8 6
25 6 7
26 8 5
27 20 50
28 20 30
29 8 8
30 9 7
31 30 40
32 20 20
33 10 7
34 7 10
35 9 5
36 30 30
37 20 30
38 8 5
39 10 8
40 9 7
41 30 40
42 8 9
43 7 5
44 10 8
45 40 20
46 10 7
47 50 50
48 10 9
49 5 9
50 50 30
51 50 30
52 10 9
53 9 8
54 40 40
55 5 10
56 8 8
57 9 5
58 10 10
59 6 8
60 50 40
61 6 10
62 5 9
63 50 50
64 8 7
65 9 8
66 8 10
67 40 20
68 8 8
69 5 7
70 9 5
71 6 6
72 7 7
73 30 30
74 30 20
75 5 10
76 7 5
77 7 5
78 7 5
79 6 10
80 5 8
81 40 20
82 50 40
83 5 5
84 5 6
85 8 10
86 30 50
87 20 50
88 5 9
89 30 20
90 30 20
91 6 10
92 7 10
93 20 20
94 9 6
95 6 10
96 10 6
97 6 10
98 10 8
99 20 50
100 20 50
101 7 9
102 8 7
103 40 50
104 10 6
105 6 10
106 9 9
107 9 6
108 10 6
109 8 10
110 7 5
111 5 6
112 20 30
113 40 40
114 10 6
115 10 10
116 8 10
117 6 9
118 40 40
119 6 6
120 8 10
121 9 10
122 10 6
123 9 5
124 9 9
125 30 50
126 30 40
127 7 7
128 50 20
129 30 20
130 40 30
131 30 30
132 8 10
133 8 6
134 8 6
135 7 9
136 8 9
137 6 10
138 30 30
139 50 40
140 7 9
141 10 5
142 9 7
143 50 20
144 6 9
145 50 50
146 6 7
147 8 5
148 40 50
149 5 9
150 40 30
151 6 6
152 7 5
153 50 20
154 5 9
155 9 6
156 5 8
157 5 5
158 9 6
159 5 7
160 10 9
161 5 10
162 9 7
163 9 7
164 8 7
165 8 9
166 8 7
167 8 8
168 5 8
169 7 5
170 6 7
171 20 20
172 20 40
173 7 9
174 9 6
175 5 7
176 50 20
177 8 8
178 30 20
179 10 10
180 30 30
181 10 5
182 6 8
183 7 9
184 10 10
185 8 5
186 30 40
187 20 40
188 9 7
189 9 6
190 20 30
191 40 40
192 7 7
193 5 7
194 6 6
195 9 10
196 9 8
197 9 6
198 7 6
199 20 30
200 8 8
201 9 8
202 9 10
203 50 20
204 50 20
205 20 40
206 20 50
207 6 9
208 20 20
209 20 30
210 10 10
211 10 8
212 6 5
213 30 30
214 20 30
215 50 20
216 10 7
217 6 8
218 10 6
219 7 8
220 9 6
221 10 7
222 7 8
223 6 8
224 50 30
225 20 20
226 6 6
227 7 8
228 9 9
229 9 10
230 6 10
231 40 50
232 10 8
233 6 9
234 6 8
235 9 5
236 8 7
237 6 7
238 10 5
239 9 8
240 7 8
241 50 30
242 20 20
243 5 7
244 9 8
245 6 6
246 8 9
247 7 5
248 9 6
249 6 5
250 7 8
251 10 5
252 10 10
253 6 6
254 20 20
255 20 40
256 10 5
257 20 40
258 6 8
259 8 7
260 50 20
261 5 10
262 50 50
263 8 10
264 5 7
265 50 40
266 6 5
267 6 9
268 10 6
269 9 10
270 6 6
271 20 20
272 40 30
273 20 20
274 8 7
275 7 8
276 50 40
277 50 50
278 7 9
279 40 30
280 7 8
281 40 20
282 10 10
283 7 7
284 7 5
285 10 10
286 10 5
287 7 8
288 6 8
289 6 10
290 20 40
291 30 50
292 20 50
293 9 9
294 40 30
295 9 9
296 30 30
297 9 7
298 50 20
299 30 30
300 5 6
301 50 50
302 40 40
303 5 8
304 5 7
305 20 50
306 6 5
307 10 7
308 5 8
309 7 5
310 50 30
311 9 5
312 6 9
313 6 9
314 8 9
315 6 8
316 5 10
317 5 7
318 10 9
319 9 7
320 8 6
321 20 40
322 20 40
323 7 5
324 8 8
325 10 6
326 9 6
327 10 5
328 7 5
329 9 8
330 8 10
331 10 9
332 9 10
333 6 7
334 30 50
335 30 50
336 10 6
337 6 8
338 7 5
339 40 50
340 30 20
341 6 10
342 5 9
343 9 6
344 7 9
345 9 6
346 5 9
347 7 10
348 40 30
349 6 5
350 9 6
351 9 5
352 6 7
353 8 10
354 20 50
355 7 5
356 7 9
357 50 30
358 8 7
359 7 6
360 7 10
361 50 50
362 8 6
363 40 30
364 30 40
365 20 50
366 10 9
367 30 40
368 5 6
369 7 5
370 10 6
371 10 8
372 50 20
373 8 5
374 6 7
375 9 6
376 8 8
377 8 6
378 8 6
379 8 5
380 5 7
381 20 30
382 10 5
383 9 6
384 7 5
385 7 6
386 9 6
387 7 5
388 7 9
389 20 30
390 30 40
391 7 6
392 40 20
393 10 9
394 9 10
395 7 6
396 40 40
397 6 6
398 20 50
399 9 8
400 10 8
401 6 9
402 6 7
403 20 30
404 9 6
405 8 10
406 5 8
407 40 50
408 7 9
409 6 8
410 20 20
411 50 40
412 6 7
413 8 9
414 7 10
415 40 30
416 6 5
417 5 9
418 40 30
419 10 10
420 8 7
421 50 50
422 10 10
423 6 9
424 10 9
425 5 7
426 20 50
427 7 8
428 40 40
429 30 50
430 40 30
431 50 20
432 5 6
433 9 10
434 5 8
435 7 9
436 6 9
437 9 7
438 9 7
439 20 50
440 8 9
441 20 40
442 9 5
443 50 50
444 50 20
445 8 8
446 50 30
447 20 50
448 50 30
449 7 10
450 6 6
451 40 50
452 40 50
453 7 8
454 40 30
455 30 50
456 50 50
457 7 9
458 20 40
459 5 6
460 5 5
461 5 5
462 8 9
463 6 10
464 5 9
465 5 5
466 5 8
467 9 6
468 7 8
469 5 9
470 9 6
471 30 30
472 10 6
473 5 7
474 7 6
475 20 50
476 10 10
477 50 50
478 40 40
479 10 10
480 7 8
481 8 9
482 40 20
483 8 7
484 9 9
485 30 40
486 20 30
487 9 6
488 5 5
489 7 10
490 5 8
491 5 8
492 5 5
493 6 8
494 30 30
495 20 50
496 20 40
497 10 7
498 7 7
499 5 7
500 30 40
501 20 50
502 5 9
503 30 30
504 40 50
505 8 5
506 5 8
507 7 6
508 7 10
509 30 30
510 5 8
511 6 7
512 10 7
513 5 7
514 7 7
515 6 10
516 40 20
517 5 7
518 8 8
519 8 7
520 5 6
521 7 5
522 10 8
523 30 40
524 10 7
525 7 8
526 10 9
527 20 30
528 9 8
529 10 9
530 5 10
531 7 7
532 20 50
533 8 6
534 20 40
535 6 9
536 7 10
537 5 8
538 30 20
539 7 6
540 8 7
541 5 6
542 7 6
543 6 5
544 8 10
545 40 40
546 40 50
547 10 9
548 9 8
549 30 50
550 20 20
551 40 50
552 8 7
553 5 8
554 7 10
555 7 8
556 6 9
557 7 7
558 7 6
559 9 5
560 5 6
561 5 5
562 50 40
563 50 20
564 8 8
565 6 9
566 40 40
567 30 20
568 5 6
569 6 9
570 40 20
571 8 8
572 7 6
573 30 20
574 9 10
575 6 8
576 30 30
577 7 5
578 7 9
579 7 6
580 7 10
581 30 50
582 40 30
583 50 40
584 50 40
585 7 6
586 5 5
587 6 5
588 40 30
589 30 40
590 7 7
591 10 10
592 9 8
593 10 6
594 7 10
595 7 5
596 8 6
597 8 10
598 6 9
599 5 8
600 7 10
601 8 9
602 6 9
603 5 8
604 6 5
605 50 30
606 50 50
607 5 8
608 5 9
609 5 6
610 20 40
611 6 5
612 7 6
613 9 6
614 5 9
615 6 6
616 9 5
617 6 8
618 6 10
619 5 5
620 50 20
621 5 7
622 6 9
623 40 30
624 5 6
625 9 7
626 50 20
627 50 40
628 8 9
629 6 6
630 5 6
631 9 8
632 30 20
633 40 20
634 20 50
635 9 6
636 9 5
637 5 5
638 8 6
639 10 9
640 30 20
641 10 7
642 5 5
643 5 7
644 5 6
645 6 7
646 7 8
647 6 7
648 9 9
649 5 5
650 5 6
651 9 9
652 30 30
653 50 20
654 8 10
655 6 9
656 6 8
657 8 8
658 50 50
659 8 8
660 5 9
661 10 9
662 10 9
663 10 6
664 6 7
665 9 7
666 20 20
667 7 7
668 8 10
669 50 30
670 9 6
671 7 9
672 10 9
673 20 40
674 7 9
675 40 50
676 10 5
677 6 8
678 8 8
679 40 40
680 10 6
681 40 50
682 7 6
683 20 20
684 10 8
685 30 30
686 8 5
687 40 20
688 6 8
689 20 20
690 9 6
691 9 10
692 40 40
693 40 40
694 40 40
695 5 5
696 10 9
697 6 6
698 10 5
699 7 10
700 7 5
701 9 6
702 8 9
703 20 50
704 30 30
705 5 7
706 6 5
707 7 7
708 5 6
709 8 10
710 9 8
711 5 5
712 40 50
713 9 7
714 5 6
715 6 8
716 5 7
717 9 8
718 30 20
719 5 6
720 6 7
721 7 6
722 5 7
723 9 10
724 7 10
725 9 5
726 7 7
727 6 6
728 9 5
729 30 30
730 8 7
731 20 40
732 40 20
733 30 30
734 9 5
735 10 6
736 5 6
737 50 30
738 7 7
739 9 8
740 9 6
741 8 10
742 9 7
743 6 10
744 10 8
745 10 7
746 7 6
747 20 50
748 30 20
749 50 50
750 40 30
751 8 8
752 50 30
753 6 8
754 8 6
755 20 30
756 9 9
757 50 40
758 6 8
759 5 10
760 10 7
761 7 8
762 8 5
763 50 30
764 30 20
765 50 40
766 7 8
767 7 9
768 5 10
769 30 20
770 30 20
771 40 20
772 7 5
773 10 8
774 5 6
775 9 7
776 10 5
777 9 7
778 8 10
779 7 7
780 10 7
781 30 30
782 40 20
783 6 7
784 8 9
785 10 6
786 5 10
787 6 5
788 20 20
789 5 9
790 8 5
229 161
252 332
6 749
332 6
161 6
612 424
640 312
397 347
207 313
424 640
313 640
347 640
359 0
348 1
2 407
0 2
1 2
666 755
140 246
713 3
755 140
3 140
5 218
661 71
346 4
71 5
4 5
61 538
498 7
746 311
746 197
746 450
39 8
8 746
538 746
7 746
690 151
20 9
420 10
9 690
10 690
13 763
416 12
101 11
11 13
12 13
16 112
522 15
67 14
14 16
15 16
233 381
584 726
17 76
17 683
381 17
726 17
57 87
20 716
20 715
20 231
20 257
20 665
20 468
20 395
269 19
334 154
346 18
87 20
19 20
18 20
154 20
403 25
24 362
457 23
611 21
327 22
25 24
23 24
21 24
22 24
28 279
654 26
708 27
26 28
27 28
264 310
571 29
306 30
29 264
30 264
739 92
356 727
299 105
299 581
299 188
299 339
92 299
727 299
144 32
33 390
592 705
603 31
32 33
31 33
705 33
357 779
440 594
155 559
155 109
779 155
594 155
462 135
453 34
655 595
135 655
34 655
365 36
331 35
37 721
35 37
36 37
630 38
496 460
38 39
460 39
77 40
416 41
42 636
40 42
41 42
495 123
495 100
495 82
76 495
61 45
187 534
187 570
187 78
575 43
766 44
45 187
43 187
44 187
418 588
630 46
230 47
46 418
47 418
687 249
277 676
429 771
771 277
249 277
737 790
539 514
770 787
770 236
514 770
790 770
789 778
630 235
376 266
235 789
266 789
522 192
361 724
787 361
192 361
785 351
785 372
383 786
786 785
617 126
730 784
784 617
159 276
148 698
318 93
269 783
698 159
783 159
93 159
496 196
782 543
292 283
196 782
283 782
393 201
761 593
780 337
780 179
780 320
778 780
749 780
201 780
593 780
605 777
776 710
777 776
453 565
496 96
182 642
96 182
565 182
630 775
292 768
775 766
768 766
364 567
364 289
212 764
245 645
721 364
763 364
645 364
764 364
738 747
70 762
747 761
762 761
478 758
350 754
221 91
221 441
758 221
754 221
56 493
252 389
753 516
389 753
493 753
107 750
678 751
382 204
751 382
750 382
393 748
689 614
745 586
745 537
745 232
451 217
598 744
744 745
217 745
748 745
614 745
281 550
634 638
251 536
550 634
536 634
69 481
669 274
280 743
481 669
743 669
494 662
494 624
328 700
700 494
376 653
541 486
352 742
653 541
742 541
740 164
556 487
708 741
487 740
741 740
619 474
303 512
738 427
738 604
738 282
474 738
512 738
453 600
230 99
121 398
99 121
600 121
83 254
522 63
431 120
120 83
63 83
736 199
551 444
269 117
428 432
444 736
117 736
432 736
181 388
707 781
205 732
149 735
278 733
388 707
732 707
735 707
733 707
767 563
356 731
730 399
563 730
731 730
272 578
729 314
729 147
729 546
534 729
578 729
725 295
608 728
107 503
503 725
728 725
605 722
647 723
131 265
131 287
723 131
722 131
384 368
74 152
713 425
368 713
152 713
456 720
348 483
298 703
720 298
483 298
515 719
209 718
719 612
718 612
216 119
338 220
716 216
220 216
392 596
252 137
137 451
596 451
711 469
272 582
715 711
582 711
691 423
522 115
508 601
601 691
115 691
492 375
130 704
270 709
703 492
704 492
724 492
709 492
706 527
209 702
311 706
702 706
576 267
146 699
697 215
697 307
267 697
699 697
258 366
555 760
712 128
366 397
398 397
760 397
128 397
652 696
348 695
769 480
696 769
695 769
198 694
427 689
694 689
404 261
261 687
486 687
146 686
296 685
686 712
685 712
338 502
684 409
316 682
502 684
682 684
680 443
308 681
91 680
681 680
352 679
453 377
679 457
377 457
294 157
428 464
654 402
157 654
464 654
542 322
470 673
340 677
677 470
322 470
674 250
676 674
673 674
70 671
105 498
671 498
146 668
324 237
265 324
668 324
383 335
355 360
211 370
211 183
335 211
360 211
566 667
773 53
567 773
667 773
666 103
53 666
314 666
384 664
576 772
103 576
664 576
660 606
247 658
229 253
383 663
658 660
662 660
663 660
253 660
556 200
346 657
200 247
657 247
585 656
656 652
289 652
661 176
708 651
650 688
650 290
149 206
206 650
176 650
651 650
590 649
251 552
647 85
649 647
552 647
138 88
639 349
408 646
193 166
88 639
642 639
166 639
646 639
670 549
638 670
409 670
608 759
737 560
560 270
759 270
590 659
251 509
737 358
737 89
659 737
509 737
67 637
637 359
636 359
233 752
584 65
621 701
621 396
752 621
65 621
354 635
348 632
631 461
635 631
632 631
630 562
630 223
630 510
630 226
781 630
606 630
627 391
48 628
346 386
628 627
386 627
515 110
281 625
110 384
625 384
436 367
357 623
209 342
623 436
342 436
453 622
580 139
573 379
139 573
622 573
522 599
175 620
620 408
599 408
485 589
615 572
615 501
788 616
58 618
589 615
616 615
618 615
237 615
522 174
554 613
613 611
174 611
205 401
278 98
609 143
98 609
401 609
608 607
58 757
757 327
607 327
338 186
605 84
337 605
186 605
61 239
233 284
406 472
178 412
239 233
472 233
412 233
597 114
329 602
604 597
602 597
455 591
591 592
595 592
423 592
295 592
393 419
590 568
321 430
588 590
430 590
419 590
114 590
209 476
586 144
476 144
566 75
585 102
75 585
147 585
198 260
581 575
260 575
574 643
508 528
528 574
572 574
272 569
570 566
569 566
352 561
562 598
561 598
558 73
558 86
559 558
317 557
205 449
557 556
449 556
551 564
303 553
355 421
624 551
421 551
553 551
587 72
429 774
774 587
549 587
101 548
547 66
548 547
515 545
281 544
74 238
545 74
544 74
325 195
543 542
195 542
475 241
540 297
241 540
72 540
539 150
85 539
316 535
213 511
213 629
537 213
535 213
293 532
319 756
531 520
532 531
756 531
80 180
584 378
231 80
378 80
523 765
306 641
765 306
445 191
302 530
529 242
527 529
530 529
191 529
151 529
525 52
440 477
257 525
477 525
522 202
522 228
344 524
524 522
256 519
434 521
333 411
519 333
520 333
521 333
180 333
619 518
383 517
518 739
517 739
393 305
435 717
626 513
513 515
516 515
305 515
717 515
497 374
282 435
374 435
107 51
511 508
51 508
380 505
506 59
554 507
507 506
505 506
316 227
665 603
227 603
608 141
608 579
608 426
296 675
675 608
501 678
629 678
205 219
294 499
48 190
499 48
219 48
462 482
410 526
688 410
482 410
97 49
49 380
358 380
425 555
202 555
108 414
81 336
465 156
414 81
156 81
375 81
286 189
400 79
50 672
189 50
79 50
439 225
385 467
367 385
225 385
349 385
52 385
148 54
243 55
54 57
55 57
523 291
571 309
62 263
309 62
291 62
348 224
246 258
224 258
577 64
285 323
64 285
119 285
362 285
209 268
179 577
268 577
328 122
326 301
370 326
122 326
392 491
356 116
491 328
116 328
245 255
66 67
255 67
420 68
272 194
68 69
194 69
238 146
693 330
330 77
73 77
209 162
90 234
78 90
162 90
149 273
273 619
143 619
84 788
89 788
95 118
580 94
223 95
94 95
215 97
150 97
420 203
101 633
197 101
203 101
369 104
102 369
228 369
106 124
610 405
142 422
480 106
405 106
104 106
422 106
316 489
232 107
489 107
331 171
109 331
633 331
58 583
710 554
583 554
420 113
245 160
450 245
113 245
61 471
500 734
357 373
118 357
471 357
734 357
584 262
440 125
262 280
125 280
383 127
252 438
438 321
127 321
376 129
453 343
129 130
343 130
353 132
319 134
132 302
134 302
168 448
348 136
448 138
136 138
296 111
288 463
123 288
111 288
546 142
141 142
205 145
564 148
145 148
149 387
229 315
126 149
315 149
209 153
568 108
153 108
453 133
292 214
170 446
214 170
133 170
183 571
399 571
158 504
708 60
190 158
60 158
163 714
160 163
579 163
462 165
290 393
351 393
165 393
693 172
175 167
167 168
172 168
416 173
86 175
173 175
453 259
240 210
210 610
259 610
644 177
510 178
177 178
346 458
458 181
372 181
240 271
230 184
271 404
184 404
240 185
226 626
185 626
329 415
188 500
415 500
431 648
371 533
533 354
648 354
365 363
363 693
100 693
447 300
319 490
300 439
490 439
772 485
287 485
416 484
484 193
426 193
209 169
284 256
169 256
171 212
82 212
348 479
59 403
479 403
371 473
701 365
473 365
466 488
234 466
469 466
124 466
251 244
468 465
244 465
461 434
379 434
463 434
254 434
644 304
580 452
304 325
452 325
303 459
526 61
459 61
236 456
307 456
348 248
643 455
248 455
281 454
395 207
454 207
407 445
446 445
714 445
112 445
345 442
442 475
274 475
433 437
275 222
441 433
222 433
396 431
683 431
440 417
373 416
417 416
317 413
428 341
413 661
341 661
497 692
339 406
692 406
346 208
402 523
208 523
338 394
320 58
394 58
