791 994
0 8 64
1 64 8
2 128 128
3 64 4
4 4 4
5 32 32
6 4 32
7 8 32
8 1024 256
9 16 4
10 128 32
11 512 256
12 32 16
13 16 32
14 64 8
15 128 64
16 128 64
17 256 256
18 64 64
19 16 8
20 32 16
21 512 1024
22 4 32
23 2048 256
24 128 4
25 64 128
26 8 4
27 128 4
28 512 512
29 1024 1024
30 512 2048
31 64 64
32 4 4
33 128 32
34 4 64
35 64 64
36 64 8
37 16 4
38 512 512
39 32 32
40 32 128
41 8 16
42 64 16
43 32 4
44 32 8
45 64 16
46 16 8
47 512 512
48 256 512
49 128 8
50 4 16
51 4 128
52 512 1024
53 128 64
54 128 16
55 8 16
56 128 4
57 8 8
58 1024 512
59 256 512
60 256 1024
61 256 256
62 1024 256
63 1024 1024
64 4 64
65 8 16
66 2048 2048
67 32 8
68 128 4
69 256 512
70 128 64
71 8 32
72 4 64
73 16 64
74 8 64
75 8 16
76 32 8
77 32 16
78 256 2048
79 512 2048
80 8 4
81 512 512
82 256 512
83 32 4
84 4 8
85 16 64
86 32 16
87 128 128
88 128 128
89 32 32
90 64 32
91 512 2048
92 256 1024
93 16 16
94 32 64
95 64 64
96 8 8
97 256 256
98 2048 512
99 64 16
100 4 32
101 32 128
102 32 4
103 32 64
104 16 64
105 32 8
106 128 64
107 2048 1024
108 16 32
109 512 1024
110 32 32
111 32 32
112 128 4
113 2048 1024
114 8 32
115 128 4
116 512 256
117 32 4
118 64 4
119 128 4
120 512 512
121 4 32
122 16 64
123 8 64
124 2048 1024
125 4 32
126 64 32
127 1024 2048
128 32 4
129 128 64
130 128 128
131 2048 256
132 32 64
133 64 8
134 64 16
135 64 8
136 16 64
137 8 16
138 8 8
139 1024 256
140 128 32
141 2048 2048
142 16 128
143 16 64
144 4 16
145 16 4
146 64 4
147 512 1024
148 8 4
149 512 256
150 4 32
151 256 2048
152 128 32
153 64 4
154 512 256
155 512 512
156 8 4
157 4 4
158 8 32
159 64 32
160 2048 1024
161 16 64
162 512 1024
163 1024 2048
164 16 64
165 2048 512
166 4 32
167 1024 2048
168 8 64
169 32 4
170 512 256
171 2048 256
172 2048 2048
173 128 4
174 256 512
175 16 64
176 16 128
177 128 32
178 2048 2048
179 512 256
180 128 128
181 128 4
182 16 64
183 4 8
184 1024 512
185 256 256
186 8 8
187 64 8
188 256 512
189 1024 2048
190 16 128
191 32 4
192 8 8
193 16 8
194 32 4
195 64 64
196 32 4
197 1024 2048
198 8 4
199 64 8
200 256 512
201 2048 1024
202 8 32
203 4 128
204 8 8
205 64 128
206 16 128
207 4 8
208 128 16
209 32 64
210 64 32
211 16 32
212 2048 256
213 4 128
214 2048 2048
215 8 8
216 256 256
217 32 128
218 128 4
219 4 8
220 512 2048
221 128 16
222 1024 256
223 1024 512
224 32 32
225 512 256
226 128 128
227 32 32
228 8 64
229 32 128
230 1024 256
231 1024 512
232 32 8
233 4 8
234 1024 256
235 32 4
236 128 128
237 128 32
238 128 64
239 8 64
240 256 2048
241 2048 2048
242 16 8
243 16 128
244 128 64
245 128 16
246 16 64
247 512 2048
248 32 128
249 64 32
250 64 16
251 16 64
252 2048 1024
253 128 128
254 256 256
255 128 16
256 16 128
257 2048 256
258 2048 2048
259 16 128
260 512 256
261 64 64
262 64 128
263 4 4
264 64 16
265 512 512
266 2048 256
267 8 128
268 1024 512
269 1024 2048
270 8 64
271 64 32
272 16 32
273 8 16
274 4 4
275 512 512
276 2048 256
277 64 32
278 8 32
279 2048 2048
280 256 1024
281 8 16
282 64 8
283 128 16
284 32 8
285 512 512
286 2048 1024
287 256 2048
288 16 128
289 8 128
290 1024 256
291 4 64
292 4 128
293 32 64
294 256 1024
295 4 128
296 16 32
297 4 16
298 128 64
299 1024 1024
300 1024 512
301 32 8
302 256 512
303 512 1024
304 128 4
305 64 16
306 128 16
307 512 2048
308 64 128
309 256 256
310 32 128
311 8 8
312 4 4
313 32 4
314 8 16
315 128 64
316 512 512
317 128 8
318 2048 256
319 16 8
320 8 8
321 256 1024
322 4 4
323 256 2048
324 1024 2048
325 64 128
326 16 64
327 64 64
328 4 64
329 64 32
330 32 4
331 32 128
332 1024 256
333 32 128
334 1024 256
335 256 2048
336 128 64
337 32 32
338 2048 512
339 4 16
340 256 512
341 16 128
342 512 2048
343 2048 512
344 128 16
345 128 8
346 64 4
347 32 16
348 4 16
349 32 8
350 16 32
351 64 8
352 4 4
353 256 512
354 256 256
355 256 2048
356 256 512
357 256 256
358 2048 512
359 512 256
360 32 16
361 4 4
362 4 32
363 256 512
364 16 4
365 128 32
366 8 64
367 8 16
368 8 128
369 1024 256
370 256 256
371 32 128
372 16 64
373 128 128
374 32 16
375 512 2048
376 512 256
377 8 64
378 16 64
379 128 16
380 16 128
381 8 16
382 8 128
383 8 16
384 16 32
385 512 2048
386 4 8
387 2048 2048
388 16 32
389 16 16
390 1024 2048
391 16 8
392 4 4
393 2048 2048
394 8 64
395 16 128
396 1024 512
397 4 8
398 32 16
399 64 64
400 1024 512
401 8 32
402 2048 1024
403 256 256
404 512 512
405 16 32
406 128 16
407 64 8
408 512 1024
409 16 16
410 8 16
411 128 4
412 256 2048
413 64 64
414 8 8
415 4 128
416 2048 1024
417 1024 2048
418 32 64
419 32 32
420 128 8
421 32 4
422 128 128
423 4 16
424 128 64
425 1024 512
426 128 32
427 32 32
428 1024 256
429 16 32
430 64 16
431 16 128
432 128 4
433 4 4
434 4 16
435 16 16
436 256 512
437 32 128
438 128 32
439 64 64
440 16 16
441 64 128
442 16 128
443 64 64
444 512 512
445 32 128
446 16 8
447 256 512
448 4 128
449 64 4
450 128 128
451 8 8
452 2048 2048
453 128 64
454 64 128
455 16 4
456 16 8
457 128 4
458 64 64
459 16 16
460 128 32
461 16 4
462 2048 512
463 2048 512
464 2048 512
465 32 64
466 8 4
467 4 4
468 2048 256
469 16 4
470 4 8
471 1024 256
472 128 4
473 16 64
474 64 128
475 16 8
476 1024 256
477 64 128
478 128 32
479 16 16
480 4 4
481 256 512
482 4 8
483 64 4
484 128 64
485 32 64
486 32 128
487 32 64
488 32 128
489 1024 1024
490 16 128
491 512 512
492 16 32
493 16 4
494 128 8
495 256 2048
496 256 1024
497 32 64
498 8 8
499 32 16
500 1024 1024
501 4 64
502 128 32
503 32 128
504 128 16
505 64 8
506 512 2048
507 256 512
508 8 64
509 8 64
510 32 4
511 4 64
512 16 32
513 128 4
514 32 4
515 4 64
516 4 4
517 8 4
518 64 32
519 512 1024
520 4 4
521 512 512
522 4 64
523 1024 256
524 1024 512
525 16 128
526 8 16
527 256 512
528 32 8
529 8 128
530 8 64
531 64 32
532 128 16
533 32 128
534 16 4
535 16 128
536 32 128
537 2048 256
538 32 64
539 32 16
540 2048 2048
541 2048 1024
542 4 8
543 64 32
544 32 128
545 64 32
546 4 16
547 32 16
548 8 128
549 256 256
550 16 16
551 1024 512
552 32 16
553 256 1024
554 1024 256
555 128 64
556 32 32
557 16 8
558 128 32
559 32 16
560 256 256
561 64 32
562 1024 256
563 2048 256
564 16 64
565 8 32
566 64 8
567 64 8
568 1024 512
569 4 64
570 64 8
571 512 1024
572 4 4
573 2048 256
574 32 4
575 512 256
576 32 8
577 512 256
578 64 64
579 4 4
580 1024 256
581 1024 2048
582 128 32
583 256 1024
584 2048 2048
585 64 16
586 512 256
587 4 128
588 32 128
589 512 2048
590 256 512
591 512 512
592 512 256
593 16 4
594 64 32
595 64 8
596 1024 512
597 8 128
598 64 8
599 1024 256
600 16 16
601 4 4
602 512 1024
603 16 32
604 4 64
605 4 32
606 64 16
607 512 1024
608 2048 2048
609 64 64
610 16 32
611 8 64
612 128 128
613 16 128
614 1024 1024
615 2048 512
616 32 4
617 32 16
618 4 128
619 512 1024
620 8 32
621 16 32
622 8 64
623 64 32
624 8 128
625 64 64
626 4 64
627 16 4
628 64 8
629 16 16
630 4 128
631 2048 256
632 64 8
633 2048 2048
634 512 2048
635 512 256
636 64 64
637 512 256
638 16 32
639 512 256
640 32 128
641 32 32
642 4 4
643 256 512
644 4 32
645 8 32
646 4 64
647 32 4
648 1024 512
649 8 32
650 2048 512
651 64 32
652 128 16
653 8 4
654 512 2048
655 16 128
656 2048 2048
657 8 8
658 16 8
659 512 512
660 32 32
661 64 64
662 32 8
663 512 512
664 16 16
665 256 2048
666 8 128
667 128 16
668 512 1024
669 8 16
670 512 2048
671 32 4
672 2048 256
673 8 32
674 512 256
675 4 8
676 16 64
677 32 128
678 16 64
679 8 128
680 16 64
681 2048 2048
682 16 128
683 4 32
684 128 16
685 256 256
686 32 64
687 32 16
688 4 4
689 8 4
690 128 16
691 4 128
692 4 64
693 8 64
694 1024 2048
695 256 2048
696 128 128
697 128 128
698 32 16
699 1024 1024
700 512 512
701 32 32
702 256 256
703 1024 256
704 2048 512
705 32 4
706 512 1024
707 8 16
708 64 32
709 16 16
710 4 64
711 32 64
712 4 8
713 64 64
714 16 64
715 8 16
716 64 16
717 32 128
718 512 1024
719 2048 1024
720 1024 256
721 512 256
722 128 8
723 16 64
724 128 64
725 16 4
726 64 16
727 64 4
728 128 32
729 32 32
730 16 128
731 8 128
732 64 8
733 2048 512
734 32 8
735 64 128
736 4 8
737 8 8
738 128 4
739 512 256
740 128 64
741 32 16
742 4 8
743 8 128
744 32 8
745 32 64
746 64 32
747 512 2048
748 1024 2048
749 512 512
750 16 8
751 4 8
752 64 128
753 512 512
754 16 32
755 4 64
756 2048 1024
757 256 1024
758 64 8
759 8 4
760 32 128
761 512 512
762 8 4
763 256 256
764 256 512
765 8 64
766 512 1024
767 4 16
768 128 16
769 4 4
770 1024 2048
771 4 64
772 8 8
773 64 4
774 4 16
775 32 8
776 8 128
777 8 128
778 1024 1024
779 4 128
780 4 32
781 128 16
782 8 16
783 8 16
784 16 128
785 2048 2048
786 128 128
787 128 4
788 8 4
789 4 32
790 16 8
229 161
252 332
6 749
332 6
161 6
612 424
640 312
397 347
207 313
424 640
313 640
347 640
359 0
348 1
2 407
0 2
1 2
666 755
140 246
713 3
755 140
3 140
5 218
661 71
346 4
71 5
4 5
61 538
498 7
746 311
746 197
746 450
39 8
8 746
538 746
7 746
690 151
20 9
420 10
9 690
10 690
13 763
416 12
101 11
11 13
12 13
16 112
522 15
67 14
14 16
15 16
233 381
584 726
17 76
17 683
381 17
726 17
57 87
20 716
20 715
20 231
20 257
20 665
20 468
20 395
269 19
334 154
346 18
87 20
19 20
18 20
154 20
403 25
24 362
457 23
611 21
327 22
25 24
23 24
21 24
22 24
28 279
654 26
708 27
26 28
27 28
264 310
571 29
306 30
29 264
30 264
739 92
356 727
299 105
299 581
299 188
299 339
92 299
727 299
144 32
33 390
592 705
603 31
32 33
31 33
705 33
357 779
440 594
155 559
155 109
779 155
594 155
462 135
453 34
655 595
135 655
34 655
365 36
331 35
37 721
35 37
36 37
630 38
496 460
38 39
460 39
77 40
416 41
42 636
40 42
41 42
495 123
495 100
495 82
76 495
61 45
187 534
187 570
187 78
575 43
766 44
45 187
43 187
44 187
418 588
630 46
230 47
46 418
47 418
687 249
277 676
429 771
771 277
249 277
737 790
539 514
770 787
770 236
514 770
790 770
789 778
630 235
376 266
235 789
266 789
522 192
361 724
787 361
192 361
785 351
785 372
383 786
786 785
617 126
730 784
784 617
159 276
148 698
318 93
269 783
698 159
783 159
93 159
496 196
782 543
292 283
196 782
283 782
393 201
761 593
780 337
780 179
780 320
778 780
749 780
201 780
593 780
605 777
776 710
777 776
453 565
496 96
182 642
96 182
565 182
630 775
292 768
775 766
768 766
364 567
364 289
212 764
245 645
721 364
763 364
645 364
764 364
738 747
70 762
747 761
762 761
478 758
350 754
221 91
221 441
758 221
754 221
56 493
252 389
753 516
389 753
493 753
107 750
678 751
382 204
751 382
750 382
393 748
689 614
745 586
745 537
745 232
451 217
598 744
744 745
217 745
748 745
614 745
281 550
634 638
251 536
550 634
536 634
69 481
669 274
280 743
481 669
743 669
494 662
494 624
328 700
700 494
376 653
541 486
352 742
653 541
742 541
740 164
556 487
708 741
487 740
741 740
619 474
303 512
738 427
738 604
738 282
474 738
512 738
453 600
230 99
121 398
99 121
600 121
83 254
522 63
431 120
120 83
63 83
736 199
551 444
269 117
428 432
444 736
117 736
432 736
181 388
707 781
205 732
149 735
278 733
388 707
732 707
735 707
733 707
767 563
356 731
730 399
563 730
731 730
272 578
729 314
729 147
729 546
534 729
578 729
725 295
608 728
107 503
503 725
728 725
605 722
647 723
131 265
131 287
723 131
722 131
384 368
74 152
713 425
368 713
152 713
456 720
348 483
298 703
720 298
483 298
515 719
209 718
719 612
718 612
216 119
338 220
716 216
220 216
392 596
252 137
137 451
596 451
711 469
272 582
715 711
582 711
691 423
522 115
508 601
601 691
115 691
492 375
130 704
270 709
703 492
704 492
724 492
709 492
706 527
209 702
311 706
702 706
576 267
146 699
697 215
697 307
267 697
699 697
258 366
555 760
712 128
366 397
398 397
760 397
128 397
652 696
348 695
769 480
696 769
695 769
198 694
427 689
694 689
404 261
261 687
486 687
146 686
296 685
686 712
685 712
338 502
684 409
316 682
502 684
682 684
680 443
308 681
91 680
681 680
352 679
453 377
679 457
377 457
294 157
428 464
654 402
157 654
464 654
542 322
470 673
340 677
677 470
322 470
674 250
676 674
673 674
70 671
105 498
671 498
146 668
324 237
265 324
668 324
383 335
355 360
211 370
211 183
335 211
360 211
566 667
773 53
567 773
667 773
666 103
53 666
314 666
384 664
576 772
103 576
664 576
660 606
247 658
229 253
383 663
658 660
662 660
663 660
253 660
556 200
346 657
200 247
657 247
585 656
656 652
289 652
661 176
708 651
650 688
650 290
149 206
206 650
176 650
651 650
590 649
251 552
647 85
649 647
552 647
138 88
639 349
408 646
193 166
88 639
642 639
166 639
646 639
670 549
638 670
409 670
608 759
737 560
560 270
759 270
590 659
251 509
737 358
737 89
659 737
509 737
67 637
637 359
636 359
233 752
584 65
621 701
621 396
752 621
65 621
354 635
348 632
631 461
635 631
632 631
630 562
630 223
630 510
630 226
781 630
606 630
627 391
48 628
346 386
628 627
386 627
515 110
281 625
110 384
625 384
436 367
357 623
209 342
623 436
342 436
453 622
580 139
573 379
139 573
622 573
522 599
175 620
620 408
599 408
485 589
615 572
615 501
788 616
58 618
589 615
616 615
618 615
237 615
522 174
554 613
613 611
174 611
205 401
278 98
609 143
98 609
401 609
608 607
58 757
757 327
607 327
338 186
605 84
337 605
186 605
61 239
233 284
406 472
178 412
239 233
472 233
412 233
597 114
329 602
604 597
602 597
455 591
591 592
595 592
423 592
295 592
393 419
590 568
321 430
588 590
430 590
419 590
114 590
209 476
586 144
476 144
566 75
585 102
75 585
147 585
198 260
581 575
260 575
574 643
508 528
528 574
572 574
272 569
570 566
569 566
352 561
562 598
561 598
558 73
558 86
559 558
317 557
205 449
557 556
449 556
551 564
303 553
355 421
624 551
421 551
553 551
587 72
429 774
774 587
549 587
101 548
547 66
548 547
515 545
281 544
74 238
545 74
544 74
325 195
543 542
195 542
475 241
540 297
241 540
72 540
539 150
85 539
316 535
213 511
213 629
537 213
535 213
293 532
319 756
531 520
532 531
756 531
80 180
584 378
231 80
378 80
523 765
306 641
765 306
445 191
302 530
529 242
527 529
530 529
191 529
151 529
525 52
440 477
257 525
477 525
522 202
522 228
344 524
524 522
256 519
434 521
333 411
519 333
520 333
521 333
180 333
619 518
383 517
518 739
517 739
393 305
435 717
626 513
513 515
516 515
305 515
717 515
497 374
282 435
374 435
107 51
511 508
51 508
380 505
506 59
554 507
507 506
505 506
316 227
665 603
227 603
608 141
608 579
608 426
296 675
675 608
501 678
629 678
205 219
294 499
48 190
499 48
219 48
462 482
410 526
688 410
482 410
97 49
49 380
358 380
425 555
202 555
108 414
81 336
465 156
414 81
156 81
375 81
286 189
400 79
50 672
189 50
79 50
439 225
385 467
367 385
225 385
349 385
52 385
148 54
243 55
54 57
55 57
523 291
571 309
62 263
309 62
291 62
348 224
246 258
224 258
577 64
285 323
64 285
119 285
362 285
209 268
179 577
268 577
328 122
326 301
370 326
122 326
392 491
356 116
491 328
116 328
245 255
66 67
255 67
420 68
272 194
68 69
194 69
238 146
693 330
330 77
73 77
209 162
90 234
78 90
162 90
149 273
273 619
143 619
84 788
89 788
95 118
580 94
223 95
94 95
215 97
150 97
420 203
101 633
197 101
203 101
369 104
102 369
228 369
106 124
610 405
142 422
480 106
405 106
104 106
422 106
316 489
232 107
489 107
331 171
109 331
633 331
58 583
710 554
583 554
420 113
245 160
450 245
113 245
61 471
500 734
357 373
118 357
471 357
734 357
584 262
440 125
262 280
125 280
383 127
252 438
438 321
127 321
376 129
453 343
129 130
343 130
353 132
319 134
132 302
134 302
168 448
348 136
448 138
136 138
296 111
288 463
123 288
111 288
546 142
141 142
205 145
564 148
145 148
149 387
229 315
126 149
315 149
209 153
568 108
153 108
453 133
292 214
170 446
214 170
133 170
183 571
399 571
158 504
708 60
190 158
60 158
163 714
160 163
579 163
462 165
290 393
351 393
165 393
693 172
175 167
167 168
172 168
416 173
86 175
173 175
453 259
240 210
210 610
259 610
644 177
510 178
177 178
346 458
458 181
372 181
240 271
230 184
271 404
184 404
240 185
226 626
185 626
329 415
188 500
415 500
431 648
371 533
533 354
648 354
365 363
363 693
100 693
447 300
319 490
300 439
490 439
772 485
287 485
416 484
484 193
426 193
209 169
284 256
169 256
171 212
82 212
348 479
59 403
479 403
371 473
701 365
473 365
466 488
234 466
469 466
124 466
251 244
468 465
244 465
461 434
379 434
463 434
254 434
644 304
580 452
304 325
452 325
303 459
526 61
459 61
236 456
307 456
348 248
643 455
248 455
281 454
395 207
454 207
407 445
446 445
714 445
112 445
345 442
442 475
274 475
433 437
275 222
441 433
222 433
396 431
683 431
440 417
373 416
417 416
317 413
428 341
413 661
341 661
497 692
339 406
692 406
346 208
402 523
208 523
338 394
320 58
394 58
