1854 2344
0 20 40
1 7 10
2 9 6
3 6 7
4 40 30
5 6 7
6 10 7
7 30 20
8 20 30
9 40 20
10 50 20
11 10 5
12 8 6
13 9 7
14 5 8
15 20 50
16 10 7
17 8 10
18 10 9
19 50 50
20 5 7
21 9 5
22 30 30
23 5 5
24 9 7
25 5 7
26 50 40
27 6 7
28 5 10
29 7 6
30 6 5
31 7 7
32 50 50
33 40 30
34 5 7
35 7 7
36 8 5
37 30 30
38 6 7
39 6 8
40 5 10
41 30 30
42 40 30
43 9 8
44 8 9
45 9 5
46 7 5
47 9 9
48 9 9
49 7 6
50 10 9
51 9 5
52 8 6
53 20 40
54 20 40
55 30 20
56 40 30
57 8 10
58 7 7
59 20 20
60 20 50
61 9 6
62 30 30
63 8 7
64 9 6
65 9 7
66 5 9
67 8 9
68 20 40
69 50 30
70 9 8
71 7 8
72 50 20
73 20 30
74 10 6
75 9 8
76 20 40
77 50 50
78 6 5
79 5 10
80 5 10
81 8 10
82 20 40
83 10 8
84 50 50
85 7 10
86 7 9
87 50 50
88 30 20
89 6 10
90 5 5
91 9 8
92 10 9
93 9 5
94 9 6
95 6 6
96 5 10
97 50 40
98 10 9
99 20 50
100 5 5
101 40 20
102 10 5
103 40 50
104 7 9
105 8 6
106 9 8
107 30 20
108 9 9
109 10 6
110 30 20
111 9 9
112 9 7
113 50 20
114 5 9
115 8 9
116 9 10
117 30 20
118 7 10
119 5 9
120 30 50
121 6 5
122 10 9
123 8 5
124 9 8
125 40 40
126 20 40
127 30 40
128 8 8
129 30 50
130 50 40
131 10 7
132 20 30
133 40 20
134 6 6
135 7 5
136 6 10
137 20 50
138 7 10
139 9 7
140 9 8
141 5 9
142 7 5
143 5 8
144 8 7
145 30 20
146 6 10
147 8 10
148 30 20
149 20 20
150 10 10
151 8 10
152 9 7
153 8 5
154 9 7
155 7 6
156 8 5
157 6 5
158 30 20
159 5 7
160 30 40
161 50 30
162 8 7
163 5 9
164 7 7
165 5 8
166 5 8
167 5 5
168 20 50
169 5 10
170 7 10
171 7 5
172 8 5
173 50 20
174 6 7
175 8 7
176 7 7
177 9 9
178 30 20
179 8 5
180 9 6
181 6 9
182 40 40
183 6 9
184 6 8
185 7 9
186 7 5
187 8 10
188 9 10
189 6 9
190 8 6
191 5 9
192 10 9
193 30 20
194 7 6
195 7 6
196 30 30
197 20 30
198 5 7
199 7 8
200 5 8
201 5 6
202 6 10
203 6 7
204 5 5
205 5 5
206 6 5
207 8 7
208 30 50
209 30 50
210 5 7
211 50 20
212 5 8
213 7 7
214 9 8
215 7 8
216 40 20
217 9 9
218 9 8
219 5 9
220 5 7
221 8 7
222 10 10
223 5 7
224 10 6
225 10 10
226 30 40
227 8 6
228 7 10
229 5 10
230 50 30
231 20 50
232 10 10
233 9 6
234 6 5
235 5 7
236 9 6
237 30 50
238 40 20
239 7 8
240 6 6
241 8 8
242 9 8
243 9 5
244 30 20
245 9 7
246 5 9
247 30 50
248 7 5
249 10 8
250 50 20
251 20 30
252 20 50
253 30 20
254 30 30
255 7 5
256 9 9
257 40 30
258 10 10
259 6 7
260 5 8
261 7 7
262 6 6
263 30 20
264 6 6
265 40 50
266 9 6
267 10 10
268 5 9
269 6 9
270 7 8
271 20 50
272 40 30
273 30 30
274 9 6
275 5 5
276 8 8
277 10 7
278 30 50
279 5 5
280 6 5
281 7 6
282 9 9
283 6 8
284 50 30
285 8 10
286 20 50
287 10 8
288 50 20
289 6 6
290 6 6
291 9 10
292 50 20
293 5 5
294 8 6
295 9 6
296 20 40
297 5 9
298 10 7
299 50 30
300 9 10
301 10 8
302 6 7
303 6 5
304 50 30
305 5 5
306 7 5
307 7 5
308 9 7
309 9 10
310 40 30
311 5 6
312 8 10
313 9 10
314 30 40
315 6 6
316 6 7
317 7 7
318 6 8
319 10 8
320 9 8
321 20 50
322 5 7
323 20 40
324 40 50
325 20 50
326 5 7
327 40 20
328 30 40
329 8 9
330 6 7
331 9 9
332 40 20
333 9 10
334 40 20
335 50 30
336 30 20
337 6 5
338 40 30
339 6 8
340 6 9
341 6 5
342 6 6
343 8 10
344 10 9
345 10 7
346 6 10
347 8 9
348 10 6
349 5 7
350 5 8
351 10 10
352 7 5
353 20 20
354 7 10
355 50 20
356 6 9
357 50 40
358 9 7
359 50 20
360 6 8
361 5 5
362 7 7
363 9 8
364 30 30
365 30 30
366 6 10
367 9 8
368 50 50
369 7 10
370 30 50
371 20 40
372 50 20
373 7 6
374 6 9
375 5 9
376 6 10
377 9 9
378 8 10
379 10 7
380 8 7
381 10 5
382 40 50
383 50 30
384 40 20
385 7 10
386 30 40
387 20 50
388 8 10
389 10 10
390 20 30
391 40 40
392 5 8
393 20 20
394 40 50
395 40 20
396 7 9
397 5 10
398 8 10
399 10 9
400 6 10
401 8 7
402 50 50
403 7 7
404 6 9
405 7 5
406 50 20
407 20 40
408 8 9
409 50 30
410 40 50
411 8 8
412 50 40
413 10 9
414 9 7
415 20 40
416 30 20
417 9 8
418 10 5
419 8 5
420 10 7
421 30 40
422 30 50
423 9 8
424 8 9
425 10 7
426 50 50
427 30 30
428 8 5
429 9 5
430 7 9
431 9 9
432 50 50
433 30 50
434 30 40
435 7 8
436 8 7
437 8 10
438 6 7
439 7 6
440 9 6
441 5 10
442 7 5
443 8 8
444 7 5
445 7 8
446 30 50
447 30 30
448 40 50
449 5 10
450 6 6
451 8 9
452 9 7
453 6 10
454 7 8
455 8 8
456 5 10
457 6 5
458 6 10
459 7 6
460 5 8
461 10 7
462 7 9
463 7 8
464 7 10
465 10 6
466 7 8
467 9 6
468 5 7
469 6 9
470 20 50
471 10 7
472 20 40
473 9 5
474 20 50
475 7 5
476 20 50
477 7 8
478 8 9
479 7 5
480 6 8
481 6 8
482 5 5
483 20 50
484 40 20
485 10 9
486 9 6
487 7 5
488 50 50
489 40 20
490 5 5
491 8 7
492 6 7
493 8 8
494 9 6
495 50 30
496 9 5
497 10 8
498 6 5
499 7 7
500 7 5
501 6 7
502 6 6
503 5 8
504 5 7
505 10 6
506 5 5
507 5 10
508 5 6
509 6 10
510 10 10
511 30 50
512 6 7
513 20 50
514 10 7
515 9 6
516 40 20
517 6 10
518 40 20
519 10 7
520 9 6
521 50 50
522 20 30
523 5 6
524 7 6
525 30 20
526 7 7
527 30 30
528 8 7
529 50 30
530 7 9
531 7 10
532 9 5
533 9 5
534 10 6
535 40 50
536 7 9
537 10 6
538 40 20
539 6 9
540 30 30
541 9 10
542 30 20
543 10 6
544 50 20
545 8 9
546 8 7
547 50 50
548 20 40
549 10 7
550 9 9
551 8 7
552 8 5
553 5 5
554 8 6
555 5 6
556 8 10
557 9 8
558 5 10
559 10 7
560 8 5
561 20 20
562 20 50
563 50 30
564 10 8
565 7 7
566 6 6
567 9 7
568 10 5
569 8 5
570 10 6
571 6 10
572 20 40
573 30 20
574 10 10
575 50 30
576 7 6
577 8 6
578 40 30
579 7 10
580 9 6
581 7 9
582 50 30
583 30 20
584 5 6
585 20 40
586 8 9
587 6 10
588 50 20
589 50 40
590 5 8
591 8 8
592 20 30
593 8 6
594 7 5
595 5 6
596 8 7
597 9 6
598 6 6
599 8 7
600 6 10
601 9 8
602 40 40
603 5 9
604 20 40
605 20 50
606 50 50
607 9 10
608 10 8
609 20 40
610 20 30
611 40 50
612 7 9
613 20 30
614 40 20
615 8 9
616 10 10
617 50 40
618 9 5
619 30 20
620 20 40
621 9 9
622 10 5
623 50 40
624 10 5
625 6 8
626 10 10
627 9 10
628 9 7
629 40 40
630 7 9
631 6 6
632 30 20
633 40 50
634 10 8
635 7 5
636 6 5
637 8 6
638 10 6
639 6 6
640 5 6
641 5 10
642 6 8
643 9 6
644 20 50
645 8 6
646 7 6
647 8 8
648 9 8
649 30 40
650 7 5
651 9 7
652 20 40
653 5 6
654 10 10
655 40 50
656 30 30
657 8 8
658 6 10
659 6 9
660 9 5
661 8 5
662 5 10
663 5 6
664 50 20
665 40 30
666 5 5
667 8 7
668 50 20
669 20 30
670 50 40
671 10 6
672 7 10
673 20 20
674 10 10
675 50 50
676 9 7
677 30 50
678 6 5
679 6 10
680 50 30
681 6 7
682 7 8
683 8 8
684 6 6
685 6 6
686 9 7
687 5 7
688 8 6
689 9 7
690 8 7
691 30 50
692 8 10
693 9 7
694 20 20
695 5 5
696 5 9
697 8 5
698 10 8
699 30 20
700 40 20
701 6 9
702 5 6
703 50 30
704 50 20
705 6 8
706 7 10
707 50 30
708 50 50
709 9 10
710 30 30
711 30 50
712 9 7
713 9 5
714 6 9
715 5 8
716 10 9
717 10 7
718 5 9
719 9 5
720 6 10
721 30 30
722 8 5
723 9 5
724 8 8
725 10 7
726 5 10
727 5 5
728 7 5
729 9 5
730 50 40
731 8 6
732 8 8
733 30 20
734 10 10
735 20 30
736 7 6
737 7 8
738 5 8
739 50 40
740 10 7
741 8 9
742 30 40
743 8 10
744 8 9
745 20 40
746 5 9
747 8 7
748 8 8
749 50 50
750 7 5
751 7 7
752 8 7
753 5 6
754 6 8
755 8 7
756 10 6
757 5 10
758 50 40
759 7 5
760 8 7
761 7 6
762 9 8
763 9 7
764 7 5
765 7 5
766 7 5
767 20 40
768 9 5
769 10 5
770 50 30
771 7 8
772 6 6
773 5 6
774 30 50
775 6 5
776 30 20
777 8 9
778 7 8
779 10 7
780 8 6
781 50 30
782 10 8
783 5 10
784 30 20
785 20 50
786 8 9
787 8 10
788 7 10
789 30 40
790 8 7
791 20 50
792 10 5
793 50 20
794 8 9
795 10 10
796 9 6
797 10 6
798 30 50
799 30 50
800 7 5
801 20 30
802 7 10
803 7 8
804 40 50
805 10 7
806 20 40
807 50 20
808 10 6
809 20 20
810 5 9
811 30 30
812 6 10
813 6 6
814 9 6
815 5 8
816 10 10
817 30 30
818 40 50
819 20 20
820 7 9
821 9 9
822 30 50
823 40 40
824 6 10
825 30 20
826 6 6
827 6 10
828 5 7
829 10 7
830 40 40
831 6 6
832 8 7
833 5 10
834 7 8
835 8 5
836 6 10
837 7 6
838 7 9
839 30 50
840 6 8
841 5 9
842 5 8
843 5 10
844 8 7
845 7 6
846 9 5
847 9 7
848 9 10
849 10 5
850 5 8
851 7 6
852 9 7
853 50 30
854 8 8
855 40 50
856 50 50
857 7 9
858 9 10
859 7 8
860 8 10
861 7 10
862 20 20
863 7 9
864 6 8
865 7 7
866 10 8
867 7 9
868 40 30
869 9 8
870 7 9
871 5 5
872 7 9
873 6 10
874 8 8
875 7 6
876 6 7
877 30 40
878 50 50
879 5 9
880 9 7
881 40 20
882 30 30
883 5 5
884 7 6
885 50 50
886 20 30
887 20 30
888 9 8
889 5 7
890 9 9
891 6 9
892 6 7
893 9 10
894 30 40
895 30 40
896 50 30
897 7 6
898 9 10
899 5 8
900 8 9
901 50 40
902 8 6
903 9 7
904 7 6
905 7 9
906 6 5
907 7 9
908 9 9
909 40 50
910 8 7
911 6 6
912 50 40
913 10 8
914 30 50
915 5 5
916 9 6
917 40 50
918 7 7
919 40 40
920 7 10
921 8 8
922 40 50
923 20 20
924 30 40
925 5 10
926 10 6
927 50 30
928 5 7
929 7 5
930 5 6
931 8 10
932 10 7
933 10 8
934 40 50
935 8 9
936 30 30
937 7 5
938 7 8
939 50 50
940 8 8
941 8 9
942 30 30
943 20 30
944 9 10
945 30 40
946 9 5
947 10 8
948 50 30
949 50 40
950 6 10
951 5 7
952 9 5
953 20 40
954 20 20
955 10 9
956 20 30
957 10 7
958 8 6
959 6 9
960 6 5
961 6 9
962 8 8
963 7 10
964 10 7
965 6 8
966 6 10
967 5 5
968 10 10
969 10 8
970 40 40
971 10 5
972 8 5
973 8 10
974 5 7
975 10 9
976 30 40
977 8 8
978 9 9
979 6 6
980 8 5
981 5 6
982 40 50
983 5 7
984 9 8
985 9 7
986 6 6
987 20 40
988 9 8
989 9 6
990 50 50
991 8 10
992 10 6
993 10 8
994 10 5
995 9 6
996 30 20
997 40 30
998 5 6
999 30 50
1000 6 8
1001 6 6
1002 7 5
1003 6 8
1004 40 20
1005 30 50
1006 9 7
1007 5 9
1008 7 7
1009 7 10
1010 8 7
1011 6 9
1012 5 9
1013 9 7
1014 8 6
1015 10 9
1016 7 8
1017 6 8
1018 6 8
1019 50 40
1020 5 8
1021 9 6
1022 20 20
1023 30 30
1024 30 30
1025 9 10
1026 6 9
1027 9 8
1028 6 9
1029 5 7
1030 40 50
1031 7 8
1032 40 20
1033 5 9
1034 5 7
1035 9 9
1036 8 8
1037 20 30
1038 10 6
1039 5 9
1040 30 50
1041 5 9
1042 9 6
1043 9 6
1044 50 30
1045 50 40
1046 8 10
1047 7 9
1048 9 5
1049 30 50
1050 7 9
1051 40 20
1052 8 8
1053 10 7
1054 50 30
1055 6 8
1056 9 6
1057 5 10
1058 10 8
1059 5 9
1060 10 8
1061 6 6
1062 10 9
1063 30 50
1064 9 9
1065 8 7
1066 9 10
1067 9 9
1068 7 9
1069 10 10
1070 9 6
1071 40 30
1072 50 30
1073 8 10
1074 8 8
1075 20 30
1076 8 10
1077 8 10
1078 10 5
1079 9 8
1080 5 10
1081 6 7
1082 7 5
1083 40 30
1084 20 30
1085 9 7
1086 40 30
1087 6 9
1088 30 40
1089 5 7
1090 8 5
1091 6 6
1092 9 7
1093 10 7
1094 40 50
1095 50 20
1096 9 6
1097 9 5
1098 40 50
1099 20 50
1100 9 5
1101 9 6
1102 9 8
1103 6 10
1104 40 50
1105 8 8
1106 6 9
1107 50 40
1108 9 10
1109 8 6
1110 5 7
1111 5 10
1112 6 9
1113 7 7
1114 10 5
1115 6 6
1116 8 10
1117 9 7
1118 7 6
1119 7 5
1120 10 10
1121 6 7
1122 9 10
1123 5 10
1124 5 7
1125 7 5
1126 7 9
1127 7 5
1128 20 40
1129 10 8
1130 30 50
1131 5 6
1132 7 10
1133 7 8
1134 7 10
1135 10 5
1136 10 5
1137 7 8
1138 9 7
1139 9 10
1140 8 9
1141 9 10
1142 7 10
1143 10 7
1144 5 7
1145 40 40
1146 7 5
1147 10 6
1148 30 40
1149 7 5
1150 9 6
1151 7 5
1152 7 9
1153 10 6
1154 5 6
1155 6 8
1156 7 5
1157 8 10
1158 10 6
1159 7 5
1160 5 7
1161 7 9
1162 5 6
1163 50 50
1164 9 5
1165 5 7
1166 10 5
1167 8 9
1168 20 50
1169 6 10
1170 10 10
1171 7 6
1172 40 50
1173 9 5
1174 40 30
1175 8 5
1176 50 50
1177 7 10
1178 8 8
1179 8 10
1180 9 10
1181 7 10
1182 8 10
1183 7 6
1184 7 8
1185 8 6
1186 6 7
1187 6 5
1188 9 9
1189 7 8
1190 10 7
1191 10 7
1192 6 10
1193 9 6
1194 8 10
1195 7 10
1196 7 5
1197 6 10
1198 10 6
1199 10 9
1200 8 7
1201 10 10
1202 10 7
1203 6 5
1204 40 20
1205 10 9
1206 20 30
1207 6 9
1208 7 7
1209 50 30
1210 50 40
1211 8 5
1212 50 30
1213 30 40
1214 8 6
1215 8 9
1216 5 6
1217 6 10
1218 5 5
1219 8 5
1220 20 50
1221 6 9
1222 30 30
1223 10 9
1224 9 5
1225 20 30
1226 50 50
1227 20 40
1228 8 5
1229 5 10
1230 10 9
1231 6 9
1232 5 6
1233 7 6
1234 9 9
1235 8 10
1236 40 30
1237 6 7
1238 8 7
1239 50 20
1240 5 10
1241 8 7
1242 9 8
1243 40 30
1244 30 50
1245 9 7
1246 50 40
1247 9 8
1248 8 7
1249 9 7
1250 5 6
1251 7 6
1252 10 5
1253 6 5
1254 30 50
1255 30 30
1256 9 5
1257 10 8
1258 9 6
1259 5 8
1260 10 7
1261 8 9
1262 7 10
1263 9 7
1264 6 5
1265 7 10
1266 7 7
1267 10 6
1268 30 20
1269 10 7
1270 9 7
1271 40 40
1272 50 40
1273 6 10
1274 20 40
1275 8 5
1276 8 7
1277 8 10
1278 9 6
1279 8 9
1280 10 8
1281 5 5
1282 40 50
1283 7 5
1284 10 9
1285 5 6
1286 40 40
1287 8 5
1288 50 50
1289 40 30
1290 5 10
1291 8 10
1292 9 6
1293 40 50
1294 30 30
1295 30 40
1296 40 20
1297 10 6
1298 5 6
1299 8 10
1300 6 6
1301 50 40
1302 50 50
1303 5 10
1304 5 7
1305 8 6
1306 8 5
1307 10 10
1308 5 8
1309 8 8
1310 10 7
1311 40 40
1312 9 8
1313 5 6
1314 5 6
1315 5 5
1316 6 10
1317 50 30
1318 50 20
1319 8 5
1320 10 8
1321 5 6
1322 50 50
1323 5 10
1324 20 30
1325 10 6
1326 10 5
1327 5 9
1328 20 20
1329 20 50
1330 40 40
1331 30 40
1332 40 30
1333 5 7
1334 40 30
1335 7 10
1336 50 30
1337 30 20
1338 5 5
1339 8 10
1340 10 6
1341 50 20
1342 7 6
1343 20 50
1344 50 20
1345 10 7
1346 9 8
1347 8 7
1348 20 50
1349 5 5
1350 6 6
1351 9 6
1352 20 40
1353 5 5
1354 20 20
1355 5 6
1356 30 20
1357 40 40
1358 50 50
1359 6 5
1360 5 6
1361 50 20
1362 8 5
1363 50 20
1364 6 7
1365 5 10
1366 10 6
1367 5 8
1368 7 10
1369 8 7
1370 6 10
1371 5 7
1372 9 10
1373 7 6
1374 7 10
1375 10 6
1376 5 5
1377 7 7
1378 5 6
1379 9 6
1380 20 50
1381 30 30
1382 20 20
1383 10 5
1384 9 7
1385 20 40
1386 50 40
1387 9 7
1388 10 9
1389 8 7
1390 8 5
1391 10 6
1392 9 7
1393 5 9
1394 50 40
1395 9 7
1396 10 6
1397 50 40
1398 9 10
1399 20 40
1400 7 5
1401 6 9
1402 8 9
1403 30 40
1404 9 9
1405 5 8
1406 5 10
1407 5 8
1408 7 6
1409 9 10
1410 20 30
1411 20 50
1412 6 5
1413 7 5
1414 6 6
1415 30 30
1416 6 7
1417 9 6
1418 7 6
1419 30 40
1420 50 30
1421 7 6
1422 10 10
1423 40 50
1424 40 30
1425 10 5
1426 40 20
1427 20 20
1428 10 10
1429 20 30
1430 50 20
1431 7 6
1432 7 9
1433 50 30
1434 8 9
1435 9 8
1436 20 20
1437 10 6
1438 30 30
1439 20 20
1440 30 20
1441 20 30
1442 9 9
1443 20 50
1444 5 7
1445 8 9
1446 10 9
1447 50 40
1448 30 50
1449 20 20
1450 20 50
1451 40 40
1452 9 10
1453 8 8
1454 5 6
1455 6 7
1456 7 9
1457 6 8
1458 6 5
1459 9 8
1460 50 40
1461 6 10
1462 5 10
1463 30 20
1464 7 6
1465 30 50
1466 50 50
1467 8 8
1468 9 5
1469 40 50
1470 40 50
1471 9 6
1472 50 20
1473 40 40
1474 6 8
1475 40 40
1476 10 6
1477 40 30
1478 8 8
1479 50 30
1480 5 10
1481 5 5
1482 7 5
1483 10 10
1484 8 10
1485 5 9
1486 8 6
1487 6 9
1488 8 9
1489 5 10
1490 9 10
1491 40 40
1492 10 7
1493 7 10
1494 8 7
1495 6 8
1496 10 8
1497 7 5
1498 50 20
1499 6 6
1500 40 40
1501 7 8
1502 7 9
1503 5 5
1504 10 8
1505 9 7
1506 8 5
1507 7 5
1508 50 50
1509 50 40
1510 30 30
1511 40 50
1512 9 5
1513 10 9
1514 50 40
1515 20 50
1516 10 6
1517 50 20
1518 9 6
1519 6 5
1520 7 7
1521 40 20
1522 6 8
1523 6 9
1524 8 8
1525 30 50
1526 30 30
1527 20 50
1528 5 6
1529 6 6
1530 40 30
1531 10 9
1532 30 50
1533 50 40
1534 40 20
1535 10 7
1536 10 10
1537 20 50
1538 6 8
1539 9 8
1540 40 50
1541 50 50
1542 8 10
1543 6 6
1544 8 9
1545 20 50
1546 40 40
1547 9 7
1548 6 7
1549 10 6
1550 5 6
1551 5 7
1552 10 10
1553 20 50
1554 7 8
1555 30 30
1556 30 20
1557 6 10
1558 9 9
1559 9 9
1560 5 5
1561 8 6
1562 8 5
1563 9 7
1564 30 50
1565 20 50
1566 7 5
1567 20 30
1568 6 7
1569 8 9
1570 5 9
1571 20 40
1572 6 9
1573 30 40
1574 50 30
1575 9 5
1576 8 9
1577 50 30
1578 6 5
1579 30 30
1580 8 5
1581 6 9
1582 8 10
1583 20 50
1584 40 30
1585 9 10
1586 8 5
1587 7 8
1588 6 5
1589 8 6
1590 6 10
1591 20 40
1592 5 6
1593 30 50
1594 50 30
1595 9 9
1596 5 10
1597 8 9
1598 5 5
1599 5 9
1600 30 40
1601 8 10
1602 5 5
1603 7 7
1604 10 6
1605 8 9
1606 9 9
1607 6 5
1608 9 10
1609 5 10
1610 10 10
1611 10 10
1612 40 20
1613 9 5
1614 10 8
1615 8 8
1616 50 50
1617 9 7
1618 20 20
1619 20 50
1620 6 7
1621 8 6
1622 6 8
1623 9 9
1624 9 8
1625 40 50
1626 8 9
1627 30 20
1628 40 20
1629 6 10
1630 8 6
1631 8 7
1632 8 8
1633 10 8
1634 7 7
1635 5 8
1636 50 40
1637 20 40
1638 9 6
1639 8 6
1640 30 40
1641 9 7
1642 8 7
1643 9 6
1644 7 6
1645 40 40
1646 9 5
1647 6 6
1648 5 5
1649 10 8
1650 9 5
1651 6 5
1652 50 50
1653 6 7
1654 7 5
1655 7 5
1656 8 7
1657 7 8
1658 20 20
1659 20 20
1660 6 6
1661 7 7
1662 6 9
1663 5 6
1664 5 6
1665 20 40
1666 5 8
1667 7 8
1668 8 9
1669 9 6
1670 10 6
1671 10 10
1672 20 30
1673 40 50
1674 30 20
1675 50 40
1676 20 50
1677 9 6
1678 10 8
1679 5 9
1680 9 6
1681 5 6
1682 5 5
1683 40 40
1684 9 6
1685 6 10
1686 7 10
1687 10 8
1688 7 8
1689 6 9
1690 20 30
1691 30 50
1692 10 6
1693 6 9
1694 8 6
1695 30 50
1696 7 8
1697 9 7
1698 9 6
1699 40 50
1700 50 30
1701 5 6
1702 10 9
1703 5 6
1704 5 6
1705 5 8
1706 6 6
1707 10 7
1708 6 5
1709 10 6
1710 5 8
1711 9 6
1712 5 8
1713 8 9
1714 8 9
1715 5 6
1716 30 20
1717 8 9
1718 30 20
1719 7 6
1720 10 6
1721 10 8
1722 9 7
1723 40 30
1724 5 7
1725 10 10
1726 5 7
1727 9 6
1728 8 8
1729 5 6
1730 8 10
1731 20 30
1732 8 7
1733 7 6
1734 8 9
1735 8 7
1736 6 5
1737 5 10
1738 10 9
1739 9 6
1740 6 6
1741 9 9
1742 9 8
1743 7 8
1744 10 7
1745 9 7
1746 30 30
1747 5 6
1748 5 9
1749 50 20
1750 30 40
1751 8 10
1752 7 6
1753 50 20
1754 20 50
1755 10 9
1756 8 5
1757 40 30
1758 8 8
1759 7 10
1760 20 40
1761 40 40
1762 30 50
1763 50 40
1764 6 7
1765 20 30
1766 10 7
1767 9 9
1768 40 20
1769 30 40
1770 10 5
1771 40 40
1772 9 6
1773 50 20
1774 7 8
1775 9 10
1776 5 9
1777 40 40
1778 10 6
1779 7 10
1780 6 6
1781 30 50
1782 20 30
1783 5 7
1784 5 5
1785 50 50
1786 10 8
1787 50 50
1788 8 6
1789 7 6
1790 9 7
1791 9 9
1792 30 30
1793 50 20
1794 8 5
1795 30 50
1796 50 20
1797 5 9
1798 5 8
1799 7 6
1800 9 8
1801 10 5
1802 30 30
1803 8 10
1804 10 5
1805 9 6
1806 5 9
1807 7 10
1808 5 6
1809 8 10
1810 40 20
1811 20 30
1812 10 8
1813 20 20
1814 20 40
1815 20 20
1816 8 5
1817 30 50
1818 6 7
1819 5 8
1820 40 40
1821 5 8
1822 10 8
1823 6 6
1824 5 5
1825 30 50
1826 5 9
1827 8 9
1828 30 40
1829 40 40
1830 7 7
1831 6 10
1832 5 6
1833 50 20
1834 9 10
1835 30 40
1836 7 9
1837 40 20
1838 6 9
1839 9 10
1840 20 50
1841 40 50
1842 20 30
1843 7 5
1844 10 9
1845 8 8
1846 30 20
1847 50 30
1848 20 30
1849 30 50
1850 5 8
1851 40 40
1852 8 5
1853 20 40
1002 1
1078 0
2 110
2 1634
0 2
1 2
811 492
690 1191
3 781
3 1382
3 1102
1191 3
492 3
131 5
1254 4
6 626
4 6
5 6
557 293
164 1852
1720 7
527 483
293 164
483 164
7 164
690 9
786 8
854 36
854 231
854 1780
854 418
854 1488
854 1275
854 894
854 1122
854 951
8 854
9 854
1225 11
12 1383
12 1194
1076 10
812 1785
11 12
1785 12
10 12
13 1762
13 728
928 1251
1251 13
15 334
315 1584
1525 14
1699 1317
1584 15
1317 15
14 15
25 16
17 498
16 17
19 788
252 18
1046 1818
1818 19
18 19
988 872
1375 1289
615 214
508 20
1289 988
214 988
20 988
1822 140
1822 1768
889 800
800 1822
23 506
23 1264
1663 21
1835 22
21 23
22 23
1445 24
793 1303
25 63
1303 25
24 25
1252 1228
559 26
27 265
1228 27
26 27
29 485
628 102
1460 28
28 29
102 29
684 32
31 266
424 30
641 1106
1325 1434
32 31
30 31
1434 31
1106 31
1445 33
1771 827
33 1771
1242 320
1200 35
1718 589
1073 34
35 1242
589 1242
34 1242
37 964
194 1791
1160 354
1791 37
36 37
354 37
1188 38
1445 1320
1445 326
38 1445
39 364
39 542
1492 402
543 727
727 39
402 39
973 41
1203 40
42 814
40 42
41 42
753 43
535 999
44 497
43 44
999 44
1369 441
613 1744
1816 1362
1608 45
1744 1369
1362 1369
45 1369
47 829
47 916
47 1377
47 1154
47 536
1078 46
46 47
48 150
48 597
48 242
48 602
544 395
395 48
436 425
358 49
49 436
991 1520
506 991
1427 1150
1234 289
1306 50
289 1427
50 1427
1759 76
1759 388
1759 1404
1759 617
1759 1535
1759 1396
1759 1352
1759 1270
1759 1134
1759 564
1759 301
1759 1021
1759 1068
1759 1043
1759 966
1759 670
1759 631
1759 840
819 1443
1443 1759
825 51
1238 979
1238 1260
51 1238
53 699
53 741
881 52
52 53
174 463
1301 54
360 382
463 360
54 360
385 56
527 55
58 1851
1218 57
57 58
55 58
56 58
62 879
937 61
563 59
1749 60
61 62
59 62
60 62
166 1113
166 675
166 1677
63 166
770 64
1078 997
65 473
65 257
997 65
64 65
770 1539
770 795
1429 66
1594 1776
66 770
1776 770
1188 185
1188 1840
1188 871
1188 530
548 432
432 1188
943 1738
943 1292
1492 67
552 68
67 943
68 943
610 149
147 70
509 69
1407 985
70 610
985 610
69 610
482 71
1005 175
1036 1280
175 1036
71 1036
74 1210
131 73
1775 72
72 74
73 74
1435 75
1747 668
1455 77
77 75
77 771
77 1747
1023 78
1119 1137
79 960
78 79
1137 79
217 80
952 759
80 952
332 119
332 376
332 272
332 1162
1523 598
598 332
1569 81
812 82
83 1587
81 83
82 83
85 858
85 298
85 311
85 1422
690 84
84 85
89 1049
775 88
905 86
232 87
88 89
86 89
87 89
1278 976
90 1215
976 90
528 1615
1642 91
443 92
91 528
92 528
94 762
94 519
443 93
93 94
1448 1048
505 138
95 1272
1048 95
138 95
995 96
97 1308
96 97
979 97
100 623
1678 99
1561 98
98 100
99 100
527 103
391 101
104 1613
101 104
103 104
747 105
105 690
107 192
1657 106
106 107
638 1276
590 108
587 109
108 638
109 638
978 737
1484 1323
358 111
111 1484
737 1484
110 1484
430 303
112 1047
303 112
114 1830
114 1828
114 1590
114 1398
114 510
1472 113
113 114
117 1313
452 115
889 116
115 117
116 117
206 1717
695 118
120 1028
119 120
118 120
1717 120
136 121
1041 1471
122 1701
122 1147
122 421
122 583
122 864
1471 122
121 122
422 1474
123 540
123 696
1474 123
1789 917
613 124
1668 125
124 1789
125 1789
128 1817
616 127
1492 645
933 126
127 128
645 128
126 128
1166 1269
129 361
1245 1563
1658 1282
1269 129
1282 129
1563 129
131 1542
131 1532
131 1506
131 863
1225 286
812 130
130 131
286 131
1061 132
133 1467
132 133
1500 134
186 459
1699 204
1699 215
1699 1764
1699 1250
1699 1224
1699 255
459 1699
134 1699
136 1335
136 680
136 867
1425 135
135 136
1456 1410
657 1042
745 1564
137 954
1564 137
1410 137
1042 137
1477 139
1472 1680
139 1472
141 209
140 141
1225 245
613 296
613 1452
613 1591
613 1412
613 1530
613 1833
613 1457
613 551
1638 618
812 1665
694 142
142 613
245 613
1665 613
618 613
1835 1069
1835 1372
881 143
143 1835
1440 144
381 1170
381 1745
144 381
903 145
146 1363
145 146
739 605
605 147
1293 1446
897 148
1333 738
496 1072
1072 1333
149 1333
148 1333
1446 1333
151 491
151 659
151 726
150 151
1113 151
841 152
153 345
153 412
152 153
925 1296
925 346
858 925
155 1022
371 1092
1492 154
1505 1741
1092 155
1741 155
154 155
156 1370
156 1464
156 1064
156 490
1359 1805
1805 156
348 157
1206 1794
158 1753
1794 158
157 158
1650 877
1263 159
643 160
161 1008
160 161
159 161
877 161
807 163
464 162
1213 1479
162 1213
163 1213
1625 1848
539 285
539 306
1848 539
167 658
167 241
167 1612
1575 165
165 167
1523 168
404 169
170 368
170 1133
168 170
169 170
1082 171
786 172
173 1821
173 599
171 173
172 173
748 934
452 207
934 452
174 689
1399 317
1187 635
781 174
317 174
635 174
1616 920
176 1379
920 176
1547 177
1341 1364
1341 1347
177 1341
658 1341
515 1724
178 1038
1724 178
201 1240
1129 179
179 201
1382 201
183 1595
1514 182
1375 181
776 180
182 183
180 183
181 183
419 656
184 1153
184 1233
656 184
185 186
955 1577
955 1574
955 1324
955 1030
1329 962
962 955
189 592
1492 188
1138 187
187 189
188 189
560 190
1082 651
1357 1674
190 1357
651 1357
206 1181
405 375
375 206
835 191
531 501
191 531
192 531
1638 865
694 789
1076 1570
789 1076
865 1076
1849 193
838 763
194 1512
194 808
194 248
763 194
193 194
1736 230
1708 195
521 373
195 521
230 521
1184 196
1847 197
804 336
196 804
197 804
1407 198
1169 1232
750 866
1232 750
198 750
701 1645
396 565
199 1842
1645 199
565 199
807 1332
807 246
807 1219
807 1760
1170 807
809 200
202 1237
202 856
200 202
205 1176
315 203
203 205
204 205
208 218
207 208
209 208
1128 439
469 210
211 1223
210 211
439 211
212 503
1363 212
1081 1409
1074 213
213 1081
215 1081
281 216
216 217
550 972
220 1014
775 219
219 220
218 220
972 220
223 1837
223 837
223 1149
223 780
1073 222
516 221
221 223
222 223
909 224
978 225
1653 1402
1653 1507
1653 1511
1653 940
1653 1027
224 1653
225 1653
371 1148
1853 1349
1701 1853
1148 1853
1849 1510
1849 1165
1852 1849
1851 1849
611 1286
468 847
1286 1847
847 1847
1329 1451
1329 479
371 1136
1136 1329
1578 517
1846 1344
1846 766
517 1846
1681 1843
231 1638
1843 1638
810 1832
810 1733
810 1603
810 1338
810 398
1500 1841
1841 810
253 446
958 1782
958 1700
958 591
958 399
446 958
1840 958
784 431
1207 447
431 1207
1197 1515
1197 941
1197 913
1258 1839
1839 1197
1836 1580
1084 649
1837 1836
649 1836
1831 1742
745 1656
760 1834
1832 1831
1834 1831
1656 1831
1128 601
1830 1128
1370 1128
993 1035
1129 575
1211 1735
254 1829
1680 1211
1829 1211
1035 1211
575 1211
657 1684
657 956
1828 657
811 815
337 1433
337 969
815 337
1385 262
664 292
1827 868
262 1827
292 1827
1103 953
1234 1380
1234 1417
953 1234
1354 989
1743 1576
736 1180
1637 1731
1183 1826
1826 1637
1180 1637
1576 1637
989 1637
1315 1437
1220 1823
1536 1141
1437 1536
1823 1536
547 555
837 547
824 1579
1820 1168
1820 1019
1821 1820
1579 1820
1046 1819
1089 1391
1817 1816
1819 1816
1391 1816
1177 963
1754 1067
811 1815
1815 1177
1067 1177
424 383
655 1814
1619 291
1814 1619
383 1619
1748 1813
270 475
1812 234
1812 834
1813 1812
475 1812
516 1330
516 1772
1517 1811
1811 516
487 1336
487 797
487 1439
487 640
1187 1032
1032 487
1543 226
1543 1236
345 1543
1809 1605
1718 1173
435 1711
1711 1809
1173 1809
684 1469
1492 1808
1804 1646
1469 1804
1808 1804
1071 1802
252 1644
1802 252
803 1502
803 1478
803 1227
675 803
1075 1845
424 423
1281 1214
1214 1075
423 1075
1801 1730
1801 1714
1801 1431
1801 677
792 1739
1739 1801
1073 481
1073 284
1073 1462
812 1799
1799 1073
704 1797
903 1649
1797 903
1796 1126
1796 965
1796 264
560 1713
1713 1796
1629 1453
1629 1172
930 1096
1693 1039
1096 1629
1039 1629
1492 852
881 1795
1795 1407
852 1407
751 1793
1790 621
1793 1790
1218 1792
1516 1788
1460 806
1792 1460
1788 1460
843 1787
1784 407
1787 1784
1643 378
1643 861
1335 1643
520 1757
563 321
563 434
1782 563
1757 563
729 1559
644 1355
1355 729
1780 729
767 1598
1449 883
749 251
1598 749
883 749
937 823
1318 1123
1123 937
1779 853
1374 1583
296 1779
1583 1779
1664 1715
1281 1065
407 1715
407 1281
407 1778
851 986
986 419
561 1825
673 1767
637 1343
1775 1163
1343 1775
1767 1775
1825 1775
568 1732
1773 931
1732 1773
413 1596
984 1770
1749 844
1770 1749
1596 1749
1078 1526
1059 1554
1059 1424
1059 1132
1526 1059
1320 1059
1519 1769
1769 736
1245 1496
1245 636
1257 1534
1534 1245
710 351
1844 1273
351 1844
1590 1844
1765 1687
809 1766
1768 1765
1766 1765
923 433
1578 1586
1764 923
1586 923
1464 923
910 1003
1616 229
1616 661
1003 1616
1761 1485
1762 1761
418 1761
1657 1633
470 1342
1633 470
338 624
1548 648
1371 359
359 1548
624 1548
1022 1548
1311 1389
817 1786
1758 277
1786 1758
1389 1758
1494 554
1494 1631
1494 1291
1147 1494
1546 1756
1755 593
481 1755
1756 1755
1754 256
1519 1351
1351 1754
1249 1618
1704 328
1704 429
1618 1704
1753 1704
401 1751
527 1480
1750 574
1480 1750
1751 1750
876 1051
1051 1748
1508 1639
226 336
226 1746
226 1508
748 1688
1337 1156
639 1632
1688 639
1156 639
1745 1693
1064 1693
1743 627
1743 1295
1743 830
829 1743
1058 1740
644 389
389 505
1740 505
554 1293
1738 1293
1452 1293
1736 1660
685 1783
527 1737
1783 1736
1737 1736
543 932
1734 513
932 1734
1824 1716
1824 1558
1824 888
1733 1824
1781 693
1781 1131
1730 1781
680 1781
1551 765
725 312
946 1405
765 725
868 725
1405 725
935 1729
1729 701
556 1727
1726 400
1726 742
1727 1726
1130 250
527 1725
1631 637
1725 637
250 637
1476 1723
1722 1636
1723 1722
1304 681
473 1304
1627 1721
666 1719
1339 632
1716 1339
1554 1339
1721 1339
1719 1339
1544 461
472 1706
461 472
1608 777
647 1400
1670 1666
1400 1670
777 1670
391 1259
1714 391
1428 562
1712 514
562 1712
1678 1710
552 455
1710 552
792 1345
786 1709
1708 541
1709 1708
1345 1708
330 1707
704 1256
1707 704
1703 249
1340 1705
1483 1509
1705 1703
1380 1703
1509 1703
1625 1482
1502 1625
825 720
825 529
535 1702
1702 825
1698 493
1698 1752
627 1698
1375 1697
1277 1202
1697 1277
1520 1277
1678 1696
1694 608
1559 1694
1696 1694
1485 1694
845 977
1082 1691
1262 682
1691 1262
977 1262
553 1689
716 1013
629 1097
1013 629
1689 629
314 1686
1685 669
1686 1685
776 1489
1684 776
1025 604
1611 325
604 1611
970 1682
1682 1681
1646 1681
1678 1466
1118 1679
1679 1678
1675 983
1675 944
782 1527
1225 1676
1676 1675
1527 1675
1519 724
1519 1083
1519 1209
824 1659
1659 1519
1005 768
1218 1671
1674 1005
1671 1005
851 1454
1454 251
1454 992
1454 1668
978 1667
1364 1664
1667 1664
465 678
1388 1661
898 949
678 898
1661 898
1658 1066
1660 1658
1246 758
921 379
1244 1139
1004 1164
1164 1244
758 1244
379 1244
1116 502
1116 343
493 1116
1654 534
945 526
526 1654
641 572
1212 712
1652 625
712 1652
572 1652
1651 273
676 1810
320 1651
1810 1651
1580 1651
1648 772
1649 1648
1647 1179
590 350
274 1418
350 1647
1418 1647
897 362
1225 1641
1639 897
1644 897
1641 897
392 700
1007 887
1007 319
876 1635
1026 582
700 1007
1635 1007
582 1007
1628 707
1634 1628
1632 1628
1626 480
1038 1626
1623 403
889 1624
1624 1623
535 445
1622 586
445 1622
1033 1617
1610 1334
1613 1610
1617 1610
1615 1610
1260 1608
733 1606
1604 594
1240 1604
1606 1604
1600 416
1700 1600
1603 1600
1594 719
1594 1052
1594 1299
253 1018
1018 1594
1673 1199
931 1673
1025 278
961 1321
961 974
278 961
1592 1524
1153 1592
754 1442
633 671
1591 754
671 754
556 1531
335 1589
1589 561
1531 561
1318 466
717 1365
867 717
466 717
760 1588
1493 1585
315 1326
315 1175
1588 315
1585 315
798 761
540 798
1495 818
1582 850
818 1582
788 1582
500 1475
929 1581
1581 500
1577 500
1368 261
869 1572
1572 1368
1542 1368
1574 1368
1571 833
1176 1571
1479 1571
587 406
1169 1274
699 1169
406 1169
1570 1569
620 1568
1420 1566
1621 1107
614 1565
1565 1621
1568 1621
1566 1621
1490 918
939 1562
1562 1490
916 1490
1247 842
1070 895
842 1070
793 1294
1294 978
871 978
948 1560
957 1302
1560 957
1324 957
1807 1555
1538 1552
1552 1551
1558 1551
1555 1551
1541 1196
1541 1037
587 1545
733 1550
1550 1541
1545 1541
1413 1692
1379 1413
1561 735
1126 1561
577 1540
477 1111
1540 716
724 716
1111 716
330 1838
1838 843
1538 1426
1538 688
1539 1538
1218 1537
1537 1388
900 1024
1609 757
1401 1229
1229 1024
1229 1609
1229 816
1199 841
353 1444
1601 1529
1529 353
1532 353
376 353
1524 1476
1523 341
1523 1040
887 1523
1163 1523
1190 1518
1518 1514
1515 1514
911 1208
282 1513
1513 911
1512 911
821 1080
1504 1327
1510 1504
1080 1504
1268 1499
1499 1495
1496 1495
1493 755
793 1117
1117 1493
1491 1017
1742 1491
416 1491
1578 1486
1488 1483
1486 1483
1456 1481
1278 523
523 1449
1482 1449
1481 1449
1597 990
1478 1597
1077 1473
1620 410
1475 1620
1473 1620
405 1470
1465 1501
571 1468
1466 1465
1470 1465
1468 1465
1025 1463
1250 876
1463 876
821 706
1161 1461
1461 1263
706 1263
454 1458
1456 1806
1456 295
1458 1456
1455 665
759 1455
775 1630
1423 683
1630 1423
1453 1423
405 1450
1450 1448
1451 1448
866 1448
1112 1193
1441 1109
1442 1441
1444 1441
1193 1441
1440 512
1440 996
1440 862
888 1440
237 1438
1438 1435
1500 580
580 909
987 769
987 642
773 1432
1431 987
1433 987
1432 987
318 1430
1430 1428
1421 1241
1426 1421
1424 1421
1217 1360
1419 299
1146 924
249 1419
924 1419
1360 1419
1179 1419
1319 1186
1319 352
1319 831
1069 1319
901 1222
1416 415
1222 1416
433 1416
1414 1310
1414 922
824 1415
1415 1414
1198 1159
1061 1411
1411 1198
1409 1198
1695 1408
1408 1500
1803 1763
290 1669
365 1406
1406 1803
1669 1803
805 1403
1402 559
1806 559
1403 559
1233 1401
232 390
512 232
1398 232
443 1192
527 1397
1397 443
1174 674
839 1553
1553 1107
1553 1174
1553 820
1393 566
607 460
509 1394
801 1395
460 1393
1395 1393
1394 1393
1390 1216
628 324
739 1392
324 1390
1392 1390
1385 873
1130 1386
845 1498
1498 1385
1386 1385
1381 1316
1381 444
621 1381
1383 1381
371 327
971 1378
1378 371
474 1376
1376 835
895 835
451 743
1605 1374
743 1374
1334 1371
1372 1371
1367 450
1412 1367
850 1367
1366 363
1692 1366
1361 228
628 1356
1088 1158
1356 1361
597 1361
1158 1361
1365 1361
298 1354
965 1354
709 1607
1350 886
1350 703
772 1607
772 1307
772 1350
809 1151
809 697
1578 1087
1087 809
1231 1152
1349 1231
941 1231
1103 1348
1348 1642
1328 1533
256 1328
1677 464
801 1346
1346 1340
1344 1340
314 1614
229 314
1338 1337
967 890
1336 967
533 522
533 427
1332 533
550 1331
1226 260
260 451
1331 451
628 456
1330 282
456 282
1085 884
845 1322
1326 1085
1322 1085
1321 1318
1315 1063
693 1315
1316 1315
1278 1312
1313 1311
1312 1311
1492 1387
1492 462
1310 1492
405 692
692 274
1309 1205
838 437
812 1182
886 1309
1182 1309
437 1309
587 878
878 1306
672 1300
1298 1011
1302 1298
1300 1298
945 938
628 1672
1672 945
1296 945
1295 945
1292 1089
1291 1089
545 596
1763 929
596 929
1288 1171
785 1290
242 1288
1290 1288
797 1288
509 355
509 428
1225 1287
611 783
783 509
1287 509
1284 855
684 1285
1323 1284
1285 1284
677 1284
468 1283
1216 709
1283 709
1280 709
1130 532
1578 1557
1578 280
532 1578
1399 1279
1279 1278
1275 365
1274 365
334 435
1273 435
1614 1272
1614 588
1614 1268
1155 1267
1267 851
775 276
775 386
318 1265
1265 814
1265 775
1265 1266
1261 1010
1731 1261
769 1261
485 1261
1258 1104
1259 1258
1255 294
1256 1255
995 882
482 1050
713 896
882 713
1050 713
935 1006
1557 935
1530 935
1167 323
896 1254
1028 1254
323 1254
1248 1054
1082 1253
1253 1248
1247 408
1247 393
502 1247
1000 584
368 1167
584 1167
268 1062
1241 1246
246 1246
1062 1246
720 1246
1663 1239
1239 1252
1237 1252
1235 1044
1235 316
1236 1235
1031 238
666 1230
1230 1031
956 1031
290 968
1226 794
1227 1226
968 1226
838 791
791 1225
1160 634
1507 1160
1224 1160
1223 901
1219 901
338 504
1082 600
504 984
600 984
1218 1221
311 1218
1001 538
538 1217
1387 1217
1215 1212
1342 1212
1151 1718
1210 1203
1205 1203
1202 1200
964 1200
454 1195
1511 1190
1195 1190
673 1655
1655 1001
1088 1189
1189 1187
824 756
756 685
1257 1185
1181 1184
1185 1184
1186 1184
1587 1184
420 902
228 385
1735 385
879 385
902 385
1201 235
1124 233
1522 914
1522 899
235 1522
233 1522
982 240
240 237
683 237
234 237
279 1567
1243 1358
917 1243
1567 1243
1196 1301
1132 1301
1166 377
1798 569
740 239
377 1798
327 1798
239 1798
710 549
549 1399
1487 1145
642 1487
241 1487
309 1728
834 309
1842 309
1049 309
576 705
261 576
566 576
362 576
450 576
527 394
527 304
527 734
527 926
527 859
718 243
243 527
790 244
524 247
244 1601
247 1601
1166 654
401 1094
1094 1166
578 912
912 253
733 860
860 254
305 885
305 471
522 305
1516 449
255 1516
257 1516
669 330
1130 263
996 424
263 424
363 839
1517 660
328 1517
983 1517
1373 1640
421 1046
1640 1046
476 1314
1636 476
267 919
266 267
1145 267
855 267
891 287
849 573
287 849
468 269
369 779
893 417
497 893
269 893
779 893
275 721
342 271
838 1108
272 275
271 275
1108 275
587 1029
1029 535
276 279
277 279
283 874
283 908
280 283
411 1140
1140 1650
944 1650
284 1650
1845 1220
285 1220
892 518
518 694
312 694
306 905
295 290
628 1127
457 1157
457 1353
1467 457
1127 457
394 1206
543 950
543 1503
969 543
405 1556
1556 1505
294 291
294 662
294 358
297 787
1159 297
534 297
947 367
1044 947
447 299
447 679
447 342
1425 302
747 646
308 870
646 308
302 308
768 673
378 673
304 673
307 344
1104 307
741 307
773 732
1305 1662
732 647
1662 647
824 1774
1033 313
1422 1033
1774 1033
313 1325
591 1325
316 318
1271 426
321 396
1172 396
426 396
1010 1249
734 1249
1257 1850
1850 1373
258 1020
1037 258
714 329
590 333
1447 339
339 335
333 335
329 335
949 335
881 1057
1573 936
936 616
1057 616
728 970
346 970
748 347
347 930
980 349
357 1091
355 357
349 357
352 357
569 1420
361 1420
1687 1420
1071 442
462 1071
599 811
482 366
364 753
366 753
546 687
1706 546
782 1099
812 880
1099 611
880 611
370 799
1105 744
238 370
744 370
954 370
1171 370
372 1142
1833 372
648 372
636 372
1082 440
373 1447
440 1447
760 826
520 374
544 595
826 544
374 544
578 1098
1098 760
405 1521
1521 404
1497 380
1595 1546
380 1546
587 1056
587 458
1221 587
748 384
356 1009
384 356
1025 467
755 1025
486 1093
1045 525
1462 486
525 486
390 1105
874 1105
343 1105
403 1105
1425 836
1425 1101
691 915
915 1425
884 392
971 397
894 468
397 468
399 1124
398 1124
325 1124
405 612
400 405
268 1690
409 1079
1760 409
1690 409
429 411
1095 570
570 348
787 348
453 387
412 453
1144 998
836 413
998 413
747 653
824 1602
653 792
1602 792
455 1257
415 767
408 767
511 1086
938 511
634 511
520 746
746 710
735 881
722 731
1162 722
583 722
529 722
1377 1807
422 1100
573 422
785 499
499 655
427 655
1133 496
1506 496
417 496
1528 340
1208 1528
434 1528
1657 438
681 1305
438 1305
1058 959
590 567
567 1077
959 1077
581 603
626 581
441 581
1091 581
448 630
1772 448
594 448
442 448
449 557
491 557
1436 489
489 1271
885 1271
1130 907
907 454
733 774
963 465
774 465
1489 805
1130 236
1009 469
236 469
474 1090
471 474
1314 1666
1314 477
1314 478
482 484
644 857
857 482
1082 488
484 590
488 590
1065 676
425 676
1063 676
718 652
813 494
494 718
764 414
607 495
495 764
479 764
595 1026
498 1026
1047 501
1047 227
1047 845
665 430
1114 698
503 1114
619 507
1264 508
507 508
1777 622
386 1777
510 1777
918 553
1102 553
914 553
739 1120
513 524
1120 524
514 515
1078 1683
1695 1015
1683 520
1015 520
801 585
264 801
926 801
530 748
719 748
1547 1178
1054 733
1178 733
1175 1074
1118 848
1612 1118
1168 1144
1019 628
864 995
341 995
745 1549
578 663
663 1627
1549 1627
824 1800
691 1384
1103 832
1800 1103
1384 1103
428 1112
410 1112
715 1297
1297 369
831 369
666 1121
467 666
682 666
556 650
861 556
1165 1161
1157 1497
808 1497
568 875
875 1155
1152 790
856 790
659 773
1095 802
1149 1023
802 1023
1573 609
609 933
742 933
1477 288
1477 994
1052 1477
1100 910
480 1139
480 1138
480 1135
593 948
1141 948
1131 1720
950 1720
1129 300
1078 259
940 1129
259 1129
1061 1125
1125 1663
870 401
541 401
545 1060
1060 1000
1122 1000
1276 1000
1110 667
1154 1110
974 1110
1017 1110
904 1016
1101 904
1040 821
863 821
981 906
555 672
906 672
1090 550
1097 1095
1115 828
1093 1115
1142 1115
326 1088
824 537
652 644
537 644
827 1525
830 1525
862 1525
833 817
393 817
592 1084
1086 1084
1547 606
786 1012
1012 1547
696 1544
1041 558
606 1041
1066 715
1056 715
1599 1053
942 331
331 981
1353 981
1053 981
444 900
780 900
1327 900
1457 1119
1501 1119
1030 1119
1027 1201
288 1201
726 921
1020 921
622 270
1006 270
689 1004
795 1004
1308 869
731 869
844 420
300 420
994 420
993 711
1016 993
1083 993
551 982
990 982
1079 982
702 975
975 578
687 265
687 1183
687 1459
654 571
344 571
1150 571
1058 708
708 714
922 714
766 268
1347 684
542 545
1359 1143
823 1359
558 560
908 785
891 752
752 568
661 799
661 778
661 633
1058 310
602 1599
310 1599
794 1599
1299 1002
1082 1204
1204 577
387 281
761 784
1143 641
1752 641
601 1436
890 1436
1439 1657
382 942
688 942
913 607
608 614
612 614
873 620
640 620
697 615
711 740
623 740
1082 822
822 1130
745 730
698 625
698 846
698 745
973 1034
703 782
1034 782
786 796
796 338
832 338
751 579
1194 643
579 643
723 322
322 751
650 751
919 751
762 971
248 1375
660 1375
536 664
674 892
667 892
632 892
951 1058
1192 723
927 1055
853 927
1014 927
458 739
519 739
1417 1146
1503 1146
586 1146
793 1593
1593 1429
1121 946
730 946
707 946
1533 928
574 928
1209 939
319 973
899 1061
490 889
872 1045
721 1045
630 1045
340 1045
859 1573
848 1573
367 414
367 980
367 686
585 695
806 619
