1854 2344
0 16 32
1 1024 2048
2 512 512
3 4 8
4 1024 512
5 16 16
6 256 256
7 8 32
8 8 32
9 64 8
10 16 16
11 4 32
12 512 2048
13 8 64
14 128 8
15 64 8
16 16 128
17 4 8
18 1024 256
19 1024 256
20 4 8
21 4 8
22 4 8
23 1024 256
24 128 16
25 64 8
26 128 64
27 128 32
28 8 16
29 512 512
30 64 4
31 8 8
32 64 16
33 16 8
34 64 128
35 2048 2048
36 4 32
37 2048 256
38 64 4
39 4 16
40 128 4
41 128 64
42 16 32
43 16 32
44 16 64
45 4 4
46 64 8
47 16 128
48 4 16
49 32 32
50 64 4
51 4 16
52 2048 1024
53 4 128
54 2048 256
55 2048 256
56 4 64
57 64 64
58 1024 1024
59 128 64
60 64 128
61 4 4
62 32 128
63 32 64
64 128 128
65 4 64
66 128 32
67 128 16
68 64 64
69 16 128
70 32 8
71 64 16
72 8 64
73 8 4
74 512 2048
75 512 1024
76 32 128
77 4 8
78 32 128
79 8 128
80 2048 2048
81 64 128
82 256 512
83 32 4
84 128 4
85 32 64
86 8 4
87 4 32
88 128 128
89 16 64
90 256 256
91 64 16
92 512 512
93 16 64
94 16 16
95 4 32
96 8 16
97 2048 512
98 1024 1024
99 64 64
100 64 32
101 512 2048
102 32 4
103 4 32
104 16 32
105 64 32
106 8 16
107 512 256
108 16 128
109 8 8
110 1024 256
111 4 16
112 16 32
113 4 128
114 2048 1024
115 8 4
116 32 128
117 128 128
118 16 32
119 16 32
120 64 128
121 256 1024
122 256 1024
123 128 16
124 2048 2048
125 2048 2048
126 32 128
127 128 4
128 512 512
129 512 512
130 64 128
131 64 128
132 4 8
133 64 4
134 8 16
135 512 2048
136 8 64
137 4 8
138 64 16
139 128 64
140 64 8
141 64 32
142 128 16
143 256 2048
144 128 128
145 8 16
146 512 1024
147 64 32
148 64 8
149 32 64
150 64 32
151 32 32
152 256 2048
153 32 4
154 64 16
155 1024 256
156 4 128
157 1024 2048
158 64 32
159 4 128
160 8 128
161 64 128
162 256 2048
163 32 128
164 64 128
165 4 64
166 16 32
167 256 256
168 4 64
169 64 64
170 16 16
171 512 1024
172 128 32
173 4 16
174 1024 256
175 8 4
176 128 64
177 4 32
178 128 32
179 128 64
180 8 4
181 256 2048
182 1024 1024
183 128 16
184 2048 1024
185 32 16
186 128 4
187 512 2048
188 64 16
189 4 32
190 1024 2048
191 128 8
192 4 8
193 512 256
194 32 128
195 8 4
196 1024 2048
197 64 16
198 8 4
199 128 4
200 8 64
201 512 512
202 1024 256
203 2048 256
204 512 1024
205 128 8
206 16 8
207 4 128
208 2048 2048
209 1024 256
210 64 32
211 32 128
212 2048 2048
213 32 16
214 64 16
215 64 8
216 1024 512
217 512 2048
218 16 4
219 8 4
220 16 128
221 32 4
222 64 128
223 128 16
224 128 8
225 128 64
226 256 512
227 256 1024
228 16 16
229 2048 256
230 16 32
231 4 128
232 32 64
233 1024 512
234 2048 1024
235 8 64
236 32 64
237 128 64
238 4 64
239 4 128
240 64 64
241 256 1024
242 16 128
243 1024 1024
244 16 32
245 32 32
246 1024 1024
247 64 16
248 64 16
249 4 8
250 4 4
251 8 32
252 128 8
253 64 32
254 128 8
255 4 4
256 1024 512
257 2048 1024
258 32 128
259 256 512
260 512 1024
261 512 256
262 16 8
263 128 8
264 128 128
265 1024 256
266 64 32
267 8 32
268 16 32
269 64 16
270 8 128
271 1024 512
272 256 2048
273 4 8
274 1024 256
275 8 8
276 2048 1024
277 128 128
278 64 8
279 128 64
280 16 128
281 512 512
282 8 32
283 64 32
284 512 256
285 1024 2048
286 8 128
287 1024 2048
288 128 128
289 16 4
290 128 16
291 1024 1024
292 32 32
293 8 128
294 1024 256
295 16 16
296 4 32
297 128 64
298 1024 1024
299 16 64
300 4 4
301 256 1024
302 2048 256
303 64 4
304 128 16
305 8 8
306 128 32
307 16 64
308 1024 512
309 128 4
310 4 4
311 4 4
312 2048 2048
313 16 32
314 256 1024
315 4 64
316 128 32
317 4 16
318 4 64
319 16 16
320 256 256
321 256 2048
322 256 1024
323 128 4
324 16 32
325 2048 512
326 16 16
327 64 128
328 4 4
329 64 64
330 128 16
331 64 64
332 8 64
333 4 8
334 256 256
335 32 64
336 128 16
337 32 128
338 512 2048
339 128 128
340 4 4
341 64 128
342 32 64
343 128 128
344 4 64
345 16 32
346 8 64
347 512 256
348 32 16
349 16 8
350 64 8
351 64 8
352 16 64
353 32 4
354 128 64
355 128 32
356 8 8
357 4 8
358 64 4
359 64 4
360 4 16
361 8 8
362 32 128
363 2048 2048
364 16 8
365 2048 2048
366 4 128
367 256 2048
368 1024 512
369 32 64
370 128 128
371 128 32
372 1024 512
373 1024 512
374 512 2048
375 32 32
376 4 32
377 128 128
378 1024 512
379 64 32
380 4 8
381 1024 1024
382 8 4
383 32 64
384 32 8
385 32 16
386 1024 256
387 16 128
388 1024 1024
389 8 8
390 2048 512
391 32 128
392 512 512
393 32 128
394 2048 512
395 2048 512
396 4 4
397 64 16
398 256 2048
399 4 32
400 16 128
401 4 16
402 256 256
403 256 2048
404 8 128
405 64 8
406 2048 256
407 2048 256
408 8 8
409 128 32
410 16 8
411 32 8
412 32 64
413 16 8
414 16 8
415 512 512
416 8 64
417 1024 1024
418 2048 512
419 16 16
420 128 8
421 128 64
422 4 8
423 256 2048
424 64 8
425 128 16
426 256 512
427 8 8
428 32 8
429 1024 256
430 32 8
431 8 128
432 16 4
433 4 4
434 32 128
435 32 16
436 1024 512
437 4 4
438 64 32
439 256 256
440 512 2048
441 2048 2048
442 2048 2048
443 8 16
444 512 512
445 8 64
446 2048 1024
447 8 64
448 64 128
449 128 4
450 2048 1024
451 4 64
452 64 16
453 16 64
454 4 8
455 128 128
456 4 32
457 4 8
458 512 256
459 512 2048
460 2048 512
461 4 128
462 8 4
463 4 128
464 4 128
465 1024 2048
466 2048 1024
467 32 16
468 1024 256
469 4 4
470 2048 1024
471 512 2048
472 512 2048
473 32 4
474 8 8
475 128 64
476 4 8
477 32 8
478 8 8
479 4 4
480 16 32
481 32 4
482 2048 2048
483 2048 256
484 4 16
485 4 32
486 2048 1024
487 64 8
488 8 128
489 1024 2048
490 32 128
491 32 8
492 256 512
493 128 128
494 128 128
495 64 4
496 512 1024
497 256 2048
498 4 4
499 128 64
500 32 16
501 4 32
502 64 4
503 256 256
504 512 1024
505 1024 2048
506 16 32
507 2048 512
508 128 32
509 1024 2048
510 64 128
511 64 32
512 64 128
513 256 1024
514 16 64
515 32 32
516 64 128
517 64 16
518 256 1024
519 16 4
520 2048 512
521 128 128
522 64 8
523 8 128
524 8 128
525 4 16
526 16 4
527 4 8
528 32 128
529 32 32
530 8 8
531 2048 2048
532 128 64
533 4 64
534 64 16
535 512 2048
536 256 1024
537 64 128
538 32 8
539 128 8
540 16 64
541 8 4
542 64 8
543 8 16
544 64 32
545 32 4
546 8 8
547 8 128
548 64 128
549 2048 256
550 4 16
551 128 64
552 16 32
553 32 8
554 512 2048
555 8 32
556 64 64
557 512 512
558 32 32
559 2048 2048
560 128 128
561 512 512
562 8 8
563 1024 512
564 8 16
565 32 8
566 256 512
567 8 64
568 2048 512
569 32 8
570 256 2048
571 8 32
572 512 256
573 64 32
574 32 4
575 4 32
576 64 4
577 256 512
578 4 64
579 4 128
580 4 32
581 4 64
582 64 4
583 16 64
584 32 128
585 64 4
586 64 16
587 128 32
588 4 8
589 256 256
590 32 8
591 128 4
592 4 32
593 16 32
594 256 256
595 16 64
596 1024 512
597 256 512
598 32 8
599 2048 512
600 256 1024
601 8 4
602 1024 2048
603 4 16
604 8 4
605 64 4
606 128 32
607 64 8
608 512 512
609 512 256
610 32 4
611 32 64
612 64 64
613 16 8
614 1024 2048
615 4 16
616 512 2048
617 32 8
618 1024 1024
619 128 64
620 2048 2048
621 512 1024
622 32 64
623 256 1024
624 32 16
625 64 32
626 512 256
627 128 4
628 32 64
629 32 128
630 32 32
631 256 1024
632 4 128
633 128 128
634 32 32
635 16 16
636 128 64
637 16 16
638 8 64
639 16 32
640 16 128
641 4 128
642 8 4
643 128 32
644 32 8
645 64 8
646 64 8
647 16 64
648 1024 512
649 512 1024
650 1024 1024
651 512 512
652 64 128
653 8 4
654 32 128
655 512 256
656 16 8
657 256 1024
658 8 8
659 128 16
660 8 32
661 32 128
662 64 16
663 128 64
664 4 4
665 256 2048
666 16 8
667 1024 512
668 128 4
669 128 32
670 1024 512
671 512 2048
672 4 4
673 16 128
674 32 8
675 4 64
676 32 16
677 32 8
678 128 4
679 256 512
680 4 8
681 64 4
682 32 8
683 1024 1024
684 32 8
685 16 64
686 64 32
687 1024 1024
688 128 64
689 512 256
690 4 32
691 4 4
692 8 4
693 2048 256
694 512 512
695 8 32
696 4 4
697 4 64
698 32 128
699 8 128
700 128 16
701 32 8
702 256 1024
703 64 8
704 32 8
705 512 256
706 512 1024
707 16 16
708 64 16
709 4 64
710 4 128
711 4 128
712 2048 512
713 32 32
714 8 16
715 16 8
716 2048 1024
717 128 32
718 256 256
719 16 4
720 64 16
721 64 128
722 1024 2048
723 256 512
724 32 8
725 4 4
726 8 128
727 128 8
728 32 8
729 128 64
730 32 64
731 256 1024
732 4 32
733 128 8
734 2048 2048
735 2048 512
736 4 4
737 1024 1024
738 1024 512
739 32 128
740 8 8
741 64 128
742 2048 512
743 4 32
744 64 16
745 512 1024
746 2048 256
747 32 16
748 16 32
749 8 4
750 256 2048
751 64 16
752 8 16
753 4 4
754 2048 256
755 64 4
756 256 512
757 1024 512
758 16 8
759 8 64
760 16 4
761 128 64
762 2048 2048
763 8 16
764 16 8
765 64 64
766 2048 256
767 32 16
768 16 16
769 64 8
770 64 64
771 8 16
772 4 128
773 32 16
774 16 4
775 2048 2048
776 32 32
777 8 16
778 128 16
779 16 32
780 64 64
781 512 512
782 64 64
783 2048 1024
784 128 64
785 16 64
786 128 64
787 512 256
788 256 256
789 32 16
790 4 32
791 256 256
792 8 64
793 128 8
794 8 4
795 128 64
796 128 64
797 128 128
798 4 128
799 16 128
800 8 16
801 1024 1024
802 256 256
803 128 8
804 512 256
805 32 128
806 8 32
807 16 32
808 32 32
809 256 512
810 16 4
811 2048 1024
812 16 4
813 16 32
814 128 64
815 128 8
816 32 8
817 64 64
818 32 4
819 2048 2048
820 2048 256
821 16 32
822 128 128
823 512 512
824 128 4
825 512 512
826 8 128
827 64 128
828 2048 2048
829 32 64
830 16 32
831 32 4
832 2048 256
833 128 128
834 128 4
835 16 4
836 128 16
837 32 4
838 1024 512
839 4 128
840 8 4
841 8 32
842 16 4
843 128 128
844 1024 256
845 1024 1024
846 32 4
847 8 8
848 64 8
849 64 8
850 32 32
851 2048 1024
852 8 16
853 8 16
854 1024 1024
855 4 4
856 8 32
857 8 64
858 64 64
859 64 32
860 64 16
861 64 64
862 1024 1024
863 4 8
864 64 4
865 32 128
866 128 16
867 8 128
868 2048 256
869 512 512
870 128 128
871 8 8
872 128 4
873 64 8
874 8 64
875 64 128
876 2048 1024
877 8 64
878 16 16
879 128 4
880 4 16
881 8 4
882 32 32
883 32 16
884 8 8
885 8 8
886 8 16
887 1024 256
888 128 4
889 64 8
890 8 8
891 2048 2048
892 512 2048
893 2048 512
894 128 8
895 4 64
896 16 16
897 32 32
898 32 8
899 256 1024
900 128 64
901 128 32
902 32 4
903 2048 256
904 32 8
905 512 2048
906 512 1024
907 1024 512
908 8 16
909 8 8
910 128 128
911 256 2048
912 4 128
913 4 8
914 8 4
915 128 64
916 128 64
917 1024 512
918 128 32
919 8 32
920 64 8
921 16 16
922 128 4
923 256 512
924 4 128
925 32 64
926 4 128
927 1024 1024
928 64 16
929 128 16
930 8 4
931 512 1024
932 8 8
933 4 64
934 4 4
935 16 16
936 32 32
937 128 8
938 512 256
939 16 32
940 512 1024
941 256 1024
942 64 32
943 128 8
944 256 256
945 128 16
946 2048 1024
947 8 64
948 64 8
949 64 8
950 512 512
951 1024 256
952 8 128
953 1024 2048
954 64 16
955 16 4
956 64 128
957 2048 1024
958 8 64
959 128 64
960 128 16
961 8 64
962 2048 2048
963 32 8
964 4 32
965 32 64
966 8 16
967 8 64
968 1024 1024
969 512 256
970 8 32
971 512 1024
972 64 32
973 64 32
974 64 8
975 64 128
976 64 32
977 64 16
978 1024 2048
979 8 128
980 1024 1024
981 16 128
982 256 1024
983 32 8
984 4 128
985 16 64
986 128 32
987 32 16
988 4 4
989 256 1024
990 16 4
991 1024 256
992 8 4
993 512 1024
994 256 512
995 8 4
996 8 4
997 256 256
998 1024 512
999 16 8
1000 64 16
1001 2048 2048
1002 256 256
1003 32 128
1004 128 16
1005 128 128
1006 32 16
1007 32 4
1008 32 8
1009 512 2048
1010 256 256
1011 128 8
1012 2048 256
1013 4 128
1014 4 64
1015 256 1024
1016 2048 256
1017 32 64
1018 1024 512
1019 32 8
1020 512 512
1021 1024 1024
1022 128 8
1023 4 32
1024 4 32
1025 512 2048
1026 32 64
1027 256 512
1028 4 8
1029 1024 512
1030 64 4
1031 256 512
1032 64 16
1033 128 4
1034 32 32
1035 64 128
1036 128 128
1037 128 32
1038 512 256
1039 16 128
1040 4 8
1041 8 128
1042 16 32
1043 8 8
1044 128 32
1045 32 16
1046 64 32
1047 512 256
1048 128 8
1049 16 32
1050 2048 1024
1051 32 32
1052 256 256
1053 64 32
1054 4 16
1055 32 128
1056 4 32
1057 8 32
1058 64 4
1059 64 128
1060 8 32
1061 2048 2048
1062 128 128
1063 1024 1024
1064 32 128
1065 64 8
1066 128 8
1067 4 64
1068 32 32
1069 8 8
1070 8 32
1071 4 64
1072 16 64
1073 32 64
1074 8 64
1075 1024 2048
1076 256 1024
1077 4 32
1078 4 128
1079 2048 512
1080 128 64
1081 512 1024
1082 16 4
1083 64 128
1084 32 16
1085 16 128
1086 4 16
1087 128 32
1088 64 4
1089 32 4
1090 256 1024
1091 64 4
1092 1024 256
1093 256 2048
1094 64 16
1095 1024 512
1096 8 64
1097 8 4
1098 32 64
1099 64 64
1100 32 16
1101 256 256
1102 2048 1024
1103 128 8
1104 128 64
1105 64 16
1106 256 256
1107 32 64
1108 16 8
1109 64 32
1110 128 4
1111 64 32
1112 128 128
1113 128 4
1114 64 4
1115 2048 2048
1116 64 128
1117 512 256
1118 64 128
1119 512 1024
1120 2048 256
1121 32 8
1122 256 1024
1123 32 64
1124 16 16
1125 64 16
1126 8 32
1127 8 16
1128 128 32
1129 16 32
1130 64 32
1131 256 256
1132 4 64
1133 64 4
1134 1024 1024
1135 4 16
1136 2048 256
1137 1024 256
1138 2048 1024
1139 16 4
1140 4 8
1141 512 1024
1142 1024 1024
1143 128 32
1144 1024 1024
1145 64 16
1146 256 1024
1147 256 1024
1148 4 128
1149 64 32
1150 64 32
1151 64 32
1152 64 8
1153 256 2048
1154 512 256
1155 32 128
1156 4 128
1157 32 8
1158 64 16
1159 4 4
1160 8 64
1161 1024 1024
1162 64 128
1163 512 512
1164 64 16
1165 32 32
1166 2048 1024
1167 32 128
1168 8 4
1169 8 8
1170 64 128
1171 4 16
1172 4 64
1173 1024 1024
1174 1024 256
1175 256 1024
1176 8 8
1177 32 32
1178 64 8
1179 128 32
1180 128 64
1181 2048 1024
1182 512 1024
1183 16 8
1184 2048 1024
1185 32 8
1186 64 32
1187 32 128
1188 4 4
1189 8 32
1190 8 128
1191 16 8
1192 32 16
1193 16 32
1194 256 1024
1195 8 32
1196 16 16
1197 1024 256
1198 16 8
1199 64 4
1200 128 64
1201 4 16
1202 1024 1024
1203 1024 1024
1204 16 64
1205 32 4
1206 2048 512
1207 32 8
1208 64 8
1209 512 256
1210 2048 256
1211 256 512
1212 64 16
1213 512 512
1214 2048 2048
1215 8 128
1216 128 16
1217 64 32
1218 2048 512
1219 128 16
1220 16 32
1221 16 32
1222 256 512
1223 32 16
1224 256 512
1225 16 128
1226 8 4
1227 64 128
1228 4 128
1229 8 32
1230 128 4
1231 4 64
1232 128 32
1233 2048 256
1234 512 1024
1235 16 128
1236 16 4
1237 8 16
1238 32 32
1239 128 64
1240 32 16
1241 128 32
1242 64 4
1243 16 64
1244 4 32
1245 128 4
1246 128 4
1247 64 128
1248 32 8
1249 4 8
1250 128 16
1251 128 64
1252 16 64
1253 64 128
1254 128 32
1255 16 4
1256 32 128
1257 32 4
1258 1024 1024
1259 4 64
1260 32 4
1261 4 8
1262 512 1024
1263 128 16
1264 128 32
1265 1024 2048
1266 32 4
1267 256 2048
1268 16 64
1269 64 32
1270 8 32
1271 512 512
1272 256 512
1273 4 4
1274 1024 2048
1275 4 32
1276 4 32
1277 16 64
1278 16 4
1279 8 4
1280 1024 512
1281 512 1024
1282 8 32
1283 8 128
1284 128 16
1285 64 4
1286 16 8
1287 512 1024
1288 8 32
1289 16 64
1290 8 8
1291 64 8
1292 64 64
1293 16 64
1294 2048 256
1295 32 4
1296 8 4
1297 64 4
1298 1024 256
1299 4 64
1300 4 64
1301 64 8
1302 4 128
1303 2048 256
1304 32 64
1305 1024 1024
1306 1024 256
1307 4 128
1308 128 64
1309 128 4
1310 256 1024
1311 256 1024
1312 8 32
1313 4 8
1314 32 16
1315 1024 2048
1316 2048 2048
1317 512 512
1318 32 16
1319 16 64
1320 16 128
1321 32 8
1322 256 2048
1323 512 512
1324 1024 1024
1325 1024 2048
1326 8 64
1327 64 16
1328 16 8
1329 512 1024
1330 4 4
1331 128 4
1332 32 4
1333 32 4
1334 2048 1024
1335 128 16
1336 1024 256
1337 128 128
1338 16 16
1339 64 4
1340 64 64
1341 32 128
1342 16 16
1343 32 8
1344 16 16
1345 4 64
1346 16 128
1347 16 8
1348 256 1024
1349 64 32
1350 4 32
1351 512 2048
1352 8 16
1353 16 16
1354 64 64
1355 16 8
1356 64 16
1357 32 128
1358 64 64
1359 256 1024
1360 64 16
1361 4 32
1362 16 32
1363 4 32
1364 64 16
1365 2048 2048
1366 256 1024
1367 32 128
1368 2048 2048
1369 8 64
1370 32 16
1371 16 8
1372 64 16
1373 32 64
1374 64 16
1375 128 16
1376 256 2048
1377 64 32
1378 512 2048
1379 128 32
1380 8 16
1381 8 64
1382 4 128
1383 32 32
1384 32 32
1385 128 16
1386 8 16
1387 512 2048
1388 32 16
1389 32 16
1390 128 4
1391 8 8
1392 8 128
1393 4 4
1394 16 32
1395 8 16
1396 4 16
1397 4 8
1398 64 16
1399 64 8
1400 16 32
1401 1024 1024
1402 16 8
1403 512 512
1404 128 4
1405 4 32
1406 2048 512
1407 16 32
1408 64 16
1409 4 32
1410 8 64
1411 2048 2048
1412 64 16
1413 128 64
1414 16 16
1415 64 4
1416 8 8
1417 4 16
1418 4 64
1419 1024 256
1420 2048 2048
1421 4 8
1422 16 4
1423 4 16
1424 128 16
1425 4 8
1426 16 16
1427 64 128
1428 16 8
1429 32 64
1430 16 8
1431 32 128
1432 16 8
1433 16 32
1434 2048 2048
1435 16 32
1436 32 16
1437 8 128
1438 512 2048
1439 32 128
1440 4 128
1441 512 256
1442 32 128
1443 32 32
1444 256 256
1445 2048 512
1446 32 16
1447 4 64
1448 1024 256
1449 2048 2048
1450 32 32
1451 2048 256
1452 512 2048
1453 128 4
1454 2048 256
1455 64 32
1456 8 64
1457 16 4
1458 128 32
1459 32 8
1460 32 16
1461 32 64
1462 256 512
1463 32 8
1464 64 128
1465 1024 2048
1466 512 256
1467 4 64
1468 16 32
1469 2048 2048
1470 4 32
1471 1024 256
1472 16 64
1473 64 128
1474 512 256
1475 32 128
1476 8 16
1477 32 32
1478 16 32
1479 256 2048
1480 32 4
1481 512 256
1482 16 32
1483 16 8
1484 16 8
1485 128 8
1486 64 128
1487 2048 512
1488 32 64
1489 1024 2048
1490 128 128
1491 2048 256
1492 1024 1024
1493 64 128
1494 64 32
1495 2048 2048
1496 32 16
1497 16 16
1498 8 8
1499 8 128
1500 64 16
1501 8 128
1502 8 8
1503 256 512
1504 32 16
1505 16 4
1506 2048 1024
1507 256 512
1508 64 4
1509 4 4
1510 8 4
1511 2048 256
1512 4 32
1513 64 128
1514 64 8
1515 8 32
1516 32 8
1517 16 32
1518 128 128
1519 128 4
1520 32 16
1521 8 128
1522 2048 256
1523 128 4
1524 16 4
1525 4 4
1526 4 32
1527 2048 2048
1528 4 64
1529 512 512
1530 32 64
1531 256 1024
1532 32 16
1533 16 32
1534 128 64
1535 256 2048
1536 256 2048
1537 16 32
1538 8 16
1539 128 32
1540 64 16
1541 32 16
1542 64 32
1543 32 32
1544 64 4
1545 1024 2048
1546 128 32
1547 64 16
1548 32 8
1549 128 4
1550 64 4
1551 2048 512
1552 512 2048
1553 8 4
1554 8 16
1555 4 64
1556 8 64
1557 256 512
1558 8 8
1559 256 256
1560 256 1024
1561 8 16
1562 64 16
1563 4 128
1564 32 32
1565 1024 256
1566 16 64
1567 8 8
1568 256 1024
1569 4 64
1570 256 1024
1571 1024 1024
1572 128 128
1573 4 8
1574 8 32
1575 128 64
1576 8 16
1577 4 128
1578 64 32
1579 512 2048
1580 4 16
1581 8 8
1582 64 4
1583 1024 1024
1584 2048 2048
1585 2048 1024
1586 8 8
1587 128 64
1588 1024 512
1589 32 32
1590 1024 512
1591 64 64
1592 1024 1024
1593 64 64
1594 512 512
1595 8 128
1596 512 512
1597 64 32
1598 4 32
1599 8 8
1600 128 32
1601 64 4
1602 512 256
1603 8 8
1604 2048 1024
1605 1024 1024
1606 64 64
1607 32 16
1608 2048 1024
1609 64 8
1610 32 64
1611 64 32
1612 32 64
1613 32 64
1614 64 32
1615 16 16
1616 8 64
1617 32 16
1618 2048 512
1619 64 4
1620 16 32
1621 2048 2048
1622 256 1024
1623 8 128
1624 128 16
1625 1024 2048
1626 1024 1024
1627 64 64
1628 64 128
1629 4 4
1630 4 8
1631 128 32
1632 16 4
1633 16 64
1634 256 2048
1635 512 512
1636 4 4
1637 2048 2048
1638 32 8
1639 2048 512
1640 4 32
1641 32 4
1642 16 32
1643 4 64
1644 8 32
1645 32 4
1646 1024 512
1647 4 8
1648 1024 2048
1649 16 16
1650 1024 256
1651 32 8
1652 4 4
1653 128 16
1654 8 16
1655 1024 1024
1656 32 8
1657 128 8
1658 8 64
1659 32 8
1660 1024 256
1661 128 32
1662 16 16
1663 2048 1024
1664 4 4
1665 2048 2048
1666 4 8
1667 16 4
1668 2048 256
1669 4 32
1670 256 2048
1671 16 64
1672 64 32
1673 16 16
1674 128 32
1675 128 32
1676 512 256
1677 16 8
1678 64 128
1679 4 128
1680 1024 256
1681 2048 1024
1682 128 8
1683 64 8
1684 32 4
1685 128 128
1686 64 64
1687 16 4
1688 64 8
1689 32 32
1690 32 8
1691 16 4
1692 256 2048
1693 512 512
1694 1024 512
1695 4 16
1696 4 32
1697 8 8
1698 512 1024
1699 32 64
1700 32 8
1701 8 128
1702 8 32
1703 8 64
1704 16 4
1705 2048 1024
1706 8 64
1707 8 128
1708 2048 1024
1709 64 16
1710 2048 2048
1711 512 512
1712 2048 1024
1713 64 32
1714 256 512
1715 32 32
1716 16 4
1717 8 64
1718 256 2048
1719 8 32
1720 64 64
1721 4 64
1722 16 128
1723 1024 512
1724 512 1024
1725 1024 2048
1726 32 4
1727 8 16
1728 32 4
1729 8 64
1730 128 4
1731 32 4
1732 2048 2048
1733 512 1024
1734 128 128
1735 4 64
1736 1024 256
1737 64 16
1738 2048 2048
1739 256 256
1740 128 128
1741 2048 256
1742 32 128
1743 32 128
1744 16 16
1745 64 4
1746 16 128
1747 4 8
1748 128 64
1749 128 8
1750 1024 256
1751 1024 256
1752 4 8
1753 4 8
1754 32 8
1755 256 512
1756 4 4
1757 8 64
1758 4 8
1759 8 8
1760 64 32
1761 64 4
1762 4 64
1763 128 64
1764 32 32
1765 256 512
1766 4 16
1767 4 64
1768 8 64
1769 4 8
1770 256 512
1771 32 32
1772 256 1024
1773 4 8
1774 8 4
1775 8 64
1776 4 64
1777 2048 256
1778 128 64
1779 16 32
1780 16 128
1781 2048 1024
1782 128 8
1783 16 32
1784 2048 1024
1785 32 16
1786 64 32
1787 64 32
1788 8 8
1789 4 8
1790 64 4
1791 512 512
1792 8 64
1793 2048 256
1794 8 4
1795 4 128
1796 2048 512
1797 16 4
1798 256 1024
1799 2048 512
1800 32 32
1801 8 128
1802 32 16
1803 8 64
1804 64 64
1805 64 16
1806 256 1024
1807 256 512
1808 1024 1024
1809 2048 2048
1810 32 8
1811 16 8
1812 256 2048
1813 128 64
1814 512 1024
1815 16 4
1816 8 4
1817 128 4
1818 64 8
1819 16 16
1820 32 128
1821 128 128
1822 32 4
1823 128 16
1824 1024 2048
1825 32 8
1826 8 32
1827 8 8
1828 1024 1024
1829 4 8
1830 256 256
1831 2048 512
1832 16 128
1833 128 32
1834 1024 256
1835 1024 1024
1836 64 128
1837 2048 1024
1838 64 128
1839 64 8
1840 64 8
1841 2048 256
1842 512 256
1843 4 4
1844 32 64
1845 4 32
1846 512 1024
1847 8 4
1848 128 32
1849 64 64
1850 128 8
1851 256 2048
1852 2048 512
1853 256 2048
1002 1
1078 0
2 110
2 1634
0 2
1 2
811 492
690 1191
3 781
3 1382
3 1102
1191 3
492 3
131 5
1254 4
6 626
4 6
5 6
557 293
164 1852
1720 7
527 483
293 164
483 164
7 164
690 9
786 8
854 36
854 231
854 1780
854 418
854 1488
854 1275
854 894
854 1122
854 951
8 854
9 854
1225 11
12 1383
12 1194
1076 10
812 1785
11 12
1785 12
10 12
13 1762
13 728
928 1251
1251 13
15 334
315 1584
1525 14
1699 1317
1584 15
1317 15
14 15
25 16
17 498
16 17
19 788
252 18
1046 1818
1818 19
18 19
988 872
1375 1289
615 214
508 20
1289 988
214 988
20 988
1822 140
1822 1768
889 800
800 1822
23 506
23 1264
1663 21
1835 22
21 23
22 23
1445 24
793 1303
25 63
1303 25
24 25
1252 1228
559 26
27 265
1228 27
26 27
29 485
628 102
1460 28
28 29
102 29
684 32
31 266
424 30
641 1106
1325 1434
32 31
30 31
1434 31
1106 31
1445 33
1771 827
33 1771
1242 320
1200 35
1718 589
1073 34
35 1242
589 1242
34 1242
37 964
194 1791
1160 354
1791 37
36 37
354 37
1188 38
1445 1320
1445 326
38 1445
39 364
39 542
1492 402
543 727
727 39
402 39
973 41
1203 40
42 814
40 42
41 42
753 43
535 999
44 497
43 44
999 44
1369 441
613 1744
1816 1362
1608 45
1744 1369
1362 1369
45 1369
47 829
47 916
47 1377
47 1154
47 536
1078 46
46 47
48 150
48 597
48 242
48 602
544 395
395 48
436 425
358 49
49 436
991 1520
506 991
1427 1150
1234 289
1306 50
289 1427
50 1427
1759 76
1759 388
1759 1404
1759 617
1759 1535
1759 1396
1759 1352
1759 1270
1759 1134
1759 564
1759 301
1759 1021
1759 1068
1759 1043
1759 966
1759 670
1759 631
1759 840
819 1443
1443 1759
825 51
1238 979
1238 1260
51 1238
53 699
53 741
881 52
52 53
174 463
1301 54
360 382
463 360
54 360
385 56
527 55
58 1851
1218 57
57 58
55 58
56 58
62 879
937 61
563 59
1749 60
61 62
59 62
60 62
166 1113
166 675
166 1677
63 166
770 64
1078 997
65 473
65 257
997 65
64 65
770 1539
770 795
1429 66
1594 1776
66 770
1776 770
1188 185
1188 1840
1188 871
1188 530
548 432
432 1188
943 1738
943 1292
1492 67
552 68
67 943
68 943
610 149
147 70
509 69
1407 985
70 610
985 610
69 610
482 71
1005 175
1036 1280
175 1036
71 1036
74 1210
131 73
1775 72
72 74
73 74
1435 75
1747 668
1455 77
77 75
77 771
77 1747
1023 78
1119 1137
79 960
78 79
1137 79
217 80
952 759
80 952
332 119
332 376
332 272
332 1162
1523 598
598 332
1569 81
812 82
83 1587
81 83
82 83
85 858
85 298
85 311
85 1422
690 84
84 85
89 1049
775 88
905 86
232 87
88 89
86 89
87 89
1278 976
90 1215
976 90
528 1615
1642 91
443 92
91 528
92 528
94 762
94 519
443 93
93 94
1448 1048
505 138
95 1272
1048 95
138 95
995 96
97 1308
96 97
979 97
100 623
1678 99
1561 98
98 100
99 100
527 103
391 101
104 1613
101 104
103 104
747 105
105 690
107 192
1657 106
106 107
638 1276
590 108
587 109
108 638
109 638
978 737
1484 1323
358 111
111 1484
737 1484
110 1484
430 303
112 1047
303 112
114 1830
114 1828
114 1590
114 1398
114 510
1472 113
113 114
117 1313
452 115
889 116
115 117
116 117
206 1717
695 118
120 1028
119 120
118 120
1717 120
136 121
1041 1471
122 1701
122 1147
122 421
122 583
122 864
1471 122
121 122
422 1474
123 540
123 696
1474 123
1789 917
613 124
1668 125
124 1789
125 1789
128 1817
616 127
1492 645
933 126
127 128
645 128
126 128
1166 1269
129 361
1245 1563
1658 1282
1269 129
1282 129
1563 129
131 1542
131 1532
131 1506
131 863
1225 286
812 130
130 131
286 131
1061 132
133 1467
132 133
1500 134
186 459
1699 204
1699 215
1699 1764
1699 1250
1699 1224
1699 255
459 1699
134 1699
136 1335
136 680
136 867
1425 135
135 136
1456 1410
657 1042
745 1564
137 954
1564 137
1410 137
1042 137
1477 139
1472 1680
139 1472
141 209
140 141
1225 245
613 296
613 1452
613 1591
613 1412
613 1530
613 1833
613 1457
613 551
1638 618
812 1665
694 142
142 613
245 613
1665 613
618 613
1835 1069
1835 1372
881 143
143 1835
1440 144
381 1170
381 1745
144 381
903 145
146 1363
145 146
739 605
605 147
1293 1446
897 148
1333 738
496 1072
1072 1333
149 1333
148 1333
1446 1333
151 491
151 659
151 726
150 151
1113 151
841 152
153 345
153 412
152 153
925 1296
925 346
858 925
155 1022
371 1092
1492 154
1505 1741
1092 155
1741 155
154 155
156 1370
156 1464
156 1064
156 490
1359 1805
1805 156
348 157
1206 1794
158 1753
1794 158
157 158
1650 877
1263 159
643 160
161 1008
160 161
159 161
877 161
807 163
464 162
1213 1479
162 1213
163 1213
1625 1848
539 285
539 306
1848 539
167 658
167 241
167 1612
1575 165
165 167
1523 168
404 169
170 368
170 1133
168 170
169 170
1082 171
786 172
173 1821
173 599
171 173
172 173
748 934
452 207
934 452
174 689
1399 317
1187 635
781 174
317 174
635 174
1616 920
176 1379
920 176
1547 177
1341 1364
1341 1347
177 1341
658 1341
515 1724
178 1038
1724 178
201 1240
1129 179
179 201
1382 201
183 1595
1514 182
1375 181
776 180
182 183
180 183
181 183
419 656
184 1153
184 1233
656 184
185 186
955 1577
955 1574
955 1324
955 1030
1329 962
962 955
189 592
1492 188
1138 187
187 189
188 189
560 190
1082 651
1357 1674
190 1357
651 1357
206 1181
405 375
375 206
835 191
531 501
191 531
192 531
1638 865
694 789
1076 1570
789 1076
865 1076
1849 193
838 763
194 1512
194 808
194 248
763 194
193 194
1736 230
1708 195
521 373
195 521
230 521
1184 196
1847 197
804 336
196 804
197 804
1407 198
1169 1232
750 866
1232 750
198 750
701 1645
396 565
199 1842
1645 199
565 199
807 1332
807 246
807 1219
807 1760
1170 807
809 200
202 1237
202 856
200 202
205 1176
315 203
203 205
204 205
208 218
207 208
209 208
1128 439
469 210
211 1223
210 211
439 211
212 503
1363 212
1081 1409
1074 213
213 1081
215 1081
281 216
216 217
550 972
220 1014
775 219
219 220
218 220
972 220
223 1837
223 837
223 1149
223 780
1073 222
516 221
221 223
222 223
909 224
978 225
1653 1402
1653 1507
1653 1511
1653 940
1653 1027
224 1653
225 1653
371 1148
1853 1349
1701 1853
1148 1853
1849 1510
1849 1165
1852 1849
1851 1849
611 1286
468 847
1286 1847
847 1847
1329 1451
1329 479
371 1136
1136 1329
1578 517
1846 1344
1846 766
517 1846
1681 1843
231 1638
1843 1638
810 1832
810 1733
810 1603
810 1338
810 398
1500 1841
1841 810
253 446
958 1782
958 1700
958 591
958 399
446 958
1840 958
784 431
1207 447
431 1207
1197 1515
1197 941
1197 913
1258 1839
1839 1197
1836 1580
1084 649
1837 1836
649 1836
1831 1742
745 1656
760 1834
1832 1831
1834 1831
1656 1831
1128 601
1830 1128
1370 1128
993 1035
1129 575
1211 1735
254 1829
1680 1211
1829 1211
1035 1211
575 1211
657 1684
657 956
1828 657
811 815
337 1433
337 969
815 337
1385 262
664 292
1827 868
262 1827
292 1827
1103 953
1234 1380
1234 1417
953 1234
1354 989
1743 1576
736 1180
1637 1731
1183 1826
1826 1637
1180 1637
1576 1637
989 1637
1315 1437
1220 1823
1536 1141
1437 1536
1823 1536
547 555
837 547
824 1579
1820 1168
1820 1019
1821 1820
1579 1820
1046 1819
1089 1391
1817 1816
1819 1816
1391 1816
1177 963
1754 1067
811 1815
1815 1177
1067 1177
424 383
655 1814
1619 291
1814 1619
383 1619
1748 1813
270 475
1812 234
1812 834
1813 1812
475 1812
516 1330
516 1772
1517 1811
1811 516
487 1336
487 797
487 1439
487 640
1187 1032
1032 487
1543 226
1543 1236
345 1543
1809 1605
1718 1173
435 1711
1711 1809
1173 1809
684 1469
1492 1808
1804 1646
1469 1804
1808 1804
1071 1802
252 1644
1802 252
803 1502
803 1478
803 1227
675 803
1075 1845
424 423
1281 1214
1214 1075
423 1075
1801 1730
1801 1714
1801 1431
1801 677
792 1739
1739 1801
1073 481
1073 284
1073 1462
812 1799
1799 1073
704 1797
903 1649
1797 903
1796 1126
1796 965
1796 264
560 1713
1713 1796
1629 1453
1629 1172
930 1096
1693 1039
1096 1629
1039 1629
1492 852
881 1795
1795 1407
852 1407
751 1793
1790 621
1793 1790
1218 1792
1516 1788
1460 806
1792 1460
1788 1460
843 1787
1784 407
1787 1784
1643 378
1643 861
1335 1643
520 1757
563 321
563 434
1782 563
1757 563
729 1559
644 1355
1355 729
1780 729
767 1598
1449 883
749 251
1598 749
883 749
937 823
1318 1123
1123 937
1779 853
1374 1583
296 1779
1583 1779
1664 1715
1281 1065
407 1715
407 1281
407 1778
851 986
986 419
561 1825
673 1767
637 1343
1775 1163
1343 1775
1767 1775
1825 1775
568 1732
1773 931
1732 1773
413 1596
984 1770
1749 844
1770 1749
1596 1749
1078 1526
1059 1554
1059 1424
1059 1132
1526 1059
1320 1059
1519 1769
1769 736
1245 1496
1245 636
1257 1534
1534 1245
710 351
1844 1273
351 1844
1590 1844
1765 1687
809 1766
1768 1765
1766 1765
923 433
1578 1586
1764 923
1586 923
1464 923
910 1003
1616 229
1616 661
1003 1616
1761 1485
1762 1761
418 1761
1657 1633
470 1342
1633 470
338 624
1548 648
1371 359
359 1548
624 1548
1022 1548
1311 1389
817 1786
1758 277
1786 1758
1389 1758
1494 554
1494 1631
1494 1291
1147 1494
1546 1756
1755 593
481 1755
1756 1755
1754 256
1519 1351
1351 1754
1249 1618
1704 328
1704 429
1618 1704
1753 1704
401 1751
527 1480
1750 574
1480 1750
1751 1750
876 1051
1051 1748
1508 1639
226 336
226 1746
226 1508
748 1688
1337 1156
639 1632
1688 639
1156 639
1745 1693
1064 1693
1743 627
1743 1295
1743 830
829 1743
1058 1740
644 389
389 505
1740 505
554 1293
1738 1293
1452 1293
1736 1660
685 1783
527 1737
1783 1736
1737 1736
543 932
1734 513
932 1734
1824 1716
1824 1558
1824 888
1733 1824
1781 693
1781 1131
1730 1781
680 1781
1551 765
725 312
946 1405
765 725
868 725
1405 725
935 1729
1729 701
556 1727
1726 400
1726 742
1727 1726
1130 250
527 1725
1631 637
1725 637
250 637
1476 1723
1722 1636
1723 1722
1304 681
473 1304
1627 1721
666 1719
1339 632
1716 1339
1554 1339
1721 1339
1719 1339
1544 461
472 1706
461 472
1608 777
647 1400
1670 1666
1400 1670
777 1670
391 1259
1714 391
1428 562
1712 514
562 1712
1678 1710
552 455
1710 552
792 1345
786 1709
1708 541
1709 1708
1345 1708
330 1707
704 1256
1707 704
1703 249
1340 1705
1483 1509
1705 1703
1380 1703
1509 1703
1625 1482
1502 1625
825 720
825 529
535 1702
1702 825
1698 493
1698 1752
627 1698
1375 1697
1277 1202
1697 1277
1520 1277
1678 1696
1694 608
1559 1694
1696 1694
1485 1694
845 977
1082 1691
1262 682
1691 1262
977 1262
553 1689
716 1013
629 1097
1013 629
1689 629
314 1686
1685 669
1686 1685
776 1489
1684 776
1025 604
1611 325
604 1611
970 1682
1682 1681
1646 1681
1678 1466
1118 1679
1679 1678
1675 983
1675 944
782 1527
1225 1676
1676 1675
1527 1675
1519 724
1519 1083
1519 1209
824 1659
1659 1519
1005 768
1218 1671
1674 1005
1671 1005
851 1454
1454 251
1454 992
1454 1668
978 1667
1364 1664
1667 1664
465 678
1388 1661
898 949
678 898
1661 898
1658 1066
1660 1658
1246 758
921 379
1244 1139
1004 1164
1164 1244
758 1244
379 1244
1116 502
1116 343
493 1116
1654 534
945 526
526 1654
641 572
1212 712
1652 625
712 1652
572 1652
1651 273
676 1810
320 1651
1810 1651
1580 1651
1648 772
1649 1648
1647 1179
590 350
274 1418
350 1647
1418 1647
897 362
1225 1641
1639 897
1644 897
1641 897
392 700
1007 887
1007 319
876 1635
1026 582
700 1007
1635 1007
582 1007
1628 707
1634 1628
1632 1628
1626 480
1038 1626
1623 403
889 1624
1624 1623
535 445
1622 586
445 1622
1033 1617
1610 1334
1613 1610
1617 1610
1615 1610
1260 1608
733 1606
1604 594
1240 1604
1606 1604
1600 416
1700 1600
1603 1600
1594 719
1594 1052
1594 1299
253 1018
1018 1594
1673 1199
931 1673
1025 278
961 1321
961 974
278 961
1592 1524
1153 1592
754 1442
633 671
1591 754
671 754
556 1531
335 1589
1589 561
1531 561
1318 466
717 1365
867 717
466 717
760 1588
1493 1585
315 1326
315 1175
1588 315
1585 315
798 761
540 798
1495 818
1582 850
818 1582
788 1582
500 1475
929 1581
1581 500
1577 500
1368 261
869 1572
1572 1368
1542 1368
1574 1368
1571 833
1176 1571
1479 1571
587 406
1169 1274
699 1169
406 1169
1570 1569
620 1568
1420 1566
1621 1107
614 1565
1565 1621
1568 1621
1566 1621
1490 918
939 1562
1562 1490
916 1490
1247 842
1070 895
842 1070
793 1294
1294 978
871 978
948 1560
957 1302
1560 957
1324 957
1807 1555
1538 1552
1552 1551
1558 1551
1555 1551
1541 1196
1541 1037
587 1545
733 1550
1550 1541
1545 1541
1413 1692
1379 1413
1561 735
1126 1561
577 1540
477 1111
1540 716
724 716
1111 716
330 1838
1838 843
1538 1426
1538 688
1539 1538
1218 1537
1537 1388
900 1024
1609 757
1401 1229
1229 1024
1229 1609
1229 816
1199 841
353 1444
1601 1529
1529 353
1532 353
376 353
1524 1476
1523 341
1523 1040
887 1523
1163 1523
1190 1518
1518 1514
1515 1514
911 1208
282 1513
1513 911
1512 911
821 1080
1504 1327
1510 1504
1080 1504
1268 1499
1499 1495
1496 1495
1493 755
793 1117
1117 1493
1491 1017
1742 1491
416 1491
1578 1486
1488 1483
1486 1483
1456 1481
1278 523
523 1449
1482 1449
1481 1449
1597 990
1478 1597
1077 1473
1620 410
1475 1620
1473 1620
405 1470
1465 1501
571 1468
1466 1465
1470 1465
1468 1465
1025 1463
1250 876
1463 876
821 706
1161 1461
1461 1263
706 1263
454 1458
1456 1806
1456 295
1458 1456
1455 665
759 1455
775 1630
1423 683
1630 1423
1453 1423
405 1450
1450 1448
1451 1448
866 1448
1112 1193
1441 1109
1442 1441
1444 1441
1193 1441
1440 512
1440 996
1440 862
888 1440
237 1438
1438 1435
1500 580
580 909
987 769
987 642
773 1432
1431 987
1433 987
1432 987
318 1430
1430 1428
1421 1241
1426 1421
1424 1421
1217 1360
1419 299
1146 924
249 1419
924 1419
1360 1419
1179 1419
1319 1186
1319 352
1319 831
1069 1319
901 1222
1416 415
1222 1416
433 1416
1414 1310
1414 922
824 1415
1415 1414
1198 1159
1061 1411
1411 1198
1409 1198
1695 1408
1408 1500
1803 1763
290 1669
365 1406
1406 1803
1669 1803
805 1403
1402 559
1806 559
1403 559
1233 1401
232 390
512 232
1398 232
443 1192
527 1397
1397 443
1174 674
839 1553
1553 1107
1553 1174
1553 820
1393 566
607 460
509 1394
801 1395
460 1393
1395 1393
1394 1393
1390 1216
628 324
739 1392
324 1390
1392 1390
1385 873
1130 1386
845 1498
1498 1385
1386 1385
1381 1316
1381 444
621 1381
1383 1381
371 327
971 1378
1378 371
474 1376
1376 835
895 835
451 743
1605 1374
743 1374
1334 1371
1372 1371
1367 450
1412 1367
850 1367
1366 363
1692 1366
1361 228
628 1356
1088 1158
1356 1361
597 1361
1158 1361
1365 1361
298 1354
965 1354
709 1607
1350 886
1350 703
772 1607
772 1307
772 1350
809 1151
809 697
1578 1087
1087 809
1231 1152
1349 1231
941 1231
1103 1348
1348 1642
1328 1533
256 1328
1677 464
801 1346
1346 1340
1344 1340
314 1614
229 314
1338 1337
967 890
1336 967
533 522
533 427
1332 533
550 1331
1226 260
260 451
1331 451
628 456
1330 282
456 282
1085 884
845 1322
1326 1085
1322 1085
1321 1318
1315 1063
693 1315
1316 1315
1278 1312
1313 1311
1312 1311
1492 1387
1492 462
1310 1492
405 692
692 274
1309 1205
838 437
812 1182
886 1309
1182 1309
437 1309
587 878
878 1306
672 1300
1298 1011
1302 1298
1300 1298
945 938
628 1672
1672 945
1296 945
1295 945
1292 1089
1291 1089
545 596
1763 929
596 929
1288 1171
785 1290
242 1288
1290 1288
797 1288
509 355
509 428
1225 1287
611 783
783 509
1287 509
1284 855
684 1285
1323 1284
1285 1284
677 1284
468 1283
1216 709
1283 709
1280 709
1130 532
1578 1557
1578 280
532 1578
1399 1279
1279 1278
1275 365
1274 365
334 435
1273 435
1614 1272
1614 588
1614 1268
1155 1267
1267 851
775 276
775 386
318 1265
1265 814
1265 775
1265 1266
1261 1010
1731 1261
769 1261
485 1261
1258 1104
1259 1258
1255 294
1256 1255
995 882
482 1050
713 896
882 713
1050 713
935 1006
1557 935
1530 935
1167 323
896 1254
1028 1254
323 1254
1248 1054
1082 1253
1253 1248
1247 408
1247 393
502 1247
1000 584
368 1167
584 1167
268 1062
1241 1246
246 1246
1062 1246
720 1246
1663 1239
1239 1252
1237 1252
1235 1044
1235 316
1236 1235
1031 238
666 1230
1230 1031
956 1031
290 968
1226 794
1227 1226
968 1226
838 791
791 1225
1160 634
1507 1160
1224 1160
1223 901
1219 901
338 504
1082 600
504 984
600 984
1218 1221
311 1218
1001 538
538 1217
1387 1217
1215 1212
1342 1212
1151 1718
1210 1203
1205 1203
1202 1200
964 1200
454 1195
1511 1190
1195 1190
673 1655
1655 1001
1088 1189
1189 1187
824 756
756 685
1257 1185
1181 1184
1185 1184
1186 1184
1587 1184
420 902
228 385
1735 385
879 385
902 385
1201 235
1124 233
1522 914
1522 899
235 1522
233 1522
982 240
240 237
683 237
234 237
279 1567
1243 1358
917 1243
1567 1243
1196 1301
1132 1301
1166 377
1798 569
740 239
377 1798
327 1798
239 1798
710 549
549 1399
1487 1145
642 1487
241 1487
309 1728
834 309
1842 309
1049 309
576 705
261 576
566 576
362 576
450 576
527 394
527 304
527 734
527 926
527 859
718 243
243 527
790 244
524 247
244 1601
247 1601
1166 654
401 1094
1094 1166
578 912
912 253
733 860
860 254
305 885
305 471
522 305
1516 449
255 1516
257 1516
669 330
1130 263
996 424
263 424
363 839
1517 660
328 1517
983 1517
1373 1640
421 1046
1640 1046
476 1314
1636 476
267 919
266 267
1145 267
855 267
891 287
849 573
287 849
468 269
369 779
893 417
497 893
269 893
779 893
275 721
342 271
838 1108
272 275
271 275
1108 275
587 1029
1029 535
276 279
277 279
283 874
283 908
280 283
411 1140
1140 1650
944 1650
284 1650
1845 1220
285 1220
892 518
518 694
312 694
306 905
295 290
628 1127
457 1157
457 1353
1467 457
1127 457
394 1206
543 950
543 1503
969 543
405 1556
1556 1505
294 291
294 662
294 358
297 787
1159 297
534 297
947 367
1044 947
447 299
447 679
447 342
1425 302
747 646
308 870
646 308
302 308
768 673
378 673
304 673
307 344
1104 307
741 307
773 732
1305 1662
732 647
1662 647
824 1774
1033 313
1422 1033
1774 1033
313 1325
591 1325
316 318
1271 426
321 396
1172 396
426 396
1010 1249
734 1249
1257 1850
1850 1373
258 1020
1037 258
714 329
590 333
1447 339
339 335
333 335
329 335
949 335
881 1057
1573 936
936 616
1057 616
728 970
346 970
748 347
347 930
980 349
357 1091
355 357
349 357
352 357
569 1420
361 1420
1687 1420
1071 442
462 1071
599 811
482 366
364 753
366 753
546 687
1706 546
782 1099
812 880
1099 611
880 611
370 799
1105 744
238 370
744 370
954 370
1171 370
372 1142
1833 372
648 372
636 372
1082 440
373 1447
440 1447
760 826
520 374
544 595
826 544
374 544
578 1098
1098 760
405 1521
1521 404
1497 380
1595 1546
380 1546
587 1056
587 458
1221 587
748 384
356 1009
384 356
1025 467
755 1025
486 1093
1045 525
1462 486
525 486
390 1105
874 1105
343 1105
403 1105
1425 836
1425 1101
691 915
915 1425
884 392
971 397
894 468
397 468
399 1124
398 1124
325 1124
405 612
400 405
268 1690
409 1079
1760 409
1690 409
429 411
1095 570
570 348
787 348
453 387
412 453
1144 998
836 413
998 413
747 653
824 1602
653 792
1602 792
455 1257
415 767
408 767
511 1086
938 511
634 511
520 746
746 710
735 881
722 731
1162 722
583 722
529 722
1377 1807
422 1100
573 422
785 499
499 655
427 655
1133 496
1506 496
417 496
1528 340
1208 1528
434 1528
1657 438
681 1305
438 1305
1058 959
590 567
567 1077
959 1077
581 603
626 581
441 581
1091 581
448 630
1772 448
594 448
442 448
449 557
491 557
1436 489
489 1271
885 1271
1130 907
907 454
733 774
963 465
774 465
1489 805
1130 236
1009 469
236 469
474 1090
471 474
1314 1666
1314 477
1314 478
482 484
644 857
857 482
1082 488
484 590
488 590
1065 676
425 676
1063 676
718 652
813 494
494 718
764 414
607 495
495 764
479 764
595 1026
498 1026
1047 501
1047 227
1047 845
665 430
1114 698
503 1114
619 507
1264 508
507 508
1777 622
386 1777
510 1777
918 553
1102 553
914 553
739 1120
513 524
1120 524
514 515
1078 1683
1695 1015
1683 520
1015 520
801 585
264 801
926 801
530 748
719 748
1547 1178
1054 733
1178 733
1175 1074
1118 848
1612 1118
1168 1144
1019 628
864 995
341 995
745 1549
578 663
663 1627
1549 1627
824 1800
691 1384
1103 832
1800 1103
1384 1103
428 1112
410 1112
715 1297
1297 369
831 369
666 1121
467 666
682 666
556 650
861 556
1165 1161
1157 1497
808 1497
568 875
875 1155
1152 790
856 790
659 773
1095 802
1149 1023
802 1023
1573 609
609 933
742 933
1477 288
1477 994
1052 1477
1100 910
480 1139
480 1138
480 1135
593 948
1141 948
1131 1720
950 1720
1129 300
1078 259
940 1129
259 1129
1061 1125
1125 1663
870 401
541 401
545 1060
1060 1000
1122 1000
1276 1000
1110 667
1154 1110
974 1110
1017 1110
904 1016
1101 904
1040 821
863 821
981 906
555 672
906 672
1090 550
1097 1095
1115 828
1093 1115
1142 1115
326 1088
824 537
652 644
537 644
827 1525
830 1525
862 1525
833 817
393 817
592 1084
1086 1084
1547 606
786 1012
1012 1547
696 1544
1041 558
606 1041
1066 715
1056 715
1599 1053
942 331
331 981
1353 981
1053 981
444 900
780 900
1327 900
1457 1119
1501 1119
1030 1119
1027 1201
288 1201
726 921
1020 921
622 270
1006 270
689 1004
795 1004
1308 869
731 869
844 420
300 420
994 420
993 711
1016 993
1083 993
551 982
990 982
1079 982
702 975
975 578
687 265
687 1183
687 1459
654 571
344 571
1150 571
1058 708
708 714
922 714
766 268
1347 684
542 545
1359 1143
823 1359
558 560
908 785
891 752
752 568
661 799
661 778
661 633
1058 310
602 1599
310 1599
794 1599
1299 1002
1082 1204
1204 577
387 281
761 784
1143 641
1752 641
601 1436
890 1436
1439 1657
382 942
688 942
913 607
608 614
612 614
873 620
640 620
697 615
711 740
623 740
1082 822
822 1130
745 730
698 625
698 846
698 745
973 1034
703 782
1034 782
786 796
796 338
832 338
751 579
1194 643
579 643
723 322
322 751
650 751
919 751
762 971
248 1375
660 1375
536 664
674 892
667 892
632 892
951 1058
1192 723
927 1055
853 927
1014 927
458 739
519 739
1417 1146
1503 1146
586 1146
793 1593
1593 1429
1121 946
730 946
707 946
1533 928
574 928
1209 939
319 973
899 1061
490 889
872 1045
721 1045
630 1045
340 1045
859 1573
848 1573
367 414
367 980
367 686
585 695
806 619
