2292 2925
0 4 4
1 128 16
2 16 16
3 32 64
4 32 32
5 4 64
6 256 2048
7 128 16
8 4 32
9 1024 256
10 128 8
11 512 1024
12 4 128
13 2048 256
14 128 16
15 32 4
16 512 1024
17 16 64
18 8 8
19 64 64
20 16 64
21 32 32
22 8 64
23 4 128
24 1024 1024
25 512 256
26 16 64
27 4 32
28 512 2048
29 256 1024
30 64 8
31 64 64
32 64 64
33 256 256
34 128 8
35 16 8
36 64 64
37 8 64
38 64 8
39 128 64
40 4 64
41 4 8
42 8 32
43 1024 512
44 128 32
45 512 512
46 16 8
47 2048 1024
48 32 32
49 4 16
50 32 4
51 512 1024
52 128 4
53 64 64
54 4 64
55 32 8
56 64 8
57 512 1024
58 8 16
59 128 32
60 512 1024
61 32 32
62 32 16
63 8 4
64 128 4
65 64 64
66 4 128
67 8 4
68 32 16
69 8 16
70 8 32
71 32 8
72 64 4
73 256 512
74 32 4
75 8 8
76 4 128
77 1024 256
78 16 4
79 4 64
80 128 128
81 4 64
82 16 32
83 32 8
84 8 32
85 64 16
86 1024 256
87 256 2048
88 64 8
89 128 8
90 8 4
91 256 1024
92 64 16
93 512 1024
94 32 4
95 128 32
96 1024 2048
97 8 16
98 4 32
99 64 64
100 1024 1024
101 32 128
102 64 16
103 4 16
104 8 8
105 64 64
106 2048 2048
107 4 8
108 16 16
109 8 8
110 2048 256
111 128 4
112 32 32
113 32 64
114 128 64
115 64 128
116 8 16
117 1024 2048
118 8 64
119 16 128
120 128 32
121 64 8
122 8 4
123 256 512
124 16 128
125 64 16
126 4 4
127 16 64
128 64 64
129 16 16
130 16 64
131 16 64
132 16 8
133 32 32
134 512 256
135 4 128
136 8 128
137 128 64
138 2048 512
139 4 8
140 4 8
141 256 1024
142 64 8
143 16 128
144 32 4
145 64 16
146 64 16
147 2048 2048
148 128 32
149 1024 256
150 8 64
151 2048 256
152 32 16
153 16 32
154 4 128
155 4 4
156 64 32
157 512 512
158 16 64
159 512 2048
160 16 4
161 32 16
162 256 2048
163 16 64
164 128 64
165 128 4
166 256 2048
167 128 128
168 256 512
169 128 128
170 32 32
171 128 16
172 2048 2048
173 16 8
174 16 128
175 128 16
176 256 256
177 64 32
178 16 4
179 32 32
180 16 64
181 4 16
182 1024 256
183 4 16
184 512 2048
185 64 64
186 2048 256
187 128 16
188 32 32
189 256 512
190 16 128
191 256 256
192 16 4
193 128 4
194 256 512
195 512 256
196 512 1024
197 4 8
198 8 4
199 512 2048
200 1024 512
201 8 32
202 8 4
203 8 16
204 1024 1024
205 16 8
206 512 256
207 2048 256
208 64 4
209 2048 256
210 256 512
211 2048 2048
212 1024 2048
213 32 64
214 128 4
215 64 4
216 32 4
217 16 32
218 8 8
219 32 64
220 1024 256
221 64 32
222 32 8
223 128 8
224 32 4
225 256 256
226 8 4
227 64 32
228 64 128
229 32 64
230 4 64
231 16 4
232 1024 2048
233 32 64
234 128 32
235 64 8
236 8 128
237 128 4
238 128 128
239 128 8
240 128 32
241 256 1024
242 128 16
243 4 32
244 8 32
245 32 16
246 256 512
247 16 32
248 512 1024
249 512 2048
250 64 8
251 16 64
252 1024 2048
253 8 64
254 128 16
255 128 8
256 4 64
257 16 8
258 8 4
259 1024 256
260 16 4
261 32 8
262 16 4
263 1024 2048
264 256 2048
265 512 1024
266 512 256
267 256 1024
268 4 64
269 1024 512
270 512 256
271 1024 512
272 128 32
273 128 32
274 8 32
275 8 32
276 8 128
277 16 128
278 128 128
279 2048 1024
280 32 4
281 2048 2048
282 32 128
283 16 64
284 128 4
285 8 128
286 128 8
287 256 1024
288 8 4
289 4 4
290 64 8
291 64 8
292 2048 512
293 32 32
294 512 512
295 16 64
296 8 16
297 512 512
298 512 2048
299 64 16
300 16 8
301 8 64
302 16 128
303 2048 256
304 64 64
305 512 512
306 2048 512
307 32 4
308 32 4
309 4 32
310 32 4
311 256 256
312 128 8
313 64 8
314 256 256
315 64 8
316 8 8
317 32 4
318 512 256
319 1024 2048
320 256 256
321 1024 1024
322 512 2048
323 4 16
324 64 16
325 16 4
326 16 8
327 256 512
328 128 64
329 64 4
330 8 64
331 16 8
332 16 8
333 1024 2048
334 2048 1024
335 128 128
336 128 128
337 128 4
338 1024 256
339 32 32
340 512 256
341 16 8
342 64 4
343 128 32
344 8 16
345 128 4
346 128 16
347 16 4
348 32 128
349 16 64
350 32 64
351 8 4
352 256 1024
353 4 32
354 64 128
355 4 128
356 64 4
357 64 16
358 8 8
359 8 128
360 16 128
361 16 128
362 32 16
363 8 8
364 128 4
365 4 64
366 2048 256
367 256 2048
368 8 4
369 128 4
370 128 128
371 64 128
372 8 64
373 4 16
374 128 64
375 1024 1024
376 32 128
377 128 16
378 2048 1024
379 4 128
380 8 4
381 4 16
382 16 16
383 512 2048
384 32 8
385 128 128
386 16 64
387 8 8
388 4 128
389 2048 256
390 128 4
391 128 32
392 256 512
393 4 64
394 64 64
395 8 32
396 64 128
397 8 64
398 128 64
399 8 64
400 16 64
401 128 8
402 2048 256
403 16 4
404 1024 256
405 64 32
406 128 64
407 2048 256
408 16 128
409 8 8
410 128 32
411 4 32
412 4 8
413 128 32
414 2048 2048
415 1024 512
416 128 128
417 8 4
418 4 4
419 1024 1024
420 128 64
421 8 64
422 32 32
423 32 128
424 16 128
425 64 8
426 32 4
427 2048 256
428 64 16
429 4 4
430 64 32
431 512 1024
432 8 4
433 256 1024
434 16 64
435 2048 1024
436 4 32
437 4 16
438 32 8
439 16 64
440 256 512
441 32 32
442 64 16
443 256 512
444 16 8
445 4 4
446 128 32
447 16 16
448 256 2048
449 8 64
450 128 128
451 1024 512
452 512 512
453 128 8
454 16 16
455 8 16
456 32 16
457 32 4
458 16 8
459 4 8
460 64 32
461 32 128
462 64 4
463 128 8
464 128 64
465 2048 256
466 64 4
467 4 8
468 256 2048
469 4 4
470 2048 1024
471 16 64
472 128 8
473 8 4
474 8 32
475 2048 512
476 512 512
477 512 2048
478 8 128
479 512 256
480 64 16
481 2048 512
482 128 16
483 512 512
484 1024 2048
485 256 1024
486 16 32
487 16 4
488 16 64
489 32 16
490 32 32
491 1024 512
492 32 64
493 512 256
494 128 32
495 128 4
496 64 16
497 8 16
498 512 1024
499 32 128
500 32 16
501 256 2048
502 2048 256
503 16 32
504 32 8
505 512 512
506 4 64
507 256 2048
508 64 16
509 32 64
510 8 4
511 1024 1024
512 1024 256
513 256 256
514 16 64
515 4 8
516 128 128
517 256 2048
518 8 128
519 64 4
520 32 16
521 2048 1024
522 16 64
523 16 8
524 4 16
525 16 32
526 2048 2048
527 2048 2048
528 256 512
529 64 64
530 2048 2048
531 16 16
532 32 128
533 64 32
534 512 256
535 32 32
536 8 16
537 256 256
538 64 8
539 4 128
540 4 16
541 8 64
542 128 32
543 256 2048
544 32 4
545 64 32
546 512 512
547 1024 512
548 128 32
549 64 16
550 1024 2048
551 2048 2048
552 32 4
553 8 8
554 256 512
555 1024 512
556 1024 256
557 8 16
558 256 512
559 8 32
560 1024 2048
561 4 16
562 2048 1024
563 2048 512
564 64 64
565 4 64
566 4 8
567 32 8
568 8 8
569 512 2048
570 2048 1024
571 128 4
572 64 32
573 8 4
574 32 32
575 256 1024
576 32 128
577 16 32
578 256 1024
579 32 128
580 4 8
581 4 64
582 32 4
583 2048 1024
584 8 128
585 8 64
586 64 32
587 128 32
588 512 512
589 16 4
590 256 1024
591 128 128
592 2048 256
593 64 32
594 8 64
595 128 16
596 1024 2048
597 8 16
598 256 1024
599 32 32
600 256 512
601 128 32
602 64 128
603 64 4
604 8 64
605 16 128
606 16 128
607 128 16
608 512 256
609 128 16
610 8 16
611 128 16
612 64 16
613 64 8
614 1024 2048
615 2048 256
616 512 2048
617 64 4
618 64 128
619 16 64
620 128 4
621 256 512
622 4 8
623 128 64
624 1024 512
625 512 512
626 32 16
627 128 8
628 256 1024
629 512 256
630 256 2048
631 4 8
632 16 64
633 64 64
634 512 256
635 32 4
636 16 16
637 4 4
638 1024 256
639 1024 2048
640 4 128
641 2048 1024
642 128 32
643 512 256
644 64 128
645 16 32
646 8 64
647 8 16
648 16 4
649 2048 256
650 2048 256
651 4 64
652 32 32
653 1024 256
654 4 4
655 32 32
656 32 8
657 64 8
658 512 256
659 512 1024
660 2048 256
661 128 128
662 512 256
663 4 8
664 256 2048
665 4 128
666 4 16
667 16 4
668 32 8
669 1024 1024
670 4 16
671 16 16
672 32 16
673 4 64
674 128 128
675 32 16
676 512 256
677 8 128
678 16 128
679 512 512
680 64 64
681 2048 512
682 1024 512
683 8 16
684 512 512
685 32 64
686 256 256
687 4 64
688 4 8
689 4 128
690 128 64
691 16 32
692 256 256
693 2048 512
694 16 32
695 8 32
696 128 4
697 4 64
698 128 8
699 64 32
700 128 4
701 1024 2048
702 1024 512
703 256 512
704 2048 512
705 8 8
706 128 32
707 512 2048
708 16 64
709 32 128
710 128 32
711 256 256
712 128 16
713 32 4
714 64 8
715 32 32
716 32 4
717 64 32
718 256 2048
719 16 64
720 4 4
721 64 4
722 2048 256
723 2048 256
724 16 32
725 2048 512
726 32 4
727 8 64
728 4 8
729 64 8
730 8 32
731 1024 256
732 32 16
733 128 4
734 8 64
735 2048 1024
736 512 2048
737 64 64
738 128 32
739 32 128
740 128 64
741 128 64
742 16 128
743 16 32
744 4 128
745 2048 2048
746 64 128
747 4 32
748 512 1024
749 8 4
750 32 16
751 16 8
752 16 8
753 512 512
754 8 16
755 2048 256
756 4 32
757 64 128
758 64 64
759 128 128
760 256 256
761 256 512
762 1024 2048
763 16 64
764 16 16
765 4 64
766 16 16
767 128 64
768 32 32
769 8 4
770 128 64
771 8 64
772 256 512
773 4 16
774 8 16
775 64 16
776 32 64
777 1024 1024
778 512 2048
779 4 16
780 2048 512
781 4 8
782 128 128
783 8 32
784 2048 1024
785 16 128
786 512 512
787 64 64
788 256 256
789 1024 1024
790 16 4
791 256 2048
792 2048 256
793 16 8
794 256 2048
795 4 4
796 4 8
797 1024 2048
798 256 1024
799 32 16
800 16 32
801 64 64
802 8 128
803 16 16
804 128 64
805 1024 2048
806 128 16
807 4 64
808 64 128
809 32 4
810 4 64
811 16 4
812 512 256
813 32 4
814 2048 2048
815 2048 256
816 16 4
817 2048 256
818 2048 2048
819 2048 512
820 32 4
821 128 32
822 4 32
823 16 4
824 128 16
825 32 32
826 16 4
827 8 32
828 16 128
829 128 4
830 32 64
831 4 32
832 8 16
833 1024 2048
834 32 64
835 1024 512
836 32 128
837 1024 256
838 32 8
839 4 64
840 64 4
841 64 32
842 2048 512
843 512 2048
844 2048 512
845 512 2048
846 16 16
847 256 2048
848 16 4
849 1024 1024
850 8 32
851 16 4
852 32 128
853 2048 1024
854 8 64
855 32 8
856 256 2048
857 8 16
858 16 4
859 32 128
860 512 1024
861 64 4
862 64 128
863 512 512
864 4 32
865 256 1024
866 128 8
867 32 64
868 32 4
869 512 1024
870 1024 512
871 8 64
872 64 32
873 16 32
874 512 2048
875 2048 1024
876 16 4
877 8 128
878 16 32
879 64 16
880 256 256
881 64 16
882 16 128
883 64 8
884 256 1024
885 256 256
886 2048 1024
887 4 4
888 32 64
889 1024 512
890 4 128
891 512 2048
892 32 4
893 128 64
894 32 4
895 4 64
896 4 32
897 64 16
898 256 2048
899 32 64
900 64 4
901 256 2048
902 8 8
903 128 128
904 64 16
905 128 8
906 4 16
907 4 128
908 64 4
909 4 32
910 16 32
911 256 512
912 128 128
913 512 1024
914 128 64
915 1024 2048
916 16 128
917 4 8
918 2048 1024
919 16 32
920 128 32
921 128 8
922 8 64
923 32 64
924 128 16
925 4 32
926 4 128
927 64 128
928 4 16
929 128 8
930 8 128
931 64 128
932 64 4
933 256 256
934 256 256
935 8 8
936 256 2048
937 4 16
938 16 8
939 4 128
940 4 128
941 16 64
942 2048 512
943 2048 256
944 64 32
945 8 8
946 512 256
947 256 512
948 512 2048
949 4 64
950 256 256
951 128 8
952 64 64
953 16 8
954 512 512
955 4 64
956 8 64
957 4 8
958 16 4
959 64 8
960 256 512
961 512 256
962 1024 256
963 128 32
964 32 64
965 64 32
966 16 128
967 512 1024
968 16 32
969 32 128
970 4 64
971 1024 256
972 512 2048
973 128 32
974 64 32
975 128 8
976 128 8
977 128 4
978 512 2048
979 16 4
980 64 16
981 16 4
982 256 1024
983 32 32
984 16 8
985 8 8
986 128 128
987 256 512
988 128 8
989 4 32
990 16 32
991 64 4
992 32 16
993 64 32
994 1024 1024
995 8 32
996 4 128
997 128 16
998 128 4
999 1024 1024
1000 4 16
1001 8 64
1002 128 32
1003 16 128
1004 256 512
1005 16 64
1006 32 8
1007 512 1024
1008 8 8
1009 16 16
1010 8 128
1011 512 256
1012 16 32
1013 4 64
1014 32 8
1015 256 1024
1016 64 64
1017 1024 512
1018 32 32
1019 4 16
1020 16 128
1021 16 4
1022 8 128
1023 1024 1024
1024 8 16
1025 1024 1024
1026 1024 256
1027 64 4
1028 32 32
1029 8 64
1030 32 8
1031 16 4
1032 8 128
1033 128 16
1034 4 128
1035 8 8
1036 8 32
1037 128 64
1038 8 8
1039 64 4
1040 8 128
1041 64 128
1042 8 4
1043 512 256
1044 256 2048
1045 128 4
1046 4 128
1047 64 64
1048 128 128
1049 32 4
1050 256 2048
1051 64 128
1052 128 8
1053 16 128
1054 4 4
1055 32 128
1056 16 8
1057 2048 256
1058 16 128
1059 64 64
1060 16 4
1061 8 64
1062 128 8
1063 64 4
1064 512 256
1065 512 256
1066 16 128
1067 8 64
1068 64 32
1069 32 128
1070 16 128
1071 32 64
1072 128 128
1073 2048 2048
1074 1024 256
1075 64 4
1076 4 32
1077 32 16
1078 1024 2048
1079 512 512
1080 32 8
1081 512 1024
1082 256 512
1083 16 128
1084 64 128
1085 256 256
1086 256 2048
1087 64 32
1088 512 1024
1089 8 16
1090 8 64
1091 128 8
1092 16 16
1093 64 32
1094 2048 1024
1095 16 64
1096 16 8
1097 16 8
1098 4 64
1099 8 16
1100 4 128
1101 512 512
1102 16 8
1103 16 16
1104 512 256
1105 128 32
1106 128 32
1107 4 8
1108 16 64
1109 2048 256
1110 2048 2048
1111 64 128
1112 1024 2048
1113 4 64
1114 512 2048
1115 1024 1024
1116 256 2048
1117 32 4
1118 64 8
1119 256 1024
1120 128 128
1121 8 128
1122 32 16
1123 16 64
1124 64 4
1125 256 512
1126 128 128
1127 4 16
1128 256 1024
1129 32 32
1130 16 4
1131 32 64
1132 256 2048
1133 64 16
1134 64 128
1135 64 32
1136 4 64
1137 256 2048
1138 2048 1024
1139 64 8
1140 128 8
1141 256 256
1142 64 64
1143 16 64
1144 256 2048
1145 8 128
1146 4 16
1147 16 128
1148 32 64
1149 2048 512
1150 32 128
1151 256 512
1152 32 8
1153 64 4
1154 4 8
1155 16 64
1156 256 512
1157 64 16
1158 16 64
1159 8 4
1160 64 16
1161 64 128
1162 512 256
1163 4 16
1164 2048 256
1165 2048 2048
1166 4 128
1167 64 8
1168 64 16
1169 16 8
1170 2048 256
1171 512 256
1172 128 16
1173 32 64
1174 256 512
1175 32 32
1176 2048 256
1177 4 8
1178 16 4
1179 4 128
1180 32 16
1181 32 16
1182 4 64
1183 128 32
1184 32 64
1185 256 1024
1186 8 16
1187 16 8
1188 1024 512
1189 16 32
1190 2048 1024
1191 4 64
1192 2048 256
1193 16 8
1194 128 64
1195 256 512
1196 1024 2048
1197 4 4
1198 4 128
1199 1024 2048
1200 64 16
1201 256 1024
1202 64 8
1203 128 128
1204 256 1024
1205 64 8
1206 128 8
1207 32 128
1208 16 4
1209 16 64
1210 32 16
1211 4 16
1212 128 128
1213 16 4
1214 128 4
1215 512 2048
1216 8 64
1217 256 256
1218 64 8
1219 4 64
1220 8 64
1221 4 4
1222 16 128
1223 1024 256
1224 32 128
1225 2048 2048
1226 4 64
1227 8 32
1228 1024 2048
1229 32 4
1230 512 1024
1231 1024 512
1232 4 16
1233 512 1024
1234 16 8
1235 1024 256
1236 64 64
1237 32 16
1238 1024 2048
1239 512 512
1240 2048 2048
1241 8 8
1242 256 256
1243 16 8
1244 256 2048
1245 64 128
1246 64 32
1247 64 8
1248 128 64
1249 64 64
1250 2048 256
1251 16 32
1252 4 4
1253 16 8
1254 16 32
1255 512 2048
1256 128 16
1257 4 64
1258 16 64
1259 2048 2048
1260 32 32
1261 128 8
1262 128 128
1263 8 128
1264 4 64
1265 512 256
1266 64 32
1267 1024 1024
1268 512 512
1269 1024 512
1270 2048 1024
1271 16 16
1272 32 32
1273 256 512
1274 256 256
1275 16 16
1276 16 16
1277 512 512
1278 32 128
1279 512 512
1280 2048 256
1281 64 32
1282 8 128
1283 128 64
1284 32 16
1285 512 1024
1286 512 512
1287 128 64
1288 64 16
1289 2048 512
1290 16 64
1291 64 16
1292 8 64
1293 1024 1024
1294 512 2048
1295 512 512
1296 64 16
1297 64 64
1298 8 32
1299 4 8
1300 256 512
1301 4 8
1302 2048 512
1303 128 128
1304 16 16
1305 4 8
1306 2048 512
1307 16 32
1308 64 64
1309 32 16
1310 64 64
1311 16 8
1312 64 16
1313 512 256
1314 2048 512
1315 8 4
1316 128 4
1317 512 1024
1318 4 32
1319 1024 256
1320 512 2048
1321 8 64
1322 4 4
1323 8 16
1324 1024 1024
1325 64 8
1326 128 8
1327 1024 1024
1328 512 256
1329 128 32
1330 2048 2048
1331 16 64
1332 16 16
1333 16 64
1334 16 16
1335 4 32
1336 128 8
1337 512 1024
1338 16 64
1339 8 8
1340 256 2048
1341 64 128
1342 128 16
1343 32 16
1344 8 64
1345 64 128
1346 4 32
1347 8 64
1348 512 1024
1349 4 128
1350 512 512
1351 4 4
1352 1024 256
1353 2048 2048
1354 128 32
1355 16 4
1356 128 16
1357 16 16
1358 64 8
1359 16 16
1360 128 16
1361 16 128
1362 8 32
1363 1024 2048
1364 64 8
1365 8 64
1366 256 256
1367 128 64
1368 128 8
1369 2048 2048
1370 2048 1024
1371 128 16
1372 8 8
1373 64 128
1374 128 4
1375 32 32
1376 32 16
1377 2048 2048
1378 4 8
1379 4 8
1380 2048 512
1381 4 128
1382 128 128
1383 8 4
1384 32 4
1385 1024 256
1386 2048 1024
1387 8 16
1388 4 32
1389 4 16
1390 32 16
1391 256 1024
1392 256 256
1393 256 256
1394 2048 1024
1395 64 4
1396 4 16
1397 1024 256
1398 1024 2048
1399 256 1024
1400 1024 1024
1401 64 4
1402 8 32
1403 32 32
1404 1024 1024
1405 64 16
1406 128 128
1407 4 8
1408 1024 1024
1409 256 2048
1410 32 64
1411 128 64
1412 256 1024
1413 8 64
1414 16 4
1415 128 16
1416 128 32
1417 4 16
1418 256 2048
1419 256 1024
1420 16 32
1421 4 64
1422 64 64
1423 8 64
1424 32 16
1425 128 64
1426 64 64
1427 16 128
1428 1024 2048
1429 2048 512
1430 64 64
1431 16 16
1432 16 16
1433 4 4
1434 8 128
1435 1024 512
1436 4 32
1437 8 64
1438 1024 512
1439 128 32
1440 256 2048
1441 64 128
1442 16 4
1443 1024 256
1444 64 32
1445 64 8
1446 64 32
1447 32 8
1448 16 16
1449 32 4
1450 64 4
1451 128 16
1452 512 256
1453 128 128
1454 4 32
1455 64 128
1456 256 256
1457 8 4
1458 128 64
1459 16 16
1460 2048 2048
1461 32 8
1462 16 64
1463 32 16
1464 32 4
1465 4 128
1466 2048 1024
1467 4 32
1468 1024 512
1469 8 128
1470 1024 256
1471 32 64
1472 64 16
1473 32 8
1474 256 1024
1475 4 128
1476 64 64
1477 64 8
1478 4 32
1479 4 4
1480 4 16
1481 512 256
1482 64 4
1483 4 8
1484 16 64
1485 2048 2048
1486 256 2048
1487 8 8
1488 4 8
1489 1024 2048
1490 32 64
1491 2048 512
1492 8 32
1493 32 4
1494 8 32
1495 256 256
1496 8 16
1497 2048 1024
1498 4 64
1499 8 128
1500 512 256
1501 64 32
1502 128 8
1503 512 1024
1504 512 512
1505 512 256
1506 4 64
1507 1024 1024
1508 64 64
1509 8 16
1510 256 256
1511 256 1024
1512 8 16
1513 128 16
1514 2048 2048
1515 512 1024
1516 4 4
1517 8 8
1518 4 128
1519 512 256
1520 32 32
1521 512 256
1522 256 2048
1523 64 128
1524 16 32
1525 64 64
1526 16 8
1527 8 4
1528 256 256
1529 8 128
1530 16 16
1531 16 32
1532 8 64
1533 1024 256
1534 64 64
1535 2048 512
1536 4 8
1537 64 16
1538 4 16
1539 64 8
1540 4 64
1541 32 8
1542 8 8
1543 4 64
1544 4 8
1545 2048 256
1546 32 8
1547 32 16
1548 32 128
1549 8 16
1550 32 16
1551 8 32
1552 128 8
1553 1024 256
1554 128 16
1555 256 1024
1556 512 512
1557 8 8
1558 32 64
1559 4 128
1560 128 64
1561 16 8
1562 256 1024
1563 8 4
1564 32 128
1565 1024 256
1566 16 32
1567 32 32
1568 2048 2048
1569 128 32
1570 64 32
1571 8 8
1572 16 16
1573 16 8
1574 1024 512
1575 4 16
1576 512 256
1577 8 8
1578 16 16
1579 128 8
1580 32 16
1581 32 64
1582 8 128
1583 64 4
1584 16 32
1585 2048 2048
1586 256 512
1587 64 64
1588 8 16
1589 2048 2048
1590 2048 256
1591 2048 2048
1592 4 8
1593 128 4
1594 32 8
1595 32 64
1596 1024 512
1597 512 512
1598 16 16
1599 8 64
1600 16 4
1601 8 32
1602 64 4
1603 128 128
1604 128 16
1605 8 64
1606 16 16
1607 256 256
1608 8 16
1609 2048 512
1610 16 64
1611 32 64
1612 1024 512
1613 8 32
1614 8 4
1615 4 64
1616 8 4
1617 8 64
1618 512 512
1619 1024 2048
1620 64 32
1621 32 64
1622 2048 2048
1623 256 1024
1624 128 128
1625 512 256
1626 16 4
1627 64 8
1628 16 4
1629 128 128
1630 8 16
1631 128 128
1632 512 512
1633 1024 256
1634 32 32
1635 1024 2048
1636 2048 2048
1637 2048 1024
1638 128 16
1639 32 8
1640 64 32
1641 4 64
1642 256 2048
1643 8 16
1644 64 64
1645 32 128
1646 128 32
1647 32 8
1648 64 4
1649 16 4
1650 16 16
1651 512 256
1652 4 16
1653 32 32
1654 1024 1024
1655 256 512
1656 64 4
1657 512 512
1658 512 512
1659 4 128
1660 16 64
1661 64 64
1662 32 64
1663 512 256
1664 8 16
1665 32 16
1666 16 4
1667 4 64
1668 4 8
1669 4 8
1670 128 32
1671 1024 1024
1672 1024 2048
1673 2048 2048
1674 16 64
1675 8 4
1676 4 16
1677 128 32
1678 4 64
1679 2048 256
1680 256 256
1681 2048 256
1682 4 4
1683 8 128
1684 8 128
1685 1024 1024
1686 8 128
1687 16 16
1688 256 1024
1689 32 64
1690 4 4
1691 4 8
1692 512 1024
1693 1024 1024
1694 128 4
1695 16 32
1696 64 4
1697 4 16
1698 512 512
1699 64 4
1700 16 16
1701 1024 1024
1702 128 16
1703 8 4
1704 128 64
1705 128 128
1706 16 4
1707 64 16
1708 4 64
1709 2048 2048
1710 4 128
1711 512 2048
1712 1024 2048
1713 2048 256
1714 32 16
1715 64 32
1716 128 16
1717 2048 2048
1718 32 64
1719 32 16
1720 4 128
1721 64 128
1722 128 128
1723 256 512
1724 32 32
1725 16 128
1726 64 32
1727 8 8
1728 512 1024
1729 64 4
1730 16 4
1731 2048 512
1732 512 512
1733 128 64
1734 32 8
1735 4 16
1736 16 32
1737 32 8
1738 16 4
1739 512 256
1740 128 16
1741 1024 256
1742 16 64
1743 2048 1024
1744 2048 2048
1745 64 16
1746 128 64
1747 256 256
1748 64 32
1749 4 8
1750 8 128
1751 4 32
1752 128 64
1753 256 2048
1754 16 32
1755 4 32
1756 256 256
1757 256 2048
1758 4 128
1759 4 32
1760 512 256
1761 8 16
1762 16 8
1763 64 32
1764 128 32
1765 2048 1024
1766 32 32
1767 32 128
1768 256 256
1769 32 128
1770 64 4
1771 512 256
1772 8 16
1773 2048 256
1774 2048 2048
1775 32 32
1776 64 4
1777 8 32
1778 32 128
1779 1024 512
1780 2048 256
1781 64 128
1782 128 4
1783 1024 1024
1784 2048 256
1785 64 4
1786 64 16
1787 128 16
1788 32 32
1789 4 64
1790 128 8
1791 8 64
1792 16 64
1793 8 64
1794 128 16
1795 4 4
1796 1024 256
1797 4 64
1798 4 8
1799 4 32
1800 256 256
1801 32 8
1802 256 256
1803 16 32
1804 1024 512
1805 64 8
1806 32 64
1807 64 8
1808 4 32
1809 16 32
1810 16 8
1811 512 512
1812 256 256
1813 64 16
1814 128 8
1815 4 64
1816 128 4
1817 256 2048
1818 32 128
1819 16 4
1820 128 8
1821 64 64
1822 8 128
1823 128 16
1824 512 2048
1825 2048 256
1826 128 128
1827 1024 256
1828 4 32
1829 8 4
1830 512 2048
1831 8 64
1832 1024 512
1833 128 4
1834 512 512
1835 512 256
1836 128 16
1837 8 4
1838 512 256
1839 2048 512
1840 256 2048
1841 128 4
1842 32 16
1843 32 16
1844 1024 512
1845 32 8
1846 128 16
1847 32 4
1848 1024 512
1849 64 16
1850 64 64
1851 128 64
1852 32 64
1853 16 32
1854 128 8
1855 4 8
1856 64 8
1857 512 256
1858 32 8
1859 16 32
1860 1024 2048
1861 8 4
1862 32 128
1863 2048 2048
1864 32 4
1865 32 32
1866 128 64
1867 64 64
1868 8 128
1869 8 4
1870 128 16
1871 8 32
1872 128 128
1873 256 256
1874 1024 512
1875 512 256
1876 2048 256
1877 32 8
1878 8 64
1879 8 32
1880 64 128
1881 8 8
1882 64 4
1883 8 4
1884 16 16
1885 4 4
1886 128 128
1887 8 8
1888 32 64
1889 128 64
1890 16 16
1891 16 8
1892 16 16
1893 2048 256
1894 4 16
1895 512 2048
1896 8 128
1897 4 64
1898 4 8
1899 128 4
1900 256 256
1901 1024 2048
1902 64 32
1903 8 16
1904 128 128
1905 256 512
1906 1024 512
1907 8 16
1908 32 8
1909 8 8
1910 256 1024
1911 512 256
1912 4 32
1913 64 32
1914 512 2048
1915 4 16
1916 1024 2048
1917 64 4
1918 8 64
1919 8 8
1920 256 256
1921 128 8
1922 8 128
1923 4 64
1924 256 256
1925 2048 512
1926 32 64
1927 1024 512
1928 256 2048
1929 256 256
1930 32 128
1931 32 16
1932 128 64
1933 512 512
1934 2048 512
1935 256 1024
1936 256 1024
1937 512 1024
1938 64 4
1939 4 8
1940 2048 2048
1941 32 8
1942 32 32
1943 32 16
1944 32 64
1945 32 16
1946 128 4
1947 256 2048
1948 4 4
1949 32 128
1950 64 8
1951 8 128
1952 32 8
1953 2048 256
1954 128 128
1955 16 4
1956 4 16
1957 32 32
1958 64 4
1959 8 64
1960 8 128
1961 64 4
1962 8 32
1963 16 16
1964 1024 2048
1965 32 128
1966 16 128
1967 8 64
1968 16 128
1969 64 32
1970 128 8
1971 4 4
1972 4 8
1973 64 128
1974 16 128
1975 8 16
1976 512 1024
1977 512 1024
1978 128 32
1979 16 64
1980 64 64
1981 1024 1024
1982 128 64
1983 16 32
1984 8 16
1985 4 64
1986 8 4
1987 8 128
1988 1024 2048
1989 128 128
1990 1024 512
1991 32 8
1992 256 2048
1993 512 1024
1994 16 32
1995 1024 256
1996 512 1024
1997 2048 512
1998 64 32
1999 4 4
2000 128 128
2001 64 64
2002 32 64
2003 128 8
2004 4 4
2005 32 8
2006 4 32
2007 8 16
2008 4 128
2009 512 256
2010 128 16
2011 4 16
2012 512 256
2013 16 16
2014 32 64
2015 8 32
2016 16 32
2017 16 8
2018 4 64
2019 2048 256
2020 32 32
2021 16 32
2022 4 32
2023 2048 512
2024 4 64
2025 16 64
2026 2048 1024
2027 512 512
2028 4 4
2029 4 16
2030 512 1024
2031 8 128
2032 4 64
2033 64 4
2034 16 64
2035 8 16
2036 4 128
2037 2048 512
2038 4 8
2039 8 16
2040 512 512
2041 128 16
2042 32 8
2043 32 128
2044 128 32
2045 256 256
2046 4 8
2047 64 128
2048 32 4
2049 8 128
2050 16 128
2051 2048 2048
2052 32 16
2053 128 16
2054 8 64
2055 64 32
2056 4 32
2057 64 16
2058 512 2048
2059 32 8
2060 512 2048
2061 512 256
2062 32 128
2063 128 32
2064 32 128
2065 128 64
2066 8 32
2067 8 8
2068 128 8
2069 16 8
2070 256 256
2071 4 128
2072 2048 512
2073 128 4
2074 32 64
2075 64 32
2076 256 1024
2077 4 32
2078 8 8
2079 16 16
2080 1024 2048
2081 16 128
2082 32 32
2083 8 4
2084 128 8
2085 32 4
2086 32 8
2087 1024 1024
2088 32 32
2089 32 32
2090 1024 256
2091 512 512
2092 64 8
2093 4 8
2094 4 128
2095 8 8
2096 4 64
2097 1024 512
2098 128 128
2099 64 32
2100 256 2048
2101 256 512
2102 64 64
2103 8 16
2104 32 8
2105 8 64
2106 2048 512
2107 32 64
2108 8 128
2109 32 4
2110 8 16
2111 4 32
2112 2048 512
2113 1024 1024
2114 2048 512
2115 1024 256
2116 64 32
2117 32 64
2118 256 2048
2119 32 32
2120 128 8
2121 4 16
2122 32 8
2123 32 128
2124 8 32
2125 1024 1024
2126 4 32
2127 128 8
2128 1024 256
2129 32 64
2130 8 16
2131 512 1024
2132 128 32
2133 4 32
2134 512 1024
2135 4 4
2136 32 8
2137 128 32
2138 8 64
2139 16 4
2140 64 64
2141 128 16
2142 8 64
2143 8 8
2144 16 64
2145 16 16
2146 512 1024
2147 64 8
2148 16 4
2149 32 4
2150 2048 512
2151 256 256
2152 512 512
2153 128 4
2154 16 16
2155 32 32
2156 8 64
2157 8 32
2158 512 1024
2159 8 4
2160 1024 256
2161 16 64
2162 8 16
2163 128 8
2164 4 4
2165 8 32
2166 512 2048
2167 4 4
2168 256 2048
2169 16 32
2170 128 4
2171 4 64
2172 32 128
2173 32 8
2174 32 64
2175 4 4
2176 2048 512
2177 32 8
2178 256 256
2179 8 64
2180 4 64
2181 256 256
2182 64 32
2183 4 16
2184 4 128
2185 32 16
2186 32 128
2187 8 32
2188 32 4
2189 2048 256
2190 32 16
2191 8 128
2192 128 128
2193 32 64
2194 128 16
2195 4 32
2196 256 512
2197 256 2048
2198 8 4
2199 8 64
2200 512 512
2201 16 16
2202 64 16
2203 16 64
2204 8 32
2205 64 8
2206 512 1024
2207 256 2048
2208 512 512
2209 4 8
2210 4 4
2211 128 128
2212 8 32
2213 2048 256
2214 4 4
2215 64 8
2216 64 32
2217 8 64
2218 4 16
2219 4 64
2220 512 256
2221 8 128
2222 8 32
2223 1024 256
2224 2048 256
2225 64 16
2226 4 32
2227 512 256
2228 2048 2048
2229 16 64
2230 1024 512
2231 256 256
2232 8 32
2233 1024 2048
2234 4 4
2235 256 256
2236 16 32
2237 8 32
2238 128 4
2239 8 64
2240 4 64
2241 32 4
2242 2048 512
2243 2048 512
2244 16 128
2245 8 4
2246 4 128
2247 1024 256
2248 128 16
2249 4 16
2250 512 256
2251 64 16
2252 128 128
2253 128 64
2254 8 16
2255 256 1024
2256 128 16
2257 512 512
2258 512 512
2259 32 4
2260 128 16
2261 64 8
2262 16 32
2263 2048 512
2264 4 16
2265 32 8
2266 128 128
2267 256 512
2268 4 32
2269 8 128
2270 32 64
2271 1024 2048
2272 16 4
2273 1024 512
2274 32 64
2275 16 128
2276 256 1024
2277 128 4
2278 32 16
2279 16 64
2280 64 16
2281 4 64
2282 64 8
2283 4 128
2284 16 4
2285 16 4
2286 2048 2048
2287 16 4
2288 128 4
2289 8 8
2290 32 128
2291 2048 256
1298 0
990 2022
1 2050
2022 1
0 1
2290 3
4 968
949 1728
1410 2
3 4
1728 4
2 4
7 1267
197 6
2178 5
5 7
6 7
128 8
1501 602
1373 1182
183 266
1182 183
602 183
8 183
1611 2101
2046 1253
2035 9
1513 1599
1253 1611
9 1611
1599 1611
711 52
10 2198
52 10
327 1701
500 747
11 1883
1701 11
747 11
1138 13
1390 12
1597 1119
12 1597
13 1597
14 2084
1546 311
1356 438
438 14
311 14
310 98
830 624
830 1558
830 136
830 2214
830 1568
830 757
830 1411
830 1212
1092 15
888 17
17 15
17 16
17 830
852 2013
327 43
18 182
2013 18
43 18
2188 240
2243 19
892 20
292 1128
20 292
240 292
19 292
298 1210
1055 1498
1622 21
21 298
1498 298
23 1275
1055 22
1206 1156
1156 23
22 23
1829 24
1055 481
1646 547
481 1646
24 1646
1170 25
1999 26
27 1158
25 27
26 27
416 1585
1242 2019
1585 1242
739 1665
499 218
1536 1789
1789 739
218 739
1122 2020
1933 866
28 209
2020 28
866 28
245 29
2132 30
999 2133
29 999
30 999
80 31
1077 874
2245 1766
353 32
32 2245
874 2245
31 2245
499 33
179 553
1777 827
33 1777
553 1777
2030 34
35 1172
34 35
2038 1168
1406 254
1038 927
927 2038
254 2038
45 184
45 2060
45 2076
45 765
45 1211
1993 538
538 45
624 45
1996 37
687 36
38 514
36 38
37 38
40 366
2106 39
1961 938
39 40
938 40
731 434
279 456
1640 1714
1920 41
434 279
1714 279
41 279
1793 1201
929 42
1311 637
1201 1311
42 1311
1566 44
1472 1525
1472 1471
44 1472
1614 46
2221 1509
47 1491
46 47
1509 47
667 260
667 1102
667 2138
667 2002
667 578
1993 473
473 667
48 1510
48 1067
48 1305
482 744
744 48
412 844
1880 49
1558 412
49 412
532 2113
628 983
628 1820
628 1213
2113 628
2085 261
2085 1003
1113 50
50 2085
788 2265
788 2054
788 587
788 1912
788 643
2097 193
193 788
1781 756
2046 51
2181 646
646 1781
51 1781
1143 54
970 53
55 1008
53 55
54 55
327 56
875 697
557 2271
697 557
56 557
1721 1910
1865 57
58 659
328 1105
1105 58
1910 58
57 58
59 508
2170 1011
1011 59
225 60
1097 405
713 510
1460 1623
1623 713
405 713
60 713
185 88
185 1436
185 486
185 2218
185 1345
185 1377
1422 61
61 185
1058 62
1318 1618
64 1289
1257 63
63 64
1618 64
62 64
66 93
66 1609
66 590
1055 921
863 65
65 66
921 66
407 68
1934 67
1154 172
67 1154
68 1154
380 69
1622 283
1581 1080
1581 801
283 1581
69 1581
1698 71
1120 125
836 70
682 376
71 1120
376 1120
70 1120
1427 343
1427 198
1427 373
1427 1848
1151 72
72 1427
74 251
74 1919
74 855
1724 73
73 74
76 2194
76 1443
76 1782
711 75
75 76
78 1190
2079 1329
2235 77
77 78
1329 78
80 357
80 1544
80 617
312 79
79 80
1138 507
81 592
81 913
507 81
817 83
1153 82
84 683
82 84
83 84
1287 86
762 85
87 612
85 87
86 87
1969 1189
88 1969
2153 719
2177 1218
89 2274
719 89
1218 89
1538 90
91 554
90 91
1382 1826
1382 1561
852 92
92 1382
899 515
93 899
1406 104
1406 1278
1406 1200
1928 94
94 1406
319 1901
97 1867
2011 96
651 95
1901 97
95 97
96 97
1831 99
2092 100
2000 2124
99 2000
100 2000
1057 101
2160 102
777 1754
101 777
102 777
1199 103
619 805
103 619
104 619
1725 105
1266 1746
106 1745
1746 106
105 106
522 107
2045 917
149 351
107 149
917 149
1908 294
1908 372
1908 1549
721 745
745 1908
1307 108
2255 1249
1152 2195
1152 1610
108 1152
1249 1152
1307 109
1101 219
110 2167
110 1964
109 110
219 110
112 1990
112 559
2151 111
111 112
1122 2166
1122 823
1122 1706
1122 534
1077 546
546 1122
845 114
2106 113
432 2031
113 432
114 432
1480 903
1335 117
1721 115
509 116
117 1480
115 1480
116 1480
118 1866
118 1053
1341 513
513 118
2282 119
1348 851
611 1137
119 611
851 611
912 120
1058 962
121 2276
120 121
962 121
2228 1339
122 1906
1339 122
1617 123
2009 2189
124 833
593 608
608 124
123 124
2189 124
126 720
125 126
323 1349
1939 127
1349 128
127 128
1984 2064
129 550
2064 129
296 131
1146 130
352 1279
352 799
130 352
131 352
1688 132
714 986
847 1271
132 1298
986 1298
1271 1298
1818 2145
1752 982
134 2120
1405 133
1833 135
135 134
133 134
982 134
2145 134
1055 1604
137 1955
137 591
137 1608
137 2099
137 1545
137 1393
136 137
1604 137
843 1504
1314 138
139 1492
1504 139
138 139
1865 140
179 694
1505 1586
1505 776
694 1505
140 1505
2246 141
819 1578
142 320
1578 142
141 142
1408 2146
144 1397
2241 143
2146 144
1990 144
143 144
1055 145
146 1291
145 146
1350 1894
1664 147
238 2284
2284 1350
147 1350
1993 1236
148 1703
1236 148
1724 231
1724 1630
709 150
150 1724
2191 151
152 784
152 2049
151 152
2046 1387
939 1331
1331 970
1387 970
1583 558
2045 153
594 1647
558 594
153 594
1138 1344
1622 154
154 1138
2182 1394
1077 155
156 2070
155 156
1394 156
2162 157
433 2039
616 158
737 337
337 1939
158 1939
157 1939
2039 1939
1865 159
160 215
160 2080
159 160
1436 160
571 161
161 2162
362 162
1790 480
1790 1988
1790 1997
162 1790
585 2010
585 1469
585 882
522 1785
1785 585
1362 1286
1360 406
1282 1047
1286 1282
406 1282
164 483
164 627
164 564
179 163
1467 1133
163 164
1133 164
1043 1415
1065 165
166 1979
2227 689
689 166
1415 166
165 166
214 1534
1020 167
168 386
1534 168
167 168
170 2025
1863 169
343 170
169 170
1928 171
1500 1186
173 1788
172 173
171 173
1186 173
1467 175
1652 174
328 2223
328 1977
328 2186
174 328
175 328
310 177
179 221
179 2014
179 364
179 381
179 1563
179 894
179 1815
179 2285
179 963
179 1251
179 1555
179 1197
763 176
2192 180
180 176
180 178
180 179
1293 181
858 1518
181 858
182 858
186 1123
184 186
829 188
1369 187
189 704
187 189
188 189
191 1816
191 1574
900 190
190 191
1566 1893
1566 1666
1566 1619
222 853
853 1566
959 1658
220 1022
1546 570
384 192
192 959
1022 959
357 959
570 959
194 1935
194 1524
2223 194
1116 195
2032 1759
195 2032
1894 2032
1856 1661
1856 1709
1856 1420
1146 469
469 1856
197 243
197 984
2105 196
196 197
295 661
198 295
1955 295
1538 199
199 319
461 200
1761 504
201 1560
1736 332
332 201
504 201
200 201
360 1584
360 931
1525 360
1326 1229
2266 202
202 1326
887 2134
308 203
204 2244
203 204
2134 204
1727 205
885 333
1170 1223
205 1170
333 1170
733 206
2170 207
208 2042
206 208
207 208
883 1643
1903 1476
1502 2008
1643 1502
1476 1502
310 2201
211 2252
211 2288
2057 257
257 209
257 210
257 211
818 212
629 213
212 214
213 214
1265 216
780 1457
215 780
216 780
217 342
2045 1347
1347 217
2191 835
2063 1179
671 1808
835 671
1179 671
1567 1654
973 1352
1352 225
1654 225
2126 770
770 220
221 222
260 222
1183 286
1767 223
1068 864
286 1068
223 1068
1287 224
1819 700
224 1819
227 950
227 1750
1435 226
226 227
2005 1648
1648 1307
936 1627
1617 2267
228 1280
2267 228
1627 228
1928 229
1013 1825
824 1451
1825 824
229 824
698 230
296 884
296 2107
296 2100
296 1891
296 1772
296 2117
296 1737
296 665
296 740
296 1135
296 1192
230 296
378 232
1516 2122
1516 645
231 1516
232 1516
2235 233
1865 379
234 1692
1652 464
464 234
233 234
379 234
236 691
236 2219
1238 235
235 236
477 673
1907 909
237 1885
909 237
673 237
238 2174
238 1358
845 1715
1715 238
772 2169
772 2088
772 846
772 1740
772 1591
772 2168
772 1407
772 1162
428 239
239 772
1371 271
709 241
2214 1371
241 1371
1884 242
335 2033
335 764
242 335
1252 244
1634 1204
244 245
243 245
1204 245
403 247
2184 246
248 994
246 248
247 248
2242 2066
2290 250
871 1631
857 249
250 2242
249 2242
1631 2242
1386 1506
252 253
1506 252
251 252
256 583
1310 255
253 256
255 256
929 848
766 1464
1464 929
1526 258
474 529
1890 1002
258 1890
529 1890
887 1032
841 259
1575 1601
259 1575
1032 1575
403 789
762 890
261 762
789 762
800 782
262 2187
782 262
2180 264
2108 263
265 1671
263 265
264 265
267 293
266 267
491 269
499 268
1304 1165
721 270
270 1304
268 1304
269 1304
272 644
272 1096
271 272
1361 361
887 1966
1732 1828
361 1732
1966 1732
2127 273
806 274
971 686
273 971
274 971
2011 275
1512 868
277 2150
509 276
276 277
868 277
275 277
742 280
325 278
281 648
278 281
280 281
1166 1440
942 911
2018 895
911 2018
1440 2018
2142 1219
2197 282
1219 1526
282 1526
1263 285
1590 284
284 1513
285 1513
288 542
288 1462
363 287
287 288
734 289
290 2183
1665 290
289 290
1341 377
1341 1813
1341 1060
1341 526
1341 828
1341 1535
1341 1530
1467 291
291 1341
2166 763
293 763
297 341
297 670
297 1139
294 297
556 2059
2059 416
300 1872
1099 299
1275 300
299 300
302 1967
302 1010
302 1911
1335 301
301 302
2119 876
1416 303
731 304
305 638
304 305
303 305
876 305
306 440
306 785
306 523
2014 306
1102 306
1318 2287
1776 307
307 308
2287 308
309 2217
309 1814
734 1454
1454 309
310 347
310 449
310 867
1150 414
414 310
312 1938
349 1769
1865 1595
1595 312
1769 312
767 314
1622 313
315 1770
315 1710
315 1888
313 315
314 315
1811 316
1889 1198
317 385
316 317
1198 317
639 2196
374 318
318 733
2196 733
871 321
320 1361
321 1361
362 322
322 323
325 2114
1622 324
324 325
1544 325
711 1402
900 326
1984 1758
1984 1860
326 1984
1402 1984
750 2012
933 987
2194 750
987 750
327 330
327 1191
327 1626
327 1142
327 1433
2140 1301
1301 327
1193 329
331 1783
329 331
330 331
812 2069
1942 1353
898 334
334 812
1353 812
1441 336
1023 1025
338 2233
1025 338
336 338
640 1357
640 1855
640 1317
640 1160
2255 1948
1948 640
2036 340
1438 339
339 2197
340 2197
2153 996
341 2153
342 2153
943 1929
418 752
752 943
1399 345
1543 344
346 2110
344 346
345 346
349 2004
349 2047
349 1388
349 2165
349 2102
349 1680
349 1795
349 1971
349 1946
349 1049
349 2173
349 2147
349 1449
349 630
349 821
349 1075
349 1176
2273 730
1330 1448
1448 730
1448 348
1448 349
1085 350
350 353
351 353
395 355
1587 354
356 1269
1165 356
354 356
355 356
613 404
613 1857
950 613
1488 358
845 359
1395 1439
358 1395
359 1395
362 398
362 1716
362 937
362 1426
2004 362
363 972
2023 870
870 363
539 2200
539 1474
539 1045
1396 365
364 539
365 539
367 1177
2066 367
366 367
369 1836
369 1239
369 1669
887 368
368 369
401 370
969 371
1539 840
370 1539
371 1539
372 374
373 374
375 685
2047 375
377 378
912 391
900 453
2033 737
391 737
453 737
2129 476
2129 1974
2129 701
2129 712
2129 1470
2129 1233
2045 1108
1108 2129
380 1039
380 2109
380 1882
1813 380
382 1134
382 2179
381 382
591 382
446 383
1515 1230
384 1132
384 2034
384 2082
384 1744
1230 384
383 384
887 387
388 1083
387 388
385 388
386 388
389 1066
637 389
1601 389
1564 390
1121 1112
1576 1363
1112 1576
390 1576
491 606
491 1494
1542 393
786 392
392 491
393 491
1398 394
2255 2172
2060 395
2172 395
394 395
397 2090
397 1662
397 618
397 1082
1739 396
396 397
629 2209
629 1779
398 629
1164 399
1542 400
399 401
400 401
1968 2123
1653 842
1084 2286
949 402
402 1084
2123 1084
842 1084
1055 951
951 403
1967 403
407 1874
404 407
2127 408
1157 409
1095 1881
408 1095
409 1095
518 1570
1818 410
411 1125
1570 411
410 411
995 413
415 1384
413 415
418 1959
1287 417
417 418
1556 420
1542 419
421 1582
419 421
420 421
1968 422
2290 423
884 1356
422 1356
423 1356
1641 424
425 778
424 425
1134 425
428 537
1055 427
2255 426
426 428
427 428
1408 429
430 779
429 430
431 1733
431 1606
431 597
1586 431
1804 2051
1553 561
561 433
2051 433
1776 435
795 436
2277 2280
435 2277
436 2277
1699 530
1209 437
1416 2240
437 1416
530 1416
1365 439
439 1065
440 1065
1559 442
2001 441
443 1029
1837 1821
1821 443
441 443
442 443
444 653
2029 1547
2115 1659
1659 444
1547 444
446 1428
446 2077
446 1159
446 928
918 445
445 446
1314 1268
447 879
1268 447
460 1994
1713 448
1675 923
923 448
923 450
923 460
1419 451
1459 452
454 1870
451 454
452 454
457 2081
1385 455
455 457
456 457
1157 541
458 675
541 458
1018 459
1443 461
1357 461
1388 461
459 461
1055 462
463 1633
463 1722
463 693
463 579
462 463
1058 466
1140 465
2068 790
465 2068
466 2068
2097 467
468 1711
467 468
1062 471
1705 470
1840 2154
552 1490
1490 571
2154 571
470 571
471 571
2248 472
472 474
761 475
995 1418
995 1383
475 995
477 621
476 477
1055 478
479 1755
479 512
479 748
478 479
2036 1234
2036 1632
480 2036
1817 527
482 1918
527 482
1721 2190
1652 1224
1916 2238
1224 1916
2190 1916
912 1327
484 1061
483 484
1327 484
1542 1806
1542 717
1101 485
485 1542
536 1678
1986 1169
1678 1986
486 1986
488 889
1090 1702
555 487
487 488
1702 488
1113 489
490 524
489 490
556 492
493 1220
492 493
496 1879
1207 495
2255 494
494 496
495 496
1250 497
957 498
499 1511
499 1670
499 1089
499 603
499 774
499 1203
497 499
498 499
2255 1455
1455 500
501 1690
1206 1273
854 2096
1175 1952
1273 501
1952 501
2096 501
633 503
1252 502
502 1020
503 1020
731 2289
1404 2291
1944 1801
2291 1944
2289 1944
1859 2283
2286 2282
2283 2282
1375 914
2159 2281
2281 1829
914 1829
815 1481
2279 563
968 2279
2280 2279
1481 2279
1319 1127
1328 2141
932 1468
1127 932
2141 932
1315 2028
865 2056
2276 865
2028 865
593 1302
593 831
1270 1569
1569 593
1766 2273
2070 2273
2208 960
1546 1953
1899 2272
2272 2208
1953 2208
1757 2268
2270 676
2271 2270
2268 2270
1248 1110
822 1780
1110 1920
1780 1920
2266 2091
2044 2269
2269 2266
915 1024
610 1272
1272 915
2265 915
973 2263
1396 2261
954 1998
954 1847
2263 954
2261 954
1157 1962
1010 1157
958 2222
2089 2260
2257 1367
2222 2257
2260 2257
2256 1738
2247 1323
1716 2256
1323 2256
1905 692
2199 574
692 2199
2005 1028
1299 2253
1035 1827
1028 1035
2253 1035
2251 1868
2251 1005
2252 2251
1430 804
722 2249
1061 2247
2249 2247
804 2247
2026 2144
2244 1438
2144 1438
2046 605
1503 1332
1332 2243
605 2243
1865 816
883 1482
1482 2241
816 2241
1805 993
1896 2239
756 1805
2240 1805
2239 1805
2045 2237
2236 948
2237 2236
2235 549
549 1315
1998 1315
2250 2203
749 2232
1034 966
2232 1034
2233 1034
2203 1034
766 1007
1617 974
956 808
1037 2231
974 1410
1007 1410
2231 1410
808 1410
2164 2229
1652 2230
2230 2227
2229 2227
1546 2213
1546 1743
2023 947
947 1546
2225 1540
2225 1835
2225 897
1265 810
810 2225
2220 1338
1384 2220
2216 945
2218 2216
1132 2216
1484 2215
2212 1878
2215 2212
2213 2212
817 1924
2248 741
2207 1325
2126 2205
2205 2207
2209 2207
1924 2207
741 2207
2204 1017
1378 1598
1598 2204
2195 1553
2200 1553
2198 1553
1117 2193
2193 2192
743 1672
1073 1995
1672 2188
1995 2188
1113 1784
715 1036
1784 715
2187 715
781 2185
837 1507
1507 2182
2185 2182
1123 2180
1959 2180
2178 1778
2179 2178
848 2177
1434 2149
2149 1199
1770 1199
2030 794
2030 1124
1608 2030
1038 2176
1549 1116
2176 1116
1314 609
806 834
1837 2111
834 1314
2111 1314
2035 1181
1370 702
1700 1707
937 1700
1181 1700
702 1700
2171 1452
2174 2171
1518 2171
1435 1461
1334 859
859 1435
1684 2136
1471 1684
2169 1684
623 1014
2238 623
2167 623
1936 1729
2165 1936
1291 1936
2056 1936
1055 1425
1425 2164
755 2161
1206 2163
2163 2160
2161 2160
1999 1006
1006 2159
627 2159
887 1174
2158 1274
1174 2158
845 1087
1726 991
1087 1726
742 2157
1055 2156
2152 1050
2156 2152
1758 2152
2157 2152
1398 1683
1398 946
2234 1965
1965 1398
632 1693
1943 2148
2211 1063
2148 2211
1693 2211
2150 2211
2078 1718
2078 1195
1206 2143
2143 2078
1039 2078
1653 596
2062 2139
2139 1653
2138 2140
1633 2140
1368 1668
2136 1368
1883 1368
2121 1660
1512 2135
2046 1798
985 1458
2133 2121
2135 2121
1798 2121
1458 2121
2127 1532
1055 2128
2255 2131
2131 2127
2128 2127
1386 2125
2125 795
2124 2142
691 2142
1175 1044
2122 1698
1044 1698
903 1698
1572 2098
1572 2155
1572 1178
1661 1572
2046 1231
2120 2119
1231 2119
2210 652
2118 1107
652 2118
508 2118
2228 2058
1418 2228
742 2116
2115 1735
2115 1126
2116 2115
2001 519
1735 2001
2235 2112
2109 552
2112 552
583 552
1318 1760
1318 1499
2107 1318
1837 2095
666 1392
1392 1837
2106 1603
1191 2106
1060 2106
699 2104
1364 1638
2103 2061
1638 2103
2104 2103
1650 565
1650 688
521 1930
1930 1650
1616 1796
1616 975
1616 544
2102 1616
2100 1616
2098 2092
2095 2092
2086 1483
2090 2086
2088 2086
1786 2083
1864 1600
2084 1864
2083 1864
1917 1417
1417 2079
2080 2079
1055 2074
1479 516
2076 1479
2074 1479
1771 2073
976 703
1983 631
1290 2072
953 1992
1992 1983
2072 1983
703 1983
2073 1983
800 1343
800 1921
800 1605
800 807
800 1787
1396 2071
2071 800
2067 1685
1872 2067
1680 2067
907 1351
1184 2065
2065 2210
1351 2210
2217 2063
2058 2057
2226 2053
1205 1810
1810 1183
2054 1183
2053 1183
1290 725
1118 2052
944 649
2052 944
725 944
598 2093
1795 598
2050 598
1775 2048
2048 933
1210 933
2046 1636
2046 1642
2046 967
2046 814
2046 551
1234 2046
2045 1862
2045 1446
2045 1849
2045 935
1206 1262
1262 2045
1474 949
521 1730
1807 2016
2016 521
1496 2043
1413 690
2155 1413
2043 1413
1695 1180
1947 1982
2041 961
1982 2041
2042 2041
1180 2041
2035 2027
2035 1677
2170 2037
2037 2035
2031 2029
2114 2029
1729 2029
633 1589
1589 2026
2027 2026
1807 2024
2021 1147
2025 2021
2024 2021
2017 1312
2019 2017
1968 2015
1668 958
2015 958
1691 716
1942 1797
2012 1691
1754 1691
1797 1691
1879 1691
1277 1834
1834 2011
2010 2009
2151 2006
1365 1145
2008 1365
2006 1365
2005 588
885 1579
1579 2005
1058 2003
2003 1999
2002 1999
1876 965
1002 1876
833 1876
1431 1762
2170 664
1762 1996
664 1996
1993 696
1994 1993
1914 1552
1146 1991
1734 1235
1991 1734
1552 1734
2246 511
1989 753
612 1989
511 1989
924 1987
760 1602
1985 1403
1602 1985
1987 1985
1320 1980
1979 1207
1403 1207
1980 1207
1978 678
1343 1978
1043 849
849 1705
1977 1705
891 1887
1001 838
1671 1001
1887 1001
863 1976
1975 582
1976 1975
1493 1129
1493 1753
1493 727
1493 1194
887 1970
1970 1493
1046 1973
1972 1719
2191 695
695 1972
1974 1972
1973 1972
526 1968
1971 1968
1963 1768
1964 1963
1962 1961
1945 1956
1444 1958
1954 1960
1958 1954
1956 1954
642 1951
1297 1950
575 1450
1951 575
1950 575
1090 1260
1861 1596
1596 1947
1260 1947
976 668
976 1838
1009 1031
1946 976
1031 976
1942 572
1055 1115
2186 1942
1115 1942
522 1940
1940 1266
1938 1266
1217 1937
1937 767
1935 1934
701 1934
1914 1478
1399 2278
2278 1914
823 1713
563 1713
1822 732
732 1933
1738 1933
2044 2130
1686 1931
1931 2044
826 1485
1808 826
1929 826
1928 1624
587 1928
543 1131
1461 1775
1131 1775
1396 1414
1652 1925
1925 1396
1875 798
1333 1923
1922 1167
1632 1922
1923 1922
798 1922
698 811
698 1475
1921 698
1919 1917
1918 1917
845 663
663 822
1913 1221
1927 1915
1915 1913
1912 891
1907 1324
1386 1909
1909 1907
1906 1905
1141 1902
1538 1900
1902 1899
1900 1899
1447 1898
1090 1897
1898 1896
1897 1896
1645 1895
1049 781
1895 781
1113 1892
1893 682
1892 682
1889 1495
1891 1889
685 1889
1885 1370
1881 1370
768 1877
1878 1875
1877 1875
754 2259
1873 1803
632 1244
2259 1873
1244 1873
1874 1873
2126 718
1496 1871
1869 658
1871 1869
718 1869
1865 1442
1865 1704
1865 1629
1865 1620
1865 738
1865 1059
1865 1573
1865 964
1865 1529
1865 1372
1865 1309
1865 1228
1868 1865
1081 2275
2101 1081
1867 1081
1863 979
1866 1863
936 1548
936 1809
1862 936
1858 878
1189 1858
1860 1858
668 1858
2235 1886
2235 839
2235 797
1100 1187
1187 2235
1851 1981
1794 1853
1855 1851
1853 1851
1656 2262
639 2137
1190 1583
2262 1583
1847 1583
2137 1583
1217 1846
873 1541
873 560
1317 873
1846 873
1649 1098
2061 1649
678 1649
1757 746
1206 1844
1844 1757
1842 1926
1338 1842
956 1264
1782 956
1055 1841
1882 1840
1841 1840
1302 1840
1214 655
1750 1214
983 1214
1838 1214
877 1756
2087 1687
1687 877
712 877
1679 1949
2170 1832
1949 1831
1832 1831
2062 650
957 1830
1830 2062
568 832
1827 568
1826 568
1817 562
1817 1445
1258 1824
1824 1817
1543 1773
666 1019
666 1030
1442 666
1773 666
1290 604
1820 1290
1818 1285
1238 1056
1056 1818
1816 1512
1470 817
1886 766
1240 1091
1814 1240
839 1240
604 1240
1812 1340
1870 1812
846 1812
1225 1486
1486 1807
1058 1802
1792 1774
1802 1792
1624 1792
1806 1792
907 1748
1709 1360
1748 1360
1334 1800
1800 854
2110 854
2248 1033
1441 525
1033 2221
1426 2221
525 2221
1796 1793
1019 1793
805 642
1788 642
636 1136
1457 1656
1136 1656
1469 1786
785 1786
973 1904
1783 1320
1904 1320
1779 1500
1778 1776
2224 1171
1774 754
1171 754
1771 1185
1772 1771
1768 1767
1511 1767
1764 1292
1246 1741
1741 1764
1129 1764
1043 1054
1722 1043
1563 1043
569 1763
1763 1431
1760 1431
1385 736
736 1373
1759 1373
1756 1752
1753 1752
1884 1148
1751 2206
1148 1751
2117 1751
1055 1749
1749 1927
2034 1927
2191 934
1520 1366
1366 2191
1742 861
1745 1742
1743 1742
1740 1736
1737 1736
1408 1731
2099 1727
1731 1727
1058 1723
537 1405
1723 1405
1717 1839
1719 1717
727 1717
806 1712
1712 819
1711 819
1710 1859
2173 1859
1706 1092
1017 1092
657 908
1704 2105
908 2105
626 1336
1528 1696
655 1695
1696 1695
1336 1695
2097 1694
2082 2246
1694 2246
1854 905
1733 1854
1692 1854
1254 684
1078 1689
684 1688
1690 1688
1689 1688
1685 1679
1683 1679
1677 1073
723 1473
1238 1676
1676 723
2075 1241
1055 1674
786 1673
1674 2075
1673 2075
1437 1747
1521 977
977 518
790 518
1747 518
1667 1580
1666 1667
1629 1667
1670 1667
828 1667
1533 1562
1562 1664
2206 1664
1058 1663
1663 2184
1053 2184
2097 625
2097 820
1755 2097
1636 651
1657 577
1660 1657
1658 1657
672 1655
2023 1651
919 920
1655 919
1651 919
1269 1645
1647 1645
1026 1644
1644 749
1642 749
852 533
797 1641
533 1641
1517 1432
1279 1517
1635 735
1635 584
857 1637
1637 1635
722 1226
894 722
1630 722
564 1146
1640 825
1640 1306
1626 1640
1718 1640
1040 1625
1652 2202
1622 1613
1625 1622
2202 1622
2290 1072
764 2290
1617 1465
1620 1617
2147 1617
871 726
871 981
1499 871
1288 1845
711 1615
1610 1288
1615 1288
1613 1288
1607 1381
1609 1607
1342 1041
1605 1342
1250 1376
1489 869
1489 1196
1489 1508
1376 1489
650 1489
1884 1682
1080 1248
1682 1248
1603 1248
1297 1594
1600 1143
1594 1143
924 1592
1592 1590
1591 1590
784 1538
1981 1587
531 601
1584 531
1541 531
902 662
1580 1804
1582 1804
662 1804
912 1577
1577 1761
1574 1761
1276 787
1245 1093
607 1424
787 1245
1229 1245
1424 1245
1565 1042
1565 576
1565 1628
1565 1088
1568 1565
2288 1565
1285 1564
1926 1330
1520 1294
516 1520
1217 1070
1561 1559
1070 1559
896 1557
734 581
581 1556
1557 1556
1090 1551
1354 1554
1550 1823
1554 1550
1551 1550
1548 2023
759 710
566 580
710 1333
580 1333
883 505
505 509
1721 1957
1721 1071
2151 1799
1799 1721
1686 1514
596 1686
1220 1117
731 1237
1042 731
1142 731
1433 721
632 1259
967 632
742 1144
742 773
742 997
1213 742
1681 1391
2151 802
802 1681
890 2087
532 988
988 1062
510 1062
660 615
512 660
1839 1026
838 1026
683 1026
514 1026
517 586
1045 517
515 517
1287 2254
1385 1400
1300 925
1400 1300
2254 1300
1414 912
738 912
588 1884
2248 1412
519 2248
1072 522
523 616
1545 616
1160 616
1444 706
706 1794
586 1794
872 528
1941 620
528 1941
1029 1941
532 567
1428 532
535 910
534 535
961 535
1540 536
1446 536
2040 540
992 545
1202 1409
540 1202
545 1202
1284 809
809 847
1267 847
610 548
554 969
548 969
550 969
757 1364
559 1364
562 1364
1652 677
1652 1103
1652 1283
1652 792
1652 1079
696 1652
996 566
565 566
1206 2264
806 1104
567 806
2264 806
1334 1456
1456 1536
761 1843
1843 556
861 1121
1707 1121
829 1222
1316 1697
1169 1316
1222 1316
614 573
869 768
1473 768
573 768
758 674
576 2040
674 2040
841 856
907 647
647 841
578 1334
582 1334
1238 2094
1848 1263
2094 1263
1449 626
716 626
592 1085
794 1085
1058 1296
1492 872
1296 872
989 599
599 555
946 555
1662 1419
1185 1419
2049 1362
621 1362
775 600
600 1046
625 1046
2007 1215
1235 2007
1888 2007
606 614
609 614
708 1004
1030 708
1089 708
618 1528
1835 1528
617 1528
1144 1528
1337 1322
620 1337
2219 1337
634 998
630 634
1126 634
900 1015
1015 636
1149 1114
975 1149
811 639
2168 639
1064 1355
699 641
641 1064
1058 978
978 1270
1619 1270
1815 1880
2255 940
940 1078
2183 1078
1215 1811
643 1811
645 1943
648 837
631 837
574 1675
755 1106
644 755
1381 755
1250 1593
1114 607
1593 607
1321 1463
1708 1000
1463 1708
1278 1708
771 1155
1059 771
807 771
778 771
887 656
1047 1404
656 1404
1787 657
893 622
622 942
658 942
654 1720
661 1319
1720 1319
1014 1319
1744 2108
665 2108
2234 1380
1055 669
1206 1295
1295 2234
669 2234
1628 672
670 672
1109 881
931 1109
675 1109
1491 1109
680 1094
1173 679
1000 680
881 680
679 680
1739 724
827 760
724 760
1466 681
1287 1188
681 1257
1188 1257
1310 980
980 1567
1324 1348
686 687
1196 687
688 1441
1515 1588
1588 699
693 699
1069 791
1069 1379
2077 1069
1055 707
707 709
1703 709
840 1173
814 1173
1510 711
1107 1164
572 1164
603 875
1159 875
1217 1477
1477 2170
1303 1163
1452 1303
720 1303
1468 1303
726 1238
1217 728
1606 1354
728 1354
1422 901
1055 729
677 1422
729 1422
863 1765
1765 1515
1096 734
735 1634
740 775
1911 775
955 1027
934 955
746 955
922 1016
1088 922
748 922
751 1571
551 751
1086 1255
2081 1822
1255 1822
653 1822
1103 758
1261 850
850 761
1099 1522
765 896
1522 896
1082 1038
887 1256
1287 769
769 887
773 1037
776 992
1283 992
786 1612
973 783
779 786
783 786
791 1399
792 1399
796 1243
1055 793
1573 796
793 796
803 1527
799 803
801 803
1432 1434
998 1434
1308 1791
1791 1533
948 1533
863 1423
863 1208
863 1421
1411 863
1177 893
542 893
1250 1048
2226 906
1048 2226
2130 2226
2255 813
813 1254
1960 1254
1151 635
659 1118
635 1118
1849 569
820 569
1206 705
705 1097
1294 1097
1527 759
1407 759
774 1058
821 2089
825 2089
560 829
610 862
610 1523
597 610
831 836
1612 836
2258 1227
1227 743
2274 743
1246 520
520 843
991 843
844 852
856 2126
1560 1501
1420 1501
1277 1216
862 1277
579 1543
1836 1699
676 1293
1535 1293
1225 1012
1530 1225
964 1225
1075 1385
1529 2255
904 860
543 1389
1389 1310
860 1310
920 939
1451 939
1524 939
1828 939
1012 902
1203 902
1380 902
882 1209
1462 1209
543 930
930 1151
1217 1519
1344 1459
1519 1459
1345 1184
1514 1184
1217 1497
1074 952
1508 1074
1497 1074
1495 1090
1195 1496
690 1437
1532 1437
1485 1484
945 1484
1478 990
1147 990
1483 1861
1016 1861
997 1466
615 1466
878 1369
1325 1369
1119 1086
1162 1086
590 1113
1429 880
1697 1429
1237 1429
1465 1166
1100 1453
1453 883
1445 883
1040 1932
1067 1444
1932 1444
1377 1444
1091 1430
649 1430
1439 1430
1487 1021
1021 1261
1233 1521
1988 1521
753 1521
2285 1739
1423 1739
1216 2224
1412 2224
1957 1375
1409 1375
1243 953
1004 953
900 1401
1857 1390
1401 1390
1393 654
1397 654
1041 654
1379 1386
1372 1386
1340 1378
889 1378
2093 1378
1280 1140
1024 1140
1374 1052
1145 1374
1206 595
1206 886
1040 2175
2175 1206
2055 941
941 815
601 815
1367 815
1055 1281
1212 885
1281 885
1358 1287
1850 1051
1106 1850
1313 1639
1639 818
1306 818
1408 1346
1346 1335
1845 1328
1322 1503
960 1503
2069 1313
1809 1313
1312 888
979 1217
1175 1359
1309 1175
1305 1299
1178 1252
1289 2181
1292 2181
906 2181
1003 2181
1903 1852
1852 1408
1051 1141
1274 1141
855 1265
1264 857
900 1531
1531 1018
1135 1018
1200 985
1247 1076
1076 1276
879 1276
1239 1297
880 2250
1259 2250
595 1246
1241 1246
1801 892
1571 892
897 907
925 1725
1124 1725
901 904
994 898
1192 898
1055 926
1383 910
1383 916
1383 1055
886 1009
1079 924
928 924
1903 1537
1537 1099
926 1099
1359 845
963 1040
1054 1023
913 1023
1005 543
1251 543
1730 989
935 989
524 1308
1475 1308
1221 1308
1137 1321
1823 1321
1052 1945
1226 1945
952 1013
981 1013
1158 1488
1027 1488
1098 1488
1036 1488
1168 1447
1669 1447
633 1111
1139 633
1066 2258
972 2258
547 714
832 1284
984 1284
1555 1101
1228 1101
1172 1614
1997 1614
2091 1614
1194 1614
1050 1833
1256 1833
1223 1247
717 1247
1155 1057
1523 2132
584 2132
1211 2132
1355 1460
905 1460
1130 1232
1104 1130
700 1130
1494 1205
1232 1205
1208 1467
1391 1193
1197 1193
1621 1161
864 1621
544 1621
1176 2055
1163 2055
1421 973
589 506
1125 589
1450 589
1111 1153
1071 900
