2292 2925
0 40 20
1 8 8
2 30 30
3 30 40
4 8 8
5 40 50
6 8 8
7 30 50
8 40 50
9 7 7
10 50 40
11 8 9
12 5 6
13 10 5
14 50 30
15 50 50
16 50 50
17 5 5
18 6 5
19 9 9
20 9 10
21 9 7
22 6 8
23 50 40
24 7 8
25 5 5
26 30 50
27 5 7
28 40 20
29 7 6
30 20 50
31 10 5
32 8 8
33 50 40
34 40 20
35 8 5
36 10 6
37 10 6
38 20 40
39 5 7
40 7 5
41 7 10
42 10 7
43 6 5
44 9 6
45 8 7
46 7 9
47 10 5
48 7 9
49 10 6
50 40 40
51 40 50
52 8 6
53 8 7
54 7 9
55 50 50
56 10 7
57 6 8
58 5 6
59 6 5
60 8 5
61 7 10
62 30 20
63 8 10
64 50 50
65 8 7
66 7 6
67 20 30
68 6 8
69 30 20
70 8 5
71 50 40
72 8 10
73 40 20
74 50 30
75 6 9
76 8 7
77 50 20
78 6 7
79 5 10
80 10 8
81 7 10
82 9 6
83 5 6
84 5 9
85 8 8
86 8 5
87 6 8
88 8 10
89 9 9
90 8 10
91 7 10
92 8 10
93 50 30
94 50 40
95 8 8
96 7 8
97 9 7
98 5 8
99 30 20
100 10 10
101 6 8
102 6 7
103 6 6
104 9 7
105 20 20
106 40 50
107 20 20
108 7 9
109 6 5
110 6 9
111 40 50
112 7 8
113 10 10
114 7 5
115 9 6
116 40 50
117 50 30
118 20 30
119 8 8
120 50 50
121 10 6
122 5 10
123 9 8
124 50 30
125 50 50
126 50 30
127 10 5
128 9 10
129 6 5
130 40 20
131 20 20
132 6 9
133 6 8
134 5 9
135 10 8
136 40 30
137 7 7
138 30 20
139 8 10
140 9 7
141 8 5
142 9 8
143 9 6
144 20 20
145 5 10
146 20 20
147 10 7
148 10 9
149 8 6
150 7 7
151 20 50
152 5 5
153 30 50
154 10 10
155 10 7
156 7 7
157 7 10
158 6 8
159 5 6
160 8 5
161 5 9
162 5 9
163 40 40
164 40 30
165 50 50
166 40 40
167 50 20
168 6 6
169 40 20
170 50 40
171 6 9
172 6 10
173 5 9
174 6 10
175 7 5
176 40 30
177 8 7
178 10 7
179 30 40
180 9 8
181 7 5
182 10 6
183 20 20
184 10 6
185 6 7
186 7 8
187 6 10
188 40 40
189 7 8
190 10 8
191 40 40
192 8 6
193 7 6
194 30 20
195 5 9
196 8 6
197 9 7
198 40 40
199 8 5
200 20 20
201 5 10
202 30 30
203 20 20
204 20 30
205 10 10
206 8 10
207 10 8
208 9 5
209 8 6
210 40 20
211 6 10
212 50 20
213 7 6
214 9 10
215 50 30
216 5 6
217 9 5
218 5 7
219 7 10
220 8 6
221 10 5
222 30 30
223 7 7
224 8 5
225 30 50
226 20 50
227 30 30
228 5 5
229 20 30
230 10 9
231 20 20
232 7 8
233 6 6
234 9 6
235 9 8
236 5 6
237 40 20
238 30 30
239 50 40
240 30 20
241 30 50
242 7 6
243 30 50
244 5 7
245 10 10
246 40 50
247 30 30
248 40 30
249 50 30
250 9 9
251 5 10
252 7 5
253 8 8
254 9 7
255 30 40
256 10 10
257 6 9
258 10 10
259 7 7
260 20 50
261 8 5
262 50 50
263 9 8
264 6 8
265 10 8
266 10 8
267 7 7
268 10 8
269 6 5
270 9 7
271 10 5
272 7 5
273 20 30
274 7 5
275 6 7
276 9 7
277 7 8
278 9 8
279 6 9
280 7 5
281 6 5
282 20 20
283 40 50
284 7 8
285 7 7
286 5 8
287 9 6
288 50 40
289 7 5
290 40 20
291 5 10
292 10 5
293 8 7
294 6 9
295 6 10
296 20 30
297 6 5
298 10 5
299 9 10
300 10 6
301 7 10
302 30 40
303 7 6
304 9 9
305 8 8
306 20 40
307 8 7
308 9 6
309 30 20
310 6 5
311 7 7
312 9 7
313 7 5
314 40 50
315 8 5
316 40 40
317 7 8
318 20 40
319 20 20
320 8 9
321 6 7
322 40 40
323 40 50
324 5 7
325 8 10
326 5 8
327 40 40
328 8 5
329 30 30
330 5 8
331 30 30
332 8 7
333 10 7
334 10 9
335 9 8
336 9 8
337 7 10
338 10 7
339 40 30
340 9 8
341 10 6
342 30 30
343 6 9
344 6 8
345 8 8
346 9 5
347 9 8
348 9 10
349 20 30
350 6 5
351 5 7
352 7 9
353 9 5
354 5 6
355 5 6
356 8 5
357 9 9
358 30 40
359 20 40
360 10 5
361 10 6
362 9 7
363 6 10
364 7 10
365 8 8
366 50 40
367 5 5
368 7 8
369 7 10
370 5 7
371 8 10
372 7 7
373 6 10
374 7 5
375 9 8
376 10 5
377 20 40
378 20 30
379 9 6
380 10 8
381 7 10
382 9 6
383 7 10
384 6 8
385 6 8
386 20 40
387 10 7
388 10 9
389 8 6
390 20 50
391 10 9
392 6 5
393 9 7
394 6 5
395 10 9
396 8 9
397 8 5
398 10 10
399 8 8
400 6 10
401 20 20
402 50 40
403 9 5
404 5 9
405 5 7
406 50 40
407 8 10
408 9 8
409 6 7
410 10 9
411 7 7
412 7 10
413 40 30
414 20 30
415 20 20
416 6 6
417 10 6
418 7 10
419 6 6
420 6 6
421 5 9
422 5 7
423 8 5
424 7 8
425 6 8
426 5 7
427 7 8
428 9 8
429 9 8
430 8 6
431 7 7
432 8 6
433 20 20
434 8 9
435 10 5
436 9 10
437 6 8
438 9 5
439 9 9
440 9 5
441 6 5
442 20 40
443 10 7
444 20 40
445 30 40
446 7 6
447 5 5
448 8 10
449 30 20
450 5 5
451 5 7
452 10 9
453 9 8
454 50 30
455 5 8
456 10 10
457 50 20
458 6 6
459 7 8
460 50 20
461 30 40
462 5 8
463 8 5
464 9 10
465 30 50
466 7 5
467 40 30
468 9 7
469 6 7
470 7 7
471 8 10
472 20 40
473 20 40
474 30 40
475 9 5
476 5 9
477 5 9
478 7 5
479 30 40
480 9 9
481 7 5
482 6 6
483 9 5
484 7 6
485 10 6
486 10 9
487 20 50
488 9 10
489 8 5
490 8 10
491 50 20
492 7 9
493 10 8
494 8 10
495 6 5
496 30 50
497 10 10
498 30 40
499 10 6
500 9 10
501 6 7
502 7 6
503 8 10
504 40 30
505 40 50
506 10 8
507 8 6
508 8 5
509 8 8
510 8 10
511 6 10
512 5 9
513 10 9
514 6 8
515 10 10
516 7 9
517 50 30
518 50 50
519 5 7
520 5 5
521 6 10
522 20 40
523 8 8
524 6 5
525 5 10
526 7 10
527 8 6
528 9 6
529 7 10
530 9 7
531 20 30
532 40 20
533 8 5
534 7 6
535 20 40
536 9 6
537 7 6
538 20 30
539 5 10
540 9 6
541 5 5
542 8 5
543 5 6
544 5 8
545 8 7
546 20 30
547 6 9
548 20 50
549 6 6
550 9 7
551 40 30
552 7 5
553 8 5
554 30 40
555 5 8
556 20 30
557 20 40
558 9 9
559 9 5
560 30 30
561 8 8
562 6 6
563 6 5
564 8 9
565 30 30
566 7 5
567 7 5
568 7 5
569 10 6
570 9 8
571 10 10
572 40 40
573 8 9
574 7 8
575 20 20
576 7 10
577 8 6
578 5 6
579 40 30
580 6 10
581 7 10
582 50 30
583 5 9
584 8 7
585 6 6
586 9 5
587 20 50
588 8 8
589 40 20
590 5 8
591 20 40
592 20 50
593 10 6
594 30 30
595 10 9
596 8 8
597 6 9
598 30 30
599 9 6
600 20 20
601 40 40
602 30 40
603 20 20
604 7 8
605 9 10
606 50 50
607 9 10
608 50 50
609 6 7
610 5 7
611 7 10
612 7 6
613 9 7
614 6 5
615 10 8
616 9 10
617 50 20
618 7 6
619 8 7
620 40 20
621 6 7
622 5 9
623 9 10
624 9 7
625 6 8
626 5 7
627 7 6
628 20 20
629 9 10
630 7 9
631 6 6
632 8 7
633 10 5
634 10 5
635 9 7
636 10 5
637 5 6
638 9 8
639 50 50
640 5 5
641 7 10
642 5 9
643 30 20
644 6 6
645 7 10
646 9 6
647 50 20
648 7 8
649 20 40
650 9 6
651 8 7
652 7 7
653 7 6
654 30 50
655 5 7
656 50 40
657 5 5
658 7 8
659 10 5
660 30 50
661 8 6
662 40 30
663 8 9
664 40 30
665 9 7
666 7 8
667 40 50
668 10 5
669 30 50
670 50 40
671 7 5
672 20 20
673 20 20
674 8 10
675 8 5
676 9 6
677 8 5
678 20 20
679 9 10
680 5 10
681 50 50
682 50 30
683 10 8
684 8 8
685 50 50
686 9 6
687 9 5
688 5 9
689 7 6
690 8 8
691 40 40
692 6 9
693 10 10
694 8 7
695 6 8
696 40 50
697 7 8
698 30 20
699 9 7
700 50 30
701 9 8
702 6 9
703 9 6
704 7 10
705 6 5
706 8 10
707 9 7
708 10 7
709 8 5
710 50 20
711 5 8
712 5 8
713 8 10
714 50 30
715 10 10
716 10 9
717 6 6
718 10 9
719 10 10
720 20 20
721 50 50
722 7 5
723 40 40
724 8 5
725 50 40
726 40 30
727 7 5
728 6 6
729 7 5
730 10 7
731 5 6
732 9 9
733 8 7
734 8 5
735 7 6
736 6 8
737 9 9
738 50 20
739 40 40
740 7 5
741 50 20
742 8 5
743 8 10
744 40 30
745 10 9
746 7 8
747 10 6
748 5 9
749 20 20
750 9 9
751 40 50
752 50 30
753 9 10
754 5 6
755 10 10
756 7 10
757 9 8
758 7 9
759 10 10
760 20 40
761 50 20
762 50 50
763 7 7
764 7 6
765 8 5
766 50 20
767 40 30
768 5 9
769 10 10
770 6 8
771 5 7
772 5 5
773 7 7
774 10 8
775 8 10
776 7 5
777 8 8
778 40 20
779 30 20
780 8 10
781 20 40
782 6 9
783 8 5
784 30 20
785 10 6
786 10 5
787 9 9
788 8 7
789 8 9
790 10 9
791 8 6
792 10 8
793 8 8
794 7 6
795 20 50
796 9 10
797 9 6
798 6 7
799 10 10
800 6 8
801 8 6
802 7 7
803 7 7
804 8 7
805 5 8
806 10 10
807 5 9
808 7 8
809 20 40
810 7 6
811 40 20
812 20 50
813 6 10
814 30 30
815 50 50
816 50 30
817 10 8
818 50 50
819 20 50
820 7 8
821 8 6
822 6 8
823 5 7
824 5 8
825 20 30
826 20 40
827 20 30
828 8 7
829 5 5
830 20 50
831 9 6
832 10 5
833 10 8
834 40 30
835 40 30
836 50 50
837 8 8
838 5 7
839 40 20
840 40 40
841 7 8
842 7 9
843 9 5
844 6 8
845 5 5
846 9 8
847 40 20
848 20 50
849 50 50
850 40 50
851 40 20
852 50 20
853 5 7
854 9 6
855 7 8
856 6 7
857 5 9
858 30 20
859 9 9
860 8 7
861 10 7
862 40 40
863 9 5
864 50 30
865 5 7
866 5 5
867 7 9
868 20 40
869 8 6
870 6 7
871 30 20
872 10 5
873 7 8
874 8 7
875 50 50
876 9 8
877 10 6
878 9 6
879 8 8
880 50 50
881 50 20
882 40 50
883 10 7
884 6 7
885 6 8
886 8 10
887 7 6
888 5 5
889 6 7
890 10 9
891 5 7
892 10 5
893 5 7
894 50 50
895 20 20
896 10 8
897 5 8
898 6 5
899 8 8
900 50 50
901 9 8
902 50 40
903 10 10
904 50 30
905 8 6
906 20 30
907 9 5
908 7 5
909 10 7
910 7 5
911 9 10
912 7 9
913 30 30
914 7 7
915 7 6
916 6 8
917 5 6
918 10 10
919 5 6
920 5 8
921 8 8
922 10 5
923 30 20
924 50 20
925 5 8
926 8 9
927 30 20
928 8 8
929 5 8
930 30 40
931 10 7
932 8 7
933 6 10
934 10 8
935 5 7
936 6 5
937 8 10
938 20 30
939 5 7
940 5 8
941 8 9
942 40 20
943 7 9
944 8 8
945 40 50
946 10 10
947 6 9
948 6 5
949 9 9
950 9 8
951 40 30
952 9 9
953 9 5
954 10 6
955 9 8
956 10 8
957 10 9
958 9 7
959 20 30
960 7 10
961 6 6
962 5 10
963 9 10
964 5 8
965 6 10
966 6 10
967 9 10
968 50 50
969 6 10
970 9 9
971 40 50
972 5 8
973 30 40
974 7 9
975 6 6
976 6 5
977 7 9
978 7 8
979 7 10
980 40 20
981 9 7
982 6 7
983 7 7
984 6 7
985 20 30
986 6 10
987 5 7
988 9 6
989 9 6
990 20 40
991 10 9
992 8 9
993 9 6
994 6 10
995 9 7
996 6 9
997 10 10
998 8 8
999 6 6
1000 8 7
1001 8 10
1002 6 7
1003 8 7
1004 6 5
1005 20 50
1006 6 8
1007 5 10
1008 8 10
1009 40 50
1010 30 50
1011 6 7
1012 10 7
1013 20 50
1014 6 8
1015 9 8
1016 8 10
1017 7 7
1018 8 7
1019 50 30
1020 40 20
1021 50 20
1022 9 10
1023 8 7
1024 6 5
1025 8 7
1026 5 5
1027 6 10
1028 9 10
1029 8 6
1030 6 10
1031 40 50
1032 10 5
1033 7 8
1034 10 5
1035 9 7
1036 10 7
1037 6 7
1038 6 9
1039 8 7
1040 30 20
1041 5 6
1042 10 7
1043 10 10
1044 30 30
1045 7 8
1046 10 8
1047 9 9
1048 9 10
1049 10 10
1050 7 10
1051 50 40
1052 40 20
1053 5 7
1054 5 6
1055 8 6
1056 8 7
1057 8 7
1058 50 30
1059 50 40
1060 7 8
1061 5 7
1062 6 9
1063 8 9
1064 40 30
1065 7 9
1066 9 6
1067 5 10
1068 9 7
1069 8 6
1070 9 9
1071 8 5
1072 9 6
1073 8 10
1074 8 5
1075 6 5
1076 5 7
1077 10 8
1078 9 5
1079 9 9
1080 5 7
1081 5 10
1082 9 10
1083 6 10
1084 6 8
1085 8 10
1086 7 10
1087 50 50
1088 30 50
1089 50 30
1090 5 5
1091 7 7
1092 40 50
1093 5 7
1094 8 5
1095 5 8
1096 8 10
1097 5 5
1098 7 7
1099 5 10
1100 50 30
1101 30 30
1102 8 5
1103 9 10
1104 7 5
1105 8 7
1106 7 7
1107 5 7
1108 7 8
1109 7 8
1110 40 30
1111 30 20
1112 30 50
1113 7 9
1114 7 7
1115 50 50
1116 7 6
1117 10 10
1118 5 9
1119 9 6
1120 8 10
1121 7 5
1122 9 6
1123 7 5
1124 30 20
1125 20 40
1126 6 9
1127 5 8
1128 6 5
1129 7 7
1130 10 8
1131 8 10
1132 30 20
1133 30 20
1134 20 20
1135 5 8
1136 7 5
1137 20 50
1138 5 9
1139 7 10
1140 20 50
1141 50 40
1142 6 6
1143 5 6
1144 10 7
1145 30 50
1146 9 6
1147 6 5
1148 6 6
1149 6 6
1150 6 9
1151 8 9
1152 10 10
1153 50 50
1154 8 7
1155 8 9
1156 5 9
1157 9 8
1158 20 40
1159 8 7
1160 10 10
1161 5 5
1162 9 8
1163 30 50
1164 10 6
1165 40 20
1166 10 8
1167 6 5
1168 30 30
1169 30 20
1170 20 40
1171 50 30
1172 50 40
1173 9 10
1174 8 7
1175 6 8
1176 6 7
1177 50 40
1178 8 7
1179 8 10
1180 8 9
1181 20 50
1182 8 9
1183 10 9
1184 40 30
1185 8 6
1186 10 10
1187 8 7
1188 40 40
1189 40 30
1190 7 9
1191 9 9
1192 7 9
1193 6 8
1194 9 8
1195 5 9
1196 50 50
1197 20 20
1198 30 50
1199 10 9
1200 10 8
1201 5 7
1202 30 30
1203 5 9
1204 5 6
1205 40 20
1206 7 10
1207 8 7
1208 6 10
1209 8 5
1210 6 10
1211 8 10
1212 10 9
1213 10 7
1214 6 9
1215 7 6
1216 50 20
1217 9 8
1218 9 8
1219 7 5
1220 30 40
1221 40 30
1222 5 8
1223 7 6
1224 20 50
1225 5 9
1226 20 40
1227 8 6
1228 10 6
1229 9 5
1230 7 6
1231 6 5
1232 6 9
1233 6 10
1234 50 20
1235 8 6
1236 7 5
1237 7 10
1238 5 6
1239 20 50
1240 6 9
1241 5 8
1242 10 9
1243 6 5
1244 7 6
1245 6 10
1246 8 7
1247 8 9
1248 6 8
1249 10 7
1250 8 7
1251 40 30
1252 6 6
1253 6 6
1254 8 8
1255 9 6
1256 6 10
1257 8 7
1258 20 50
1259 10 8
1260 9 6
1261 7 6
1262 6 10
1263 30 30
1264 5 7
1265 10 7
1266 8 8
1267 5 7
1268 9 5
1269 6 10
1270 30 40
1271 20 40
1272 7 7
1273 50 30
1274 5 10
1275 5 10
1276 20 40
1277 8 5
1278 9 7
1279 7 7
1280 30 50
1281 9 7
1282 8 5
1283 10 8
1284 30 20
1285 10 10
1286 9 8
1287 50 50
1288 6 6
1289 6 10
1290 20 20
1291 8 10
1292 5 9
1293 5 10
1294 9 8
1295 6 10
1296 7 9
1297 8 8
1298 9 9
1299 20 50
1300 8 7
1301 10 5
1302 8 7
1303 5 8
1304 30 40
1305 6 10
1306 8 7
1307 8 5
1308 8 6
1309 9 5
1310 9 9
1311 8 8
1312 20 30
1313 20 40
1314 9 10
1315 50 50
1316 40 30
1317 50 40
1318 7 9
1319 5 6
1320 6 7
1321 10 9
1322 8 8
1323 10 6
1324 10 8
1325 10 8
1326 5 10
1327 6 5
1328 10 8
1329 50 20
1330 40 20
1331 5 10
1332 7 6
1333 10 6
1334 6 9
1335 10 5
1336 10 10
1337 5 5
1338 50 30
1339 9 5
1340 20 30
1341 50 30
1342 10 10
1343 5 10
1344 50 50
1345 9 8
1346 9 8
1347 30 20
1348 6 6
1349 9 8
1350 20 20
1351 8 9
1352 7 7
1353 10 9
1354 5 7
1355 50 50
1356 20 20
1357 8 10
1358 7 5
1359 9 5
1360 20 20
1361 7 6
1362 8 10
1363 6 5
1364 5 10
1365 20 40
1366 7 5
1367 7 8
1368 5 6
1369 5 8
1370 9 5
1371 9 10
1372 9 8
1373 6 7
1374 40 30
1375 8 7
1376 6 5
1377 8 8
1378 7 8
1379 9 5
1380 5 7
1381 10 5
1382 5 5
1383 30 50
1384 50 50
1385 6 8
1386 40 40
1387 30 20
1388 50 50
1389 7 9
1390 5 8
1391 6 9
1392 50 30
1393 40 30
1394 50 40
1395 7 9
1396 40 20
1397 40 30
1398 40 50
1399 8 6
1400 50 50
1401 10 10
1402 8 7
1403 10 7
1404 8 6
1405 10 6
1406 7 5
1407 20 50
1408 10 6
1409 8 9
1410 8 5
1411 5 8
1412 50 50
1413 20 40
1414 20 40
1415 50 20
1416 10 7
1417 8 7
1418 6 9
1419 8 9
1420 20 50
1421 6 7
1422 8 5
1423 7 6
1424 7 8
1425 40 20
1426 20 20
1427 10 9
1428 7 9
1429 9 9
1430 5 10
1431 9 9
1432 10 8
1433 9 10
1434 30 50
1435 30 40
1436 40 20
1437 30 40
1438 20 20
1439 5 7
1440 6 9
1441 7 5
1442 10 6
1443 6 7
1444 9 5
1445 8 9
1446 30 40
1447 20 20
1448 7 7
1449 20 50
1450 40 20
1451 9 7
1452 8 6
1453 9 10
1454 7 9
1455 5 7
1456 9 5
1457 40 40
1458 6 5
1459 7 7
1460 7 10
1461 10 8
1462 6 9
1463 30 40
1464 8 6
1465 8 10
1466 20 40
1467 6 9
1468 50 30
1469 6 9
1470 30 30
1471 8 5
1472 50 20
1473 10 7
1474 8 10
1475 30 50
1476 7 10
1477 8 7
1478 5 6
1479 8 5
1480 10 9
1481 20 40
1482 10 10
1483 9 9
1484 9 5
1485 30 30
1486 20 30
1487 6 7
1488 10 5
1489 9 9
1490 9 9
1491 9 8
1492 6 5
1493 7 8
1494 8 7
1495 6 6
1496 30 30
1497 5 5
1498 6 9
1499 8 5
1500 6 8
1501 10 8
1502 5 6
1503 50 40
1504 8 8
1505 10 10
1506 7 7
1507 6 8
1508 6 10
1509 20 40
1510 50 50
1511 9 7
1512 20 30
1513 20 20
1514 10 5
1515 6 5
1516 5 7
1517 8 5
1518 8 6
1519 30 30
1520 30 40
1521 30 50
1522 8 5
1523 50 20
1524 5 10
1525 30 40
1526 30 40
1527 9 9
1528 6 8
1529 40 20
1530 40 40
1531 10 8
1532 9 10
1533 7 7
1534 20 50
1535 50 30
1536 8 8
1537 9 6
1538 50 40
1539 20 40
1540 8 5
1541 8 6
1542 8 6
1543 5 7
1544 30 30
1545 10 6
1546 30 30
1547 20 40
1548 20 20
1549 7 5
1550 8 6
1551 40 30
1552 5 10
1553 40 40
1554 6 8
1555 8 10
1556 20 50
1557 10 6
1558 5 9
1559 10 9
1560 8 8
1561 5 8
1562 8 7
1563 30 40
1564 30 30
1565 10 5
1566 9 10
1567 30 40
1568 7 6
1569 5 8
1570 8 7
1571 9 5
1572 5 6
1573 7 7
1574 7 7
1575 9 7
1576 10 7
1577 10 9
1578 9 5
1579 50 50
1580 40 30
1581 9 6
1582 5 5
1583 7 10
1584 10 6
1585 10 5
1586 7 8
1587 6 5
1588 10 10
1589 30 50
1590 7 8
1591 6 10
1592 6 5
1593 6 7
1594 20 40
1595 9 6
1596 8 6
1597 10 8
1598 40 40
1599 40 20
1600 7 9
1601 10 7
1602 8 8
1603 6 7
1604 20 20
1605 40 40
1606 7 7
1607 8 8
1608 9 8
1609 10 9
1610 6 5
1611 8 10
1612 40 20
1613 5 5
1614 10 10
1615 20 30
1616 10 7
1617 30 20
1618 20 40
1619 9 10
1620 7 7
1621 20 30
1622 9 7
1623 7 5
1624 6 8
1625 8 6
1626 10 7
1627 5 6
1628 7 6
1629 30 30
1630 50 50
1631 6 10
1632 40 20
1633 8 10
1634 30 40
1635 6 6
1636 40 30
1637 40 30
1638 20 30
1639 5 9
1640 10 10
1641 20 20
1642 30 40
1643 20 50
1644 10 10
1645 40 40
1646 7 8
1647 6 7
1648 50 20
1649 30 50
1650 40 50
1651 9 10
1652 8 7
1653 8 7
1654 40 40
1655 6 6
1656 5 9
1657 9 5
1658 10 10
1659 40 50
1660 7 5
1661 50 20
1662 8 8
1663 5 7
1664 40 20
1665 8 6
1666 7 9
1667 10 7
1668 5 6
1669 5 9
1670 5 5
1671 30 30
1672 10 8
1673 7 7
1674 8 8
1675 8 8
1676 8 9
1677 20 20
1678 50 40
1679 6 10
1680 8 9
1681 40 30
1682 40 50
1683 50 40
1684 40 30
1685 30 40
1686 50 50
1687 7 5
1688 8 5
1689 6 7
1690 5 5
1691 5 10
1692 40 20
1693 9 6
1694 8 7
1695 40 30
1696 10 7
1697 20 30
1698 30 40
1699 6 7
1700 40 30
1701 6 7
1702 50 40
1703 5 10
1704 8 8
1705 7 6
1706 10 9
1707 8 7
1708 9 6
1709 7 7
1710 7 10
1711 7 5
1712 7 6
1713 40 40
1714 8 9
1715 5 7
1716 6 6
1717 50 20
1718 7 6
1719 8 8
1720 40 40
1721 8 9
1722 6 9
1723 20 30
1724 8 9
1725 9 9
1726 8 9
1727 30 20
1728 50 20
1729 5 9
1730 7 5
1731 6 10
1732 20 20
1733 6 7
1734 10 6
1735 40 40
1736 10 7
1737 10 6
1738 30 50
1739 8 10
1740 40 30
1741 20 40
1742 5 7
1743 7 7
1744 8 7
1745 5 5
1746 7 5
1747 20 20
1748 5 8
1749 9 5
1750 30 40
1751 9 10
1752 10 6
1753 7 7
1754 40 40
1755 50 40
1756 6 5
1757 20 50
1758 20 50
1759 30 40
1760 40 50
1761 20 30
1762 40 50
1763 50 20
1764 9 9
1765 9 10
1766 10 9
1767 20 50
1768 5 10
1769 50 40
1770 8 9
1771 9 6
1772 8 10
1773 9 8
1774 40 50
1775 8 5
1776 6 8
1777 10 9
1778 10 9
1779 6 8
1780 10 5
1781 9 5
1782 50 20
1783 30 50
1784 8 5
1785 40 50
1786 6 10
1787 8 5
1788 8 10
1789 8 8
1790 6 6
1791 30 40
1792 40 30
1793 7 9
1794 40 20
1795 30 50
1796 20 50
1797 30 30
1798 10 9
1799 7 6
1800 50 30
1801 10 10
1802 6 10
1803 40 40
1804 5 7
1805 10 8
1806 6 7
1807 8 10
1808 10 7
1809 7 6
1810 30 40
1811 40 30
1812 7 10
1813 10 10
1814 6 9
1815 7 9
1816 6 6
1817 9 9
1818 5 7
1819 40 50
1820 20 30
1821 20 20
1822 50 20
1823 5 5
1824 20 20
1825 9 7
1826 7 8
1827 20 50
1828 8 9
1829 50 20
1830 5 6
1831 7 5
1832 8 8
1833 6 9
1834 50 50
1835 8 7
1836 7 6
1837 50 20
1838 40 20
1839 9 10
1840 9 7
1841 50 40
1842 40 40
1843 8 5
1844 7 8
1845 40 40
1846 7 10
1847 6 9
1848 7 5
1849 6 10
1850 9 8
1851 8 8
1852 40 30
1853 7 8
1854 50 50
1855 6 8
1856 40 20
1857 5 8
1858 5 5
1859 40 20
1860 8 7
1861 20 50
1862 50 20
1863 9 7
1864 20 40
1865 40 30
1866 30 20
1867 20 40
1868 5 6
1869 10 8
1870 9 10
1871 30 50
1872 6 6
1873 7 9
1874 40 20
1875 30 40
1876 50 50
1877 10 10
1878 7 8
1879 30 40
1880 10 5
1881 40 30
1882 30 30
1883 9 8
1884 6 7
1885 8 7
1886 5 5
1887 6 10
1888 7 5
1889 5 7
1890 5 9
1891 7 6
1892 9 9
1893 5 8
1894 8 5
1895 7 10
1896 8 5
1897 20 50
1898 5 8
1899 40 40
1900 7 5
1901 5 9
1902 6 6
1903 9 9
1904 20 50
1905 40 50
1906 30 50
1907 7 10
1908 5 6
1909 10 6
1910 20 50
1911 9 10
1912 9 8
1913 6 10
1914 5 8
1915 9 9
1916 9 10
1917 50 50
1918 20 20
1919 5 10
1920 7 5
1921 20 40
1922 10 10
1923 5 6
1924 5 6
1925 6 7
1926 8 8
1927 6 5
1928 50 40
1929 20 20
1930 20 20
1931 20 30
1932 7 5
1933 9 7
1934 20 20
1935 30 20
1936 9 9
1937 6 8
1938 30 40
1939 50 50
1940 5 7
1941 8 9
1942 9 8
1943 9 8
1944 9 10
1945 50 30
1946 7 8
1947 7 9
1948 5 8
1949 6 5
1950 50 30
1951 9 9
1952 10 6
1953 40 40
1954 7 5
1955 7 10
1956 50 40
1957 7 6
1958 50 50
1959 7 8
1960 10 5
1961 30 30
1962 8 7
1963 50 50
1964 9 6
1965 40 50
1966 5 7
1967 50 20
1968 5 8
1969 8 10
1970 9 5
1971 7 6
1972 30 50
1973 10 10
1974 10 10
1975 50 20
1976 9 5
1977 5 6
1978 30 30
1979 7 7
1980 8 9
1981 6 6
1982 30 40
1983 30 40
1984 30 20
1985 5 7
1986 10 10
1987 5 7
1988 8 7
1989 5 8
1990 40 50
1991 5 10
1992 10 8
1993 8 6
1994 5 8
1995 10 5
1996 9 7
1997 7 6
1998 9 6
1999 50 30
2000 6 5
2001 40 30
2002 5 6
2003 6 5
2004 50 40
2005 9 10
2006 6 9
2007 5 6
2008 7 7
2009 50 20
2010 8 10
2011 30 40
2012 30 50
2013 50 40
2014 5 8
2015 7 6
2016 5 9
2017 8 6
2018 6 6
2019 50 50
2020 30 40
2021 8 7
2022 6 7
2023 40 40
2024 30 30
2025 6 9
2026 7 6
2027 10 7
2028 50 30
2029 9 8
2030 7 10
2031 20 40
2032 6 8
2033 5 7
2034 5 9
2035 30 20
2036 8 5
2037 30 40
2038 20 50
2039 50 40
2040 9 7
2041 40 30
2042 7 9
2043 30 30
2044 9 9
2045 7 10
2046 9 8
2047 30 50
2048 40 40
2049 5 6
2050 40 30
2051 9 9
2052 10 8
2053 8 7
2054 5 8
2055 5 10
2056 9 5
2057 30 20
2058 40 30
2059 8 6
2060 30 50
2061 8 7
2062 10 7
2063 8 6
2064 6 6
2065 10 7
2066 30 20
2067 7 6
2068 50 20
2069 9 10
2070 40 20
2071 9 5
2072 20 30
2073 8 6
2074 50 30
2075 7 5
2076 5 6
2077 6 8
2078 6 5
2079 8 8
2080 5 6
2081 5 10
2082 5 8
2083 6 8
2084 5 10
2085 6 5
2086 9 6
2087 10 8
2088 6 10
2089 6 6
2090 50 30
2091 8 9
2092 8 5
2093 5 6
2094 8 8
2095 6 10
2096 6 10
2097 7 8
2098 10 9
2099 8 9
2100 5 5
2101 40 20
2102 6 8
2103 6 6
2104 30 20
2105 40 20
2106 6 8
2107 5 10
2108 30 50
2109 5 8
2110 5 5
2111 7 6
2112 6 5
2113 5 7
2114 5 10
2115 10 9
2116 20 30
2117 10 5
2118 6 7
2119 9 5
2120 7 9
2121 5 9
2122 9 6
2123 6 10
2124 30 40
2125 8 8
2126 20 50
2127 40 30
2128 8 9
2129 7 6
2130 6 10
2131 40 50
2132 5 5
2133 9 8
2134 30 20
2135 20 20
2136 9 6
2137 6 5
2138 40 20
2139 50 30
2140 7 6
2141 5 7
2142 50 40
2143 5 7
2144 8 9
2145 30 50
2146 8 5
2147 8 8
2148 9 8
2149 30 50
2150 8 7
2151 5 8
2152 8 6
2153 8 9
2154 8 5
2155 7 8
2156 6 5
2157 50 40
2158 30 40
2159 20 20
2160 7 9
2161 10 7
2162 7 6
2163 9 8
2164 50 30
2165 9 8
2166 9 9
2167 6 9
2168 7 7
2169 9 7
2170 5 7
2171 9 6
2172 10 7
2173 30 20
2174 7 10
2175 40 30
2176 10 6
2177 7 7
2178 7 7
2179 40 30
2180 5 6
2181 20 30
2182 50 30
2183 10 6
2184 5 6
2185 6 10
2186 20 50
2187 8 7
2188 5 6
2189 6 10
2190 9 5
2191 10 9
2192 40 30
2193 6 8
2194 7 5
2195 7 5
2196 5 10
2197 30 20
2198 5 5
2199 30 50
2200 8 9
2201 8 5
2202 8 7
2203 40 50
2204 30 20
2205 5 10
2206 5 10
2207 6 10
2208 9 6
2209 9 7
2210 10 10
2211 7 10
2212 8 7
2213 10 5
2214 30 50
2215 8 9
2216 50 30
2217 30 50
2218 7 10
2219 40 40
2220 20 20
2221 8 10
2222 6 5
2223 9 10
2224 5 9
2225 7 7
2226 9 8
2227 40 50
2228 8 5
2229 5 9
2230 7 7
2231 8 6
2232 8 5
2233 40 30
2234 6 6
2235 10 7
2236 20 50
2237 20 50
2238 30 30
2239 5 10
2240 40 40
2241 5 10
2242 20 50
2243 6 5
2244 9 10
2245 50 30
2246 7 7
2247 7 8
2248 6 10
2249 7 9
2250 8 8
2251 9 10
2252 6 5
2253 6 9
2254 7 5
2255 10 9
2256 9 8
2257 10 7
2258 7 10
2259 9 6
2260 7 5
2261 9 6
2262 40 50
2263 7 8
2264 9 8
2265 5 8
2266 8 7
2267 10 8
2268 20 50
2269 8 6
2270 9 5
2271 50 30
2272 5 7
2273 9 8
2274 7 7
2275 10 10
2276 5 5
2277 7 5
2278 8 6
2279 7 9
2280 10 5
2281 5 10
2282 8 8
2283 40 50
2284 5 10
2285 9 9
2286 5 7
2287 8 8
2288 30 50
2289 7 10
2290 8 5
2291 9 8
1298 0
990 2022
1 2050
2022 1
0 1
2290 3
4 968
949 1728
1410 2
3 4
1728 4
2 4
7 1267
197 6
2178 5
5 7
6 7
128 8
1501 602
1373 1182
183 266
1182 183
602 183
8 183
1611 2101
2046 1253
2035 9
1513 1599
1253 1611
9 1611
1599 1611
711 52
10 2198
52 10
327 1701
500 747
11 1883
1701 11
747 11
1138 13
1390 12
1597 1119
12 1597
13 1597
14 2084
1546 311
1356 438
438 14
311 14
310 98
830 624
830 1558
830 136
830 2214
830 1568
830 757
830 1411
830 1212
1092 15
888 17
17 15
17 16
17 830
852 2013
327 43
18 182
2013 18
43 18
2188 240
2243 19
892 20
292 1128
20 292
240 292
19 292
298 1210
1055 1498
1622 21
21 298
1498 298
23 1275
1055 22
1206 1156
1156 23
22 23
1829 24
1055 481
1646 547
481 1646
24 1646
1170 25
1999 26
27 1158
25 27
26 27
416 1585
1242 2019
1585 1242
739 1665
499 218
1536 1789
1789 739
218 739
1122 2020
1933 866
28 209
2020 28
866 28
245 29
2132 30
999 2133
29 999
30 999
80 31
1077 874
2245 1766
353 32
32 2245
874 2245
31 2245
499 33
179 553
1777 827
33 1777
553 1777
2030 34
35 1172
34 35
2038 1168
1406 254
1038 927
927 2038
254 2038
45 184
45 2060
45 2076
45 765
45 1211
1993 538
538 45
624 45
1996 37
687 36
38 514
36 38
37 38
40 366
2106 39
1961 938
39 40
938 40
731 434
279 456
1640 1714
1920 41
434 279
1714 279
41 279
1793 1201
929 42
1311 637
1201 1311
42 1311
1566 44
1472 1525
1472 1471
44 1472
1614 46
2221 1509
47 1491
46 47
1509 47
667 260
667 1102
667 2138
667 2002
667 578
1993 473
473 667
48 1510
48 1067
48 1305
482 744
744 48
412 844
1880 49
1558 412
49 412
532 2113
628 983
628 1820
628 1213
2113 628
2085 261
2085 1003
1113 50
50 2085
788 2265
788 2054
788 587
788 1912
788 643
2097 193
193 788
1781 756
2046 51
2181 646
646 1781
51 1781
1143 54
970 53
55 1008
53 55
54 55
327 56
875 697
557 2271
697 557
56 557
1721 1910
1865 57
58 659
328 1105
1105 58
1910 58
57 58
59 508
2170 1011
1011 59
225 60
1097 405
713 510
1460 1623
1623 713
405 713
60 713
185 88
185 1436
185 486
185 2218
185 1345
185 1377
1422 61
61 185
1058 62
1318 1618
64 1289
1257 63
63 64
1618 64
62 64
66 93
66 1609
66 590
1055 921
863 65
65 66
921 66
407 68
1934 67
1154 172
67 1154
68 1154
380 69
1622 283
1581 1080
1581 801
283 1581
69 1581
1698 71
1120 125
836 70
682 376
71 1120
376 1120
70 1120
1427 343
1427 198
1427 373
1427 1848
1151 72
72 1427
74 251
74 1919
74 855
1724 73
73 74
76 2194
76 1443
76 1782
711 75
75 76
78 1190
2079 1329
2235 77
77 78
1329 78
80 357
80 1544
80 617
312 79
79 80
1138 507
81 592
81 913
507 81
817 83
1153 82
84 683
82 84
83 84
1287 86
762 85
87 612
85 87
86 87
1969 1189
88 1969
2153 719
2177 1218
89 2274
719 89
1218 89
1538 90
91 554
90 91
1382 1826
1382 1561
852 92
92 1382
899 515
93 899
1406 104
1406 1278
1406 1200
1928 94
94 1406
319 1901
97 1867
2011 96
651 95
1901 97
95 97
96 97
1831 99
2092 100
2000 2124
99 2000
100 2000
1057 101
2160 102
777 1754
101 777
102 777
1199 103
619 805
103 619
104 619
1725 105
1266 1746
106 1745
1746 106
105 106
522 107
2045 917
149 351
107 149
917 149
1908 294
1908 372
1908 1549
721 745
745 1908
1307 108
2255 1249
1152 2195
1152 1610
108 1152
1249 1152
1307 109
1101 219
110 2167
110 1964
109 110
219 110
112 1990
112 559
2151 111
111 112
1122 2166
1122 823
1122 1706
1122 534
1077 546
546 1122
845 114
2106 113
432 2031
113 432
114 432
1480 903
1335 117
1721 115
509 116
117 1480
115 1480
116 1480
118 1866
118 1053
1341 513
513 118
2282 119
1348 851
611 1137
119 611
851 611
912 120
1058 962
121 2276
120 121
962 121
2228 1339
122 1906
1339 122
1617 123
2009 2189
124 833
593 608
608 124
123 124
2189 124
126 720
125 126
323 1349
1939 127
1349 128
127 128
1984 2064
129 550
2064 129
296 131
1146 130
352 1279
352 799
130 352
131 352
1688 132
714 986
847 1271
132 1298
986 1298
1271 1298
1818 2145
1752 982
134 2120
1405 133
1833 135
135 134
133 134
982 134
2145 134
1055 1604
137 1955
137 591
137 1608
137 2099
137 1545
137 1393
136 137
1604 137
843 1504
1314 138
139 1492
1504 139
138 139
1865 140
179 694
1505 1586
1505 776
694 1505
140 1505
2246 141
819 1578
142 320
1578 142
141 142
1408 2146
144 1397
2241 143
2146 144
1990 144
143 144
1055 145
146 1291
145 146
1350 1894
1664 147
238 2284
2284 1350
147 1350
1993 1236
148 1703
1236 148
1724 231
1724 1630
709 150
150 1724
2191 151
152 784
152 2049
151 152
2046 1387
939 1331
1331 970
1387 970
1583 558
2045 153
594 1647
558 594
153 594
1138 1344
1622 154
154 1138
2182 1394
1077 155
156 2070
155 156
1394 156
2162 157
433 2039
616 158
737 337
337 1939
158 1939
157 1939
2039 1939
1865 159
160 215
160 2080
159 160
1436 160
571 161
161 2162
362 162
1790 480
1790 1988
1790 1997
162 1790
585 2010
585 1469
585 882
522 1785
1785 585
1362 1286
1360 406
1282 1047
1286 1282
406 1282
164 483
164 627
164 564
179 163
1467 1133
163 164
1133 164
1043 1415
1065 165
166 1979
2227 689
689 166
1415 166
165 166
214 1534
1020 167
168 386
1534 168
167 168
170 2025
1863 169
343 170
169 170
1928 171
1500 1186
173 1788
172 173
171 173
1186 173
1467 175
1652 174
328 2223
328 1977
328 2186
174 328
175 328
310 177
179 221
179 2014
179 364
179 381
179 1563
179 894
179 1815
179 2285
179 963
179 1251
179 1555
179 1197
763 176
2192 180
180 176
180 178
180 179
1293 181
858 1518
181 858
182 858
186 1123
184 186
829 188
1369 187
189 704
187 189
188 189
191 1816
191 1574
900 190
190 191
1566 1893
1566 1666
1566 1619
222 853
853 1566
959 1658
220 1022
1546 570
384 192
192 959
1022 959
357 959
570 959
194 1935
194 1524
2223 194
1116 195
2032 1759
195 2032
1894 2032
1856 1661
1856 1709
1856 1420
1146 469
469 1856
197 243
197 984
2105 196
196 197
295 661
198 295
1955 295
1538 199
199 319
461 200
1761 504
201 1560
1736 332
332 201
504 201
200 201
360 1584
360 931
1525 360
1326 1229
2266 202
202 1326
887 2134
308 203
204 2244
203 204
2134 204
1727 205
885 333
1170 1223
205 1170
333 1170
733 206
2170 207
208 2042
206 208
207 208
883 1643
1903 1476
1502 2008
1643 1502
1476 1502
310 2201
211 2252
211 2288
2057 257
257 209
257 210
257 211
818 212
629 213
212 214
213 214
1265 216
780 1457
215 780
216 780
217 342
2045 1347
1347 217
2191 835
2063 1179
671 1808
835 671
1179 671
1567 1654
973 1352
1352 225
1654 225
2126 770
770 220
221 222
260 222
1183 286
1767 223
1068 864
286 1068
223 1068
1287 224
1819 700
224 1819
227 950
227 1750
1435 226
226 227
2005 1648
1648 1307
936 1627
1617 2267
228 1280
2267 228
1627 228
1928 229
1013 1825
824 1451
1825 824
229 824
698 230
296 884
296 2107
296 2100
296 1891
296 1772
296 2117
296 1737
296 665
296 740
296 1135
296 1192
230 296
378 232
1516 2122
1516 645
231 1516
232 1516
2235 233
1865 379
234 1692
1652 464
464 234
233 234
379 234
236 691
236 2219
1238 235
235 236
477 673
1907 909
237 1885
909 237
673 237
238 2174
238 1358
845 1715
1715 238
772 2169
772 2088
772 846
772 1740
772 1591
772 2168
772 1407
772 1162
428 239
239 772
1371 271
709 241
2214 1371
241 1371
1884 242
335 2033
335 764
242 335
1252 244
1634 1204
244 245
243 245
1204 245
403 247
2184 246
248 994
246 248
247 248
2242 2066
2290 250
871 1631
857 249
250 2242
249 2242
1631 2242
1386 1506
252 253
1506 252
251 252
256 583
1310 255
253 256
255 256
929 848
766 1464
1464 929
1526 258
474 529
1890 1002
258 1890
529 1890
887 1032
841 259
1575 1601
259 1575
1032 1575
403 789
762 890
261 762
789 762
800 782
262 2187
782 262
2180 264
2108 263
265 1671
263 265
264 265
267 293
266 267
491 269
499 268
1304 1165
721 270
270 1304
268 1304
269 1304
272 644
272 1096
271 272
1361 361
887 1966
1732 1828
361 1732
1966 1732
2127 273
806 274
971 686
273 971
274 971
2011 275
1512 868
277 2150
509 276
276 277
868 277
275 277
742 280
325 278
281 648
278 281
280 281
1166 1440
942 911
2018 895
911 2018
1440 2018
2142 1219
2197 282
1219 1526
282 1526
1263 285
1590 284
284 1513
285 1513
288 542
288 1462
363 287
287 288
734 289
290 2183
1665 290
289 290
1341 377
1341 1813
1341 1060
1341 526
1341 828
1341 1535
1341 1530
1467 291
291 1341
2166 763
293 763
297 341
297 670
297 1139
294 297
556 2059
2059 416
300 1872
1099 299
1275 300
299 300
302 1967
302 1010
302 1911
1335 301
301 302
2119 876
1416 303
731 304
305 638
304 305
303 305
876 305
306 440
306 785
306 523
2014 306
1102 306
1318 2287
1776 307
307 308
2287 308
309 2217
309 1814
734 1454
1454 309
310 347
310 449
310 867
1150 414
414 310
312 1938
349 1769
1865 1595
1595 312
1769 312
767 314
1622 313
315 1770
315 1710
315 1888
313 315
314 315
1811 316
1889 1198
317 385
316 317
1198 317
639 2196
374 318
318 733
2196 733
871 321
320 1361
321 1361
362 322
322 323
325 2114
1622 324
324 325
1544 325
711 1402
900 326
1984 1758
1984 1860
326 1984
1402 1984
750 2012
933 987
2194 750
987 750
327 330
327 1191
327 1626
327 1142
327 1433
2140 1301
1301 327
1193 329
331 1783
329 331
330 331
812 2069
1942 1353
898 334
334 812
1353 812
1441 336
1023 1025
338 2233
1025 338
336 338
640 1357
640 1855
640 1317
640 1160
2255 1948
1948 640
2036 340
1438 339
339 2197
340 2197
2153 996
341 2153
342 2153
943 1929
418 752
752 943
1399 345
1543 344
346 2110
344 346
345 346
349 2004
349 2047
349 1388
349 2165
349 2102
349 1680
349 1795
349 1971
349 1946
349 1049
349 2173
349 2147
349 1449
349 630
349 821
349 1075
349 1176
2273 730
1330 1448
1448 730
1448 348
1448 349
1085 350
350 353
351 353
395 355
1587 354
356 1269
1165 356
354 356
355 356
613 404
613 1857
950 613
1488 358
845 359
1395 1439
358 1395
359 1395
362 398
362 1716
362 937
362 1426
2004 362
363 972
2023 870
870 363
539 2200
539 1474
539 1045
1396 365
364 539
365 539
367 1177
2066 367
366 367
369 1836
369 1239
369 1669
887 368
368 369
401 370
969 371
1539 840
370 1539
371 1539
372 374
373 374
375 685
2047 375
377 378
912 391
900 453
2033 737
391 737
453 737
2129 476
2129 1974
2129 701
2129 712
2129 1470
2129 1233
2045 1108
1108 2129
380 1039
380 2109
380 1882
1813 380
382 1134
382 2179
381 382
591 382
446 383
1515 1230
384 1132
384 2034
384 2082
384 1744
1230 384
383 384
887 387
388 1083
387 388
385 388
386 388
389 1066
637 389
1601 389
1564 390
1121 1112
1576 1363
1112 1576
390 1576
491 606
491 1494
1542 393
786 392
392 491
393 491
1398 394
2255 2172
2060 395
2172 395
394 395
397 2090
397 1662
397 618
397 1082
1739 396
396 397
629 2209
629 1779
398 629
1164 399
1542 400
399 401
400 401
1968 2123
1653 842
1084 2286
949 402
402 1084
2123 1084
842 1084
1055 951
951 403
1967 403
407 1874
404 407
2127 408
1157 409
1095 1881
408 1095
409 1095
518 1570
1818 410
411 1125
1570 411
410 411
995 413
415 1384
413 415
418 1959
1287 417
417 418
1556 420
1542 419
421 1582
419 421
420 421
1968 422
2290 423
884 1356
422 1356
423 1356
1641 424
425 778
424 425
1134 425
428 537
1055 427
2255 426
426 428
427 428
1408 429
430 779
429 430
431 1733
431 1606
431 597
1586 431
1804 2051
1553 561
561 433
2051 433
1776 435
795 436
2277 2280
435 2277
436 2277
1699 530
1209 437
1416 2240
437 1416
530 1416
1365 439
439 1065
440 1065
1559 442
2001 441
443 1029
1837 1821
1821 443
441 443
442 443
444 653
2029 1547
2115 1659
1659 444
1547 444
446 1428
446 2077
446 1159
446 928
918 445
445 446
1314 1268
447 879
1268 447
460 1994
1713 448
1675 923
923 448
923 450
923 460
1419 451
1459 452
454 1870
451 454
452 454
457 2081
1385 455
455 457
456 457
1157 541
458 675
541 458
1018 459
1443 461
1357 461
1388 461
459 461
1055 462
463 1633
463 1722
463 693
463 579
462 463
1058 466
1140 465
2068 790
465 2068
466 2068
2097 467
468 1711
467 468
1062 471
1705 470
1840 2154
552 1490
1490 571
2154 571
470 571
471 571
2248 472
472 474
761 475
995 1418
995 1383
475 995
477 621
476 477
1055 478
479 1755
479 512
479 748
478 479
2036 1234
2036 1632
480 2036
1817 527
482 1918
527 482
1721 2190
1652 1224
1916 2238
1224 1916
2190 1916
912 1327
484 1061
483 484
1327 484
1542 1806
1542 717
1101 485
485 1542
536 1678
1986 1169
1678 1986
486 1986
488 889
1090 1702
555 487
487 488
1702 488
1113 489
490 524
489 490
556 492
493 1220
492 493
496 1879
1207 495
2255 494
494 496
495 496
1250 497
957 498
499 1511
499 1670
499 1089
499 603
499 774
499 1203
497 499
498 499
2255 1455
1455 500
501 1690
1206 1273
854 2096
1175 1952
1273 501
1952 501
2096 501
633 503
1252 502
502 1020
503 1020
731 2289
1404 2291
1944 1801
2291 1944
2289 1944
1859 2283
2286 2282
2283 2282
1375 914
2159 2281
2281 1829
914 1829
815 1481
2279 563
968 2279
2280 2279
1481 2279
1319 1127
1328 2141
932 1468
1127 932
2141 932
1315 2028
865 2056
2276 865
2028 865
593 1302
593 831
1270 1569
1569 593
1766 2273
2070 2273
2208 960
1546 1953
1899 2272
2272 2208
1953 2208
1757 2268
2270 676
2271 2270
2268 2270
1248 1110
822 1780
1110 1920
1780 1920
2266 2091
2044 2269
2269 2266
915 1024
610 1272
1272 915
2265 915
973 2263
1396 2261
954 1998
954 1847
2263 954
2261 954
1157 1962
1010 1157
958 2222
2089 2260
2257 1367
2222 2257
2260 2257
2256 1738
2247 1323
1716 2256
1323 2256
1905 692
2199 574
692 2199
2005 1028
1299 2253
1035 1827
1028 1035
2253 1035
2251 1868
2251 1005
2252 2251
1430 804
722 2249
1061 2247
2249 2247
804 2247
2026 2144
2244 1438
2144 1438
2046 605
1503 1332
1332 2243
605 2243
1865 816
883 1482
1482 2241
816 2241
1805 993
1896 2239
756 1805
2240 1805
2239 1805
2045 2237
2236 948
2237 2236
2235 549
549 1315
1998 1315
2250 2203
749 2232
1034 966
2232 1034
2233 1034
2203 1034
766 1007
1617 974
956 808
1037 2231
974 1410
1007 1410
2231 1410
808 1410
2164 2229
1652 2230
2230 2227
2229 2227
1546 2213
1546 1743
2023 947
947 1546
2225 1540
2225 1835
2225 897
1265 810
810 2225
2220 1338
1384 2220
2216 945
2218 2216
1132 2216
1484 2215
2212 1878
2215 2212
2213 2212
817 1924
2248 741
2207 1325
2126 2205
2205 2207
2209 2207
1924 2207
741 2207
2204 1017
1378 1598
1598 2204
2195 1553
2200 1553
2198 1553
1117 2193
2193 2192
743 1672
1073 1995
1672 2188
1995 2188
1113 1784
715 1036
1784 715
2187 715
781 2185
837 1507
1507 2182
2185 2182
1123 2180
1959 2180
2178 1778
2179 2178
848 2177
1434 2149
2149 1199
1770 1199
2030 794
2030 1124
1608 2030
1038 2176
1549 1116
2176 1116
1314 609
806 834
1837 2111
834 1314
2111 1314
2035 1181
1370 702
1700 1707
937 1700
1181 1700
702 1700
2171 1452
2174 2171
1518 2171
1435 1461
1334 859
859 1435
1684 2136
1471 1684
2169 1684
623 1014
2238 623
2167 623
1936 1729
2165 1936
1291 1936
2056 1936
1055 1425
1425 2164
755 2161
1206 2163
2163 2160
2161 2160
1999 1006
1006 2159
627 2159
887 1174
2158 1274
1174 2158
845 1087
1726 991
1087 1726
742 2157
1055 2156
2152 1050
2156 2152
1758 2152
2157 2152
1398 1683
1398 946
2234 1965
1965 1398
632 1693
1943 2148
2211 1063
2148 2211
1693 2211
2150 2211
2078 1718
2078 1195
1206 2143
2143 2078
1039 2078
1653 596
2062 2139
2139 1653
2138 2140
1633 2140
1368 1668
2136 1368
1883 1368
2121 1660
1512 2135
2046 1798
985 1458
2133 2121
2135 2121
1798 2121
1458 2121
2127 1532
1055 2128
2255 2131
2131 2127
2128 2127
1386 2125
2125 795
2124 2142
691 2142
1175 1044
2122 1698
1044 1698
903 1698
1572 2098
1572 2155
1572 1178
1661 1572
2046 1231
2120 2119
1231 2119
2210 652
2118 1107
652 2118
508 2118
2228 2058
1418 2228
742 2116
2115 1735
2115 1126
2116 2115
2001 519
1735 2001
2235 2112
2109 552
2112 552
583 552
1318 1760
1318 1499
2107 1318
1837 2095
666 1392
1392 1837
2106 1603
1191 2106
1060 2106
699 2104
1364 1638
2103 2061
1638 2103
2104 2103
1650 565
1650 688
521 1930
1930 1650
1616 1796
1616 975
1616 544
2102 1616
2100 1616
2098 2092
2095 2092
2086 1483
2090 2086
2088 2086
1786 2083
1864 1600
2084 1864
2083 1864
1917 1417
1417 2079
2080 2079
1055 2074
1479 516
2076 1479
2074 1479
1771 2073
976 703
1983 631
1290 2072
953 1992
1992 1983
2072 1983
703 1983
2073 1983
800 1343
800 1921
800 1605
800 807
800 1787
1396 2071
2071 800
2067 1685
1872 2067
1680 2067
907 1351
1184 2065
2065 2210
1351 2210
2217 2063
2058 2057
2226 2053
1205 1810
1810 1183
2054 1183
2053 1183
1290 725
1118 2052
944 649
2052 944
725 944
598 2093
1795 598
2050 598
1775 2048
2048 933
1210 933
2046 1636
2046 1642
2046 967
2046 814
2046 551
1234 2046
2045 1862
2045 1446
2045 1849
2045 935
1206 1262
1262 2045
1474 949
521 1730
1807 2016
2016 521
1496 2043
1413 690
2155 1413
2043 1413
1695 1180
1947 1982
2041 961
1982 2041
2042 2041
1180 2041
2035 2027
2035 1677
2170 2037
2037 2035
2031 2029
2114 2029
1729 2029
633 1589
1589 2026
2027 2026
1807 2024
2021 1147
2025 2021
2024 2021
2017 1312
2019 2017
1968 2015
1668 958
2015 958
1691 716
1942 1797
2012 1691
1754 1691
1797 1691
1879 1691
1277 1834
1834 2011
2010 2009
2151 2006
1365 1145
2008 1365
2006 1365
2005 588
885 1579
1579 2005
1058 2003
2003 1999
2002 1999
1876 965
1002 1876
833 1876
1431 1762
2170 664
1762 1996
664 1996
1993 696
1994 1993
1914 1552
1146 1991
1734 1235
1991 1734
1552 1734
2246 511
1989 753
612 1989
511 1989
924 1987
760 1602
1985 1403
1602 1985
1987 1985
1320 1980
1979 1207
1403 1207
1980 1207
1978 678
1343 1978
1043 849
849 1705
1977 1705
891 1887
1001 838
1671 1001
1887 1001
863 1976
1975 582
1976 1975
1493 1129
1493 1753
1493 727
1493 1194
887 1970
1970 1493
1046 1973
1972 1719
2191 695
695 1972
1974 1972
1973 1972
526 1968
1971 1968
1963 1768
1964 1963
1962 1961
1945 1956
1444 1958
1954 1960
1958 1954
1956 1954
642 1951
1297 1950
575 1450
1951 575
1950 575
1090 1260
1861 1596
1596 1947
1260 1947
976 668
976 1838
1009 1031
1946 976
1031 976
1942 572
1055 1115
2186 1942
1115 1942
522 1940
1940 1266
1938 1266
1217 1937
1937 767
1935 1934
701 1934
1914 1478
1399 2278
2278 1914
823 1713
563 1713
1822 732
732 1933
1738 1933
2044 2130
1686 1931
1931 2044
826 1485
1808 826
1929 826
1928 1624
587 1928
543 1131
1461 1775
1131 1775
1396 1414
1652 1925
1925 1396
1875 798
1333 1923
1922 1167
1632 1922
1923 1922
798 1922
698 811
698 1475
1921 698
1919 1917
1918 1917
845 663
663 822
1913 1221
1927 1915
1915 1913
1912 891
1907 1324
1386 1909
1909 1907
1906 1905
1141 1902
1538 1900
1902 1899
1900 1899
1447 1898
1090 1897
1898 1896
1897 1896
1645 1895
1049 781
1895 781
1113 1892
1893 682
1892 682
1889 1495
1891 1889
685 1889
1885 1370
1881 1370
768 1877
1878 1875
1877 1875
754 2259
1873 1803
632 1244
2259 1873
1244 1873
1874 1873
2126 718
1496 1871
1869 658
1871 1869
718 1869
1865 1442
1865 1704
1865 1629
1865 1620
1865 738
1865 1059
1865 1573
1865 964
1865 1529
1865 1372
1865 1309
1865 1228
1868 1865
1081 2275
2101 1081
1867 1081
1863 979
1866 1863
936 1548
936 1809
1862 936
1858 878
1189 1858
1860 1858
668 1858
2235 1886
2235 839
2235 797
1100 1187
1187 2235
1851 1981
1794 1853
1855 1851
1853 1851
1656 2262
639 2137
1190 1583
2262 1583
1847 1583
2137 1583
1217 1846
873 1541
873 560
1317 873
1846 873
1649 1098
2061 1649
678 1649
1757 746
1206 1844
1844 1757
1842 1926
1338 1842
956 1264
1782 956
1055 1841
1882 1840
1841 1840
1302 1840
1214 655
1750 1214
983 1214
1838 1214
877 1756
2087 1687
1687 877
712 877
1679 1949
2170 1832
1949 1831
1832 1831
2062 650
957 1830
1830 2062
568 832
1827 568
1826 568
1817 562
1817 1445
1258 1824
1824 1817
1543 1773
666 1019
666 1030
1442 666
1773 666
1290 604
1820 1290
1818 1285
1238 1056
1056 1818
1816 1512
1470 817
1886 766
1240 1091
1814 1240
839 1240
604 1240
1812 1340
1870 1812
846 1812
1225 1486
1486 1807
1058 1802
1792 1774
1802 1792
1624 1792
1806 1792
907 1748
1709 1360
1748 1360
1334 1800
1800 854
2110 854
2248 1033
1441 525
1033 2221
1426 2221
525 2221
1796 1793
1019 1793
805 642
1788 642
636 1136
1457 1656
1136 1656
1469 1786
785 1786
973 1904
1783 1320
1904 1320
1779 1500
1778 1776
2224 1171
1774 754
1171 754
1771 1185
1772 1771
1768 1767
1511 1767
1764 1292
1246 1741
1741 1764
1129 1764
1043 1054
1722 1043
1563 1043
569 1763
1763 1431
1760 1431
1385 736
736 1373
1759 1373
1756 1752
1753 1752
1884 1148
1751 2206
1148 1751
2117 1751
1055 1749
1749 1927
2034 1927
2191 934
1520 1366
1366 2191
1742 861
1745 1742
1743 1742
1740 1736
1737 1736
1408 1731
2099 1727
1731 1727
1058 1723
537 1405
1723 1405
1717 1839
1719 1717
727 1717
806 1712
1712 819
1711 819
1710 1859
2173 1859
1706 1092
1017 1092
657 908
1704 2105
908 2105
626 1336
1528 1696
655 1695
1696 1695
1336 1695
2097 1694
2082 2246
1694 2246
1854 905
1733 1854
1692 1854
1254 684
1078 1689
684 1688
1690 1688
1689 1688
1685 1679
1683 1679
1677 1073
723 1473
1238 1676
1676 723
2075 1241
1055 1674
786 1673
1674 2075
1673 2075
1437 1747
1521 977
977 518
790 518
1747 518
1667 1580
1666 1667
1629 1667
1670 1667
828 1667
1533 1562
1562 1664
2206 1664
1058 1663
1663 2184
1053 2184
2097 625
2097 820
1755 2097
1636 651
1657 577
1660 1657
1658 1657
672 1655
2023 1651
919 920
1655 919
1651 919
1269 1645
1647 1645
1026 1644
1644 749
1642 749
852 533
797 1641
533 1641
1517 1432
1279 1517
1635 735
1635 584
857 1637
1637 1635
722 1226
894 722
1630 722
564 1146
1640 825
1640 1306
1626 1640
1718 1640
1040 1625
1652 2202
1622 1613
1625 1622
2202 1622
2290 1072
764 2290
1617 1465
1620 1617
2147 1617
871 726
871 981
1499 871
1288 1845
711 1615
1610 1288
1615 1288
1613 1288
1607 1381
1609 1607
1342 1041
1605 1342
1250 1376
1489 869
1489 1196
1489 1508
1376 1489
650 1489
1884 1682
1080 1248
1682 1248
1603 1248
1297 1594
1600 1143
1594 1143
924 1592
1592 1590
1591 1590
784 1538
1981 1587
531 601
1584 531
1541 531
902 662
1580 1804
1582 1804
662 1804
912 1577
1577 1761
1574 1761
1276 787
1245 1093
607 1424
787 1245
1229 1245
1424 1245
1565 1042
1565 576
1565 1628
1565 1088
1568 1565
2288 1565
1285 1564
1926 1330
1520 1294
516 1520
1217 1070
1561 1559
1070 1559
896 1557
734 581
581 1556
1557 1556
1090 1551
1354 1554
1550 1823
1554 1550
1551 1550
1548 2023
759 710
566 580
710 1333
580 1333
883 505
505 509
1721 1957
1721 1071
2151 1799
1799 1721
1686 1514
596 1686
1220 1117
731 1237
1042 731
1142 731
1433 721
632 1259
967 632
742 1144
742 773
742 997
1213 742
1681 1391
2151 802
802 1681
890 2087
532 988
988 1062
510 1062
660 615
512 660
1839 1026
838 1026
683 1026
514 1026
517 586
1045 517
515 517
1287 2254
1385 1400
1300 925
1400 1300
2254 1300
1414 912
738 912
588 1884
2248 1412
519 2248
1072 522
523 616
1545 616
1160 616
1444 706
706 1794
586 1794
872 528
1941 620
528 1941
1029 1941
532 567
1428 532
535 910
534 535
961 535
1540 536
1446 536
2040 540
992 545
1202 1409
540 1202
545 1202
1284 809
809 847
1267 847
610 548
554 969
548 969
550 969
757 1364
559 1364
562 1364
1652 677
1652 1103
1652 1283
1652 792
1652 1079
696 1652
996 566
565 566
1206 2264
806 1104
567 806
2264 806
1334 1456
1456 1536
761 1843
1843 556
861 1121
1707 1121
829 1222
1316 1697
1169 1316
1222 1316
614 573
869 768
1473 768
573 768
758 674
576 2040
674 2040
841 856
907 647
647 841
578 1334
582 1334
1238 2094
1848 1263
2094 1263
1449 626
716 626
592 1085
794 1085
1058 1296
1492 872
1296 872
989 599
599 555
946 555
1662 1419
1185 1419
2049 1362
621 1362
775 600
600 1046
625 1046
2007 1215
1235 2007
1888 2007
606 614
609 614
708 1004
1030 708
1089 708
618 1528
1835 1528
617 1528
1144 1528
1337 1322
620 1337
2219 1337
634 998
630 634
1126 634
900 1015
1015 636
1149 1114
975 1149
811 639
2168 639
1064 1355
699 641
641 1064
1058 978
978 1270
1619 1270
1815 1880
2255 940
940 1078
2183 1078
1215 1811
643 1811
645 1943
648 837
631 837
574 1675
755 1106
644 755
1381 755
1250 1593
1114 607
1593 607
1321 1463
1708 1000
1463 1708
1278 1708
771 1155
1059 771
807 771
778 771
887 656
1047 1404
656 1404
1787 657
893 622
622 942
658 942
654 1720
661 1319
1720 1319
1014 1319
1744 2108
665 2108
2234 1380
1055 669
1206 1295
1295 2234
669 2234
1628 672
670 672
1109 881
931 1109
675 1109
1491 1109
680 1094
1173 679
1000 680
881 680
679 680
1739 724
827 760
724 760
1466 681
1287 1188
681 1257
1188 1257
1310 980
980 1567
1324 1348
686 687
1196 687
688 1441
1515 1588
1588 699
693 699
1069 791
1069 1379
2077 1069
1055 707
707 709
1703 709
840 1173
814 1173
1510 711
1107 1164
572 1164
603 875
1159 875
1217 1477
1477 2170
1303 1163
1452 1303
720 1303
1468 1303
726 1238
1217 728
1606 1354
728 1354
1422 901
1055 729
677 1422
729 1422
863 1765
1765 1515
1096 734
735 1634
740 775
1911 775
955 1027
934 955
746 955
922 1016
1088 922
748 922
751 1571
551 751
1086 1255
2081 1822
1255 1822
653 1822
1103 758
1261 850
850 761
1099 1522
765 896
1522 896
1082 1038
887 1256
1287 769
769 887
773 1037
776 992
1283 992
786 1612
973 783
779 786
783 786
791 1399
792 1399
796 1243
1055 793
1573 796
793 796
803 1527
799 803
801 803
1432 1434
998 1434
1308 1791
1791 1533
948 1533
863 1423
863 1208
863 1421
1411 863
1177 893
542 893
1250 1048
2226 906
1048 2226
2130 2226
2255 813
813 1254
1960 1254
1151 635
659 1118
635 1118
1849 569
820 569
1206 705
705 1097
1294 1097
1527 759
1407 759
774 1058
821 2089
825 2089
560 829
610 862
610 1523
597 610
831 836
1612 836
2258 1227
1227 743
2274 743
1246 520
520 843
991 843
844 852
856 2126
1560 1501
1420 1501
1277 1216
862 1277
579 1543
1836 1699
676 1293
1535 1293
1225 1012
1530 1225
964 1225
1075 1385
1529 2255
904 860
543 1389
1389 1310
860 1310
920 939
1451 939
1524 939
1828 939
1012 902
1203 902
1380 902
882 1209
1462 1209
543 930
930 1151
1217 1519
1344 1459
1519 1459
1345 1184
1514 1184
1217 1497
1074 952
1508 1074
1497 1074
1495 1090
1195 1496
690 1437
1532 1437
1485 1484
945 1484
1478 990
1147 990
1483 1861
1016 1861
997 1466
615 1466
878 1369
1325 1369
1119 1086
1162 1086
590 1113
1429 880
1697 1429
1237 1429
1465 1166
1100 1453
1453 883
1445 883
1040 1932
1067 1444
1932 1444
1377 1444
1091 1430
649 1430
1439 1430
1487 1021
1021 1261
1233 1521
1988 1521
753 1521
2285 1739
1423 1739
1216 2224
1412 2224
1957 1375
1409 1375
1243 953
1004 953
900 1401
1857 1390
1401 1390
1393 654
1397 654
1041 654
1379 1386
1372 1386
1340 1378
889 1378
2093 1378
1280 1140
1024 1140
1374 1052
1145 1374
1206 595
1206 886
1040 2175
2175 1206
2055 941
941 815
601 815
1367 815
1055 1281
1212 885
1281 885
1358 1287
1850 1051
1106 1850
1313 1639
1639 818
1306 818
1408 1346
1346 1335
1845 1328
1322 1503
960 1503
2069 1313
1809 1313
1312 888
979 1217
1175 1359
1309 1175
1305 1299
1178 1252
1289 2181
1292 2181
906 2181
1003 2181
1903 1852
1852 1408
1051 1141
1274 1141
855 1265
1264 857
900 1531
1531 1018
1135 1018
1200 985
1247 1076
1076 1276
879 1276
1239 1297
880 2250
1259 2250
595 1246
1241 1246
1801 892
1571 892
897 907
925 1725
1124 1725
901 904
994 898
1192 898
1055 926
1383 910
1383 916
1383 1055
886 1009
1079 924
928 924
1903 1537
1537 1099
926 1099
1359 845
963 1040
1054 1023
913 1023
1005 543
1251 543
1730 989
935 989
524 1308
1475 1308
1221 1308
1137 1321
1823 1321
1052 1945
1226 1945
952 1013
981 1013
1158 1488
1027 1488
1098 1488
1036 1488
1168 1447
1669 1447
633 1111
1139 633
1066 2258
972 2258
547 714
832 1284
984 1284
1555 1101
1228 1101
1172 1614
1997 1614
2091 1614
1194 1614
1050 1833
1256 1833
1223 1247
717 1247
1155 1057
1523 2132
584 2132
1211 2132
1355 1460
905 1460
1130 1232
1104 1130
700 1130
1494 1205
1232 1205
1208 1467
1391 1193
1197 1193
1621 1161
864 1621
544 1621
1176 2055
1163 2055
1421 973
589 506
1125 589
1450 589
1111 1153
1071 900
