81 87
0 8 4
1 512 2048
2 16 16
3 64 128
4 32 32
5 32 32
6 4 64
7 16 32
8 128 32
9 1024 256
10 512 1024
11 32 8
12 4 4
13 1024 1024
14 8 8
15 64 16
16 4 128
17 32 32
18 32 32
19 2048 1024
20 16 16
21 8 4
22 16 8
23 16 64
24 128 8
25 64 8
26 128 64
27 128 4
28 2048 256
29 32 8
30 4 16
31 128 32
32 1024 2048
33 64 64
34 512 2048
35 128 16
36 8 16
37 64 64
38 1024 2048
39 4 32
40 4 64
41 16 8
42 4 8
43 4 4
44 512 512
45 16 16
46 16 16
47 256 512
48 64 64
49 4 8
50 2048 512
51 4 8
52 4 128
53 256 512
54 2048 2048
55 8 128
56 8 4
57 64 16
58 2048 1024
59 16 128
60 512 512
61 256 1024
62 16 128
63 128 4
64 256 256
65 512 1024
66 2048 1024
67 2048 2048
68 16 32
69 4 4
70 2048 512
71 128 16
72 256 256
73 4 64
74 1024 2048
75 16 4
76 512 512
77 64 8
78 512 1024
79 16 8
80 8 16
29 0
1 80
0 1
3 2
77 33
2 77
13 72
23 18
18 13
79 31
80 79
58 66
23 67
78 15
67 78
66 78
42 49
17 76
76 42
25 62
32 73
71 43
62 71
73 71
25 16
7 69
69 25
20 48
39 68
72 39
48 39
58 70
23 64
6 30
64 6
70 6
75 9
31 75
8 40
65 44
12 54
54 68
54 57
54 65
8 63
20 52
5 56
56 52
56 61
56 58
37 41
36 53
36 4
41 36
19 11
22 46
20 50
14 55
55 20
46 20
11 20
51 60
53 51
60 3
8 34
28 26
26 8
59 21
5 38
21 5
74 10
10 7
49 7
9 12
38 29
27 24
24 14
30 14
16 19
15 19
44 22
45 35
50 45
33 43
33 47
33 74
4 59
