81 87
0 2048 2048
1 4 128
2 1024 256
3 128 8
4 64 128
5 256 512
6 64 16
7 8 64
8 512 1024
9 64 16
10 2048 512
11 128 8
12 32 8
13 64 16
14 128 32
15 32 64
16 32 64
17 32 64
18 128 64
19 512 1024
20 256 1024
21 32 32
22 16 128
23 8 128
24 512 512
25 512 2048
26 16 16
27 512 2048
28 4 8
29 8 16
30 1024 512
31 256 256
32 16 32
33 512 512
34 128 64
35 512 256
36 1024 256
37 64 4
38 1024 2048
39 32 32
40 8 64
41 8 16
42 8 32
43 16 4
44 64 8
45 16 128
46 64 4
47 256 256
48 8 128
49 128 128
50 16 64
51 2048 512
52 1024 256
53 128 4
54 32 128
55 512 1024
56 32 32
57 4 64
58 8 8
59 64 4
60 64 32
61 8 16
62 16 64
63 32 8
64 128 32
65 128 64
66 2048 512
67 256 2048
68 64 16
69 16 4
70 16 64
71 8 64
72 32 128
73 4 32
74 64 64
75 16 16
76 4 128
77 32 16
78 4 32
79 4 4
80 128 64
29 0
1 80
0 1
3 2
77 33
2 77
13 72
23 18
18 13
79 31
80 79
58 66
23 67
78 15
67 78
66 78
42 49
17 76
76 42
25 62
32 73
71 43
62 71
73 71
25 16
7 69
69 25
20 48
39 68
72 39
48 39
58 70
23 64
6 30
64 6
70 6
75 9
31 75
8 40
65 44
12 54
54 68
54 57
54 65
8 63
20 52
5 56
56 52
56 61
56 58
37 41
36 53
36 4
41 36
19 11
22 46
20 50
14 55
55 20
46 20
11 20
51 60
53 51
60 3
8 34
28 26
26 8
59 21
5 38
21 5
74 10
10 7
49 7
9 12
38 29
27 24
24 14
30 14
16 19
15 19
44 22
45 35
50 45
33 43
33 47
33 74
4 59
