81 87
0 10 10
1 9 6
2 9 10
3 50 50
4 10 5
5 10 10
6 8 7
7 50 20
8 8 5
9 5 10
10 50 30
11 40 50
12 30 50
13 8 10
14 7 6
15 9 8
16 50 50
17 8 5
18 10 10
19 8 5
20 40 40
21 20 40
22 10 9
23 40 30
24 10 9
25 7 6
26 9 7
27 20 40
28 20 40
29 20 40
30 50 40
31 6 9
32 20 40
33 8 7
34 50 20
35 6 5
36 5 7
37 40 40
38 20 30
39 50 30
40 20 30
41 5 8
42 30 40
43 6 6
44 5 8
45 9 9
46 5 6
47 9 10
48 6 10
49 8 10
50 30 20
51 5 10
52 20 40
53 9 7
54 5 10
55 30 20
56 5 9
57 9 8
58 5 9
59 8 8
60 20 20
61 7 7
62 40 50
63 5 10
64 5 9
65 8 6
66 7 7
67 5 10
68 9 9
69 20 50
70 9 10
71 5 6
72 9 7
73 9 6
74 7 8
75 8 6
76 10 9
77 10 5
78 30 30
79 7 7
80 7 9
29 0
1 80
0 1
3 2
77 33
2 77
13 72
23 18
18 13
79 31
80 79
58 66
23 67
78 15
67 78
66 78
42 49
17 76
76 42
25 62
32 73
71 43
62 71
73 71
25 16
7 69
69 25
20 48
39 68
72 39
48 39
58 70
23 64
6 30
64 6
70 6
75 9
31 75
8 40
65 44
12 54
54 68
54 57
54 65
8 63
20 52
5 56
56 52
56 61
56 58
37 41
36 53
36 4
41 36
19 11
22 46
20 50
14 55
55 20
46 20
11 20
51 60
53 51
60 3
8 34
28 26
26 8
59 21
5 38
21 5
74 10
10 7
49 7
9 12
38 29
27 24
24 14
30 14
16 19
15 19
44 22
45 35
50 45
33 43
33 47
33 74
4 59
