81 87
0 512 256
1 2048 1024
2 64 4
3 8 32
4 64 4
5 256 2048
6 64 64
7 512 256
8 64 8
9 2048 512
10 16 128
11 128 8
12 32 16
13 32 32
14 4 32
15 4 16
16 2048 2048
17 32 64
18 16 8
19 16 64
20 8 8
21 256 2048
22 128 4
23 2048 512
24 16 8
25 256 512
26 64 64
27 128 16
28 16 128
29 8 64
30 64 16
31 2048 2048
32 4 8
33 64 8
34 512 2048
35 8 128
36 32 8
37 2048 2048
38 64 8
39 512 512
40 2048 256
41 64 128
42 128 128
43 2048 2048
44 512 1024
45 1024 512
46 4 64
47 128 4
48 128 128
49 16 32
50 2048 256
51 64 16
52 2048 2048
53 2048 512
54 16 128
55 2048 512
56 4 64
57 512 1024
58 64 8
59 128 32
60 32 128
61 8 32
62 4 16
63 8 8
64 64 128
65 128 8
66 2048 256
67 512 1024
68 8 128
69 16 32
70 64 32
71 8 8
72 1024 256
73 128 128
74 2048 512
75 8 32
76 16 16
77 64 8
78 4 64
79 512 2048
80 8 4
29 0
1 80
0 1
3 2
77 33
2 77
13 72
23 18
18 13
79 31
80 79
58 66
23 67
78 15
67 78
66 78
42 49
17 76
76 42
25 62
32 73
71 43
62 71
73 71
25 16
7 69
69 25
20 48
39 68
72 39
48 39
58 70
23 64
6 30
64 6
70 6
75 9
31 75
8 40
65 44
12 54
54 68
54 57
54 65
8 63
20 52
5 56
56 52
56 61
56 58
37 41
36 53
36 4
41 36
19 11
22 46
20 50
14 55
55 20
46 20
11 20
51 60
53 51
60 3
8 34
28 26
26 8
59 21
5 38
21 5
74 10
10 7
49 7
9 12
38 29
27 24
24 14
30 14
16 19
15 19
44 22
45 35
50 45
33 43
33 47
33 74
4 59
