81 87
0 40 20
1 7 5
2 10 5
3 10 9
4 40 30
5 9 7
6 30 30
7 20 50
8 8 8
9 30 30
10 8 5
11 8 8
12 10 6
13 5 9
14 5 7
15 9 10
16 8 10
17 7 6
18 50 20
19 40 30
20 6 10
21 10 7
22 6 8
23 9 9
24 7 9
25 9 10
26 8 6
27 50 20
28 10 10
29 7 8
30 6 7
31 30 50
32 10 10
33 5 7
34 8 6
35 6 6
36 30 30
37 8 6
38 40 40
39 10 10
40 5 7
41 10 5
42 5 6
43 7 5
44 20 30
45 10 6
46 20 50
47 7 7
48 7 8
49 20 50
50 5 8
51 6 9
52 7 5
53 20 50
54 5 7
55 30 40
56 20 30
57 50 50
58 30 30
59 40 20
60 10 9
61 6 5
62 10 5
63 6 6
64 40 40
65 50 20
66 9 9
67 9 6
68 7 6
69 5 9
70 10 9
71 50 40
72 30 40
73 6 9
74 20 20
75 6 8
76 9 9
77 20 50
78 7 6
79 50 20
80 9 5
29 0
1 80
0 1
3 2
77 33
2 77
13 72
23 18
18 13
79 31
80 79
58 66
23 67
78 15
67 78
66 78
42 49
17 76
76 42
25 62
32 73
71 43
62 71
73 71
25 16
7 69
69 25
20 48
39 68
72 39
48 39
58 70
23 64
6 30
64 6
70 6
75 9
31 75
8 40
65 44
12 54
54 68
54 57
54 65
8 63
20 52
5 56
56 52
56 61
56 58
37 41
36 53
36 4
41 36
19 11
22 46
20 50
14 55
55 20
46 20
11 20
51 60
53 51
60 3
8 34
28 26
26 8
59 21
5 38
21 5
74 10
10 7
49 7
9 12
38 29
27 24
24 14
30 14
16 19
15 19
44 22
45 35
50 45
33 43
33 47
33 74
4 59
