81 87
0 30 50
1 7 5
2 10 7
3 5 9
4 30 30
5 40 40
6 8 8
7 20 20
8 50 50
9 20 30
10 5 10
11 6 10
12 9 6
13 30 50
14 30 50
15 5 6
16 30 50
17 30 20
18 7 10
19 30 20
20 10 7
21 20 50
22 10 9
23 9 5
24 10 10
25 5 9
26 30 30
27 30 20
28 5 8
29 5 10
30 8 9
31 6 10
32 20 50
33 30 20
34 7 5
35 9 9
36 9 10
37 7 8
38 7 9
39 10 9
40 6 9
41 50 50
42 20 30
43 9 9
44 10 5
45 6 5
46 30 40
47 8 5
48 5 10
49 20 50
50 8 7
51 7 9
52 7 7
53 7 5
54 5 6
55 8 7
56 30 40
57 30 20
58 20 50
59 20 20
60 5 6
61 40 20
62 6 10
63 9 10
64 30 30
65 40 20
66 6 5
67 6 6
68 7 6
69 8 10
70 7 6
71 8 7
72 50 30
73 7 8
74 50 50
75 5 8
76 7 6
77 50 20
78 9 8
79 9 9
80 20 50
29 0
1 80
0 1
3 2
77 33
2 77
13 72
23 18
18 13
79 31
80 79
58 66
23 67
78 15
67 78
66 78
42 49
17 76
76 42
25 62
32 73
71 43
62 71
73 71
25 16
7 69
69 25
20 48
39 68
72 39
48 39
58 70
23 64
6 30
64 6
70 6
75 9
31 75
8 40
65 44
12 54
54 68
54 57
54 65
8 63
20 52
5 56
56 52
56 61
56 58
37 41
36 53
36 4
41 36
19 11
22 46
20 50
14 55
55 20
46 20
11 20
51 60
53 51
60 3
8 34
28 26
26 8
59 21
5 38
21 5
74 10
10 7
49 7
9 12
38 29
27 24
24 14
30 14
16 19
15 19
44 22
45 35
50 45
33 43
33 47
33 74
4 59
