526 625
0 7 10
1 20 50
2 20 50
3 20 40
4 40 50
5 50 30
6 10 9
7 8 10
8 6 8
9 6 7
10 8 6
11 9 5
12 8 7
13 8 8
14 20 20
15 7 6
16 6 8
17 20 50
18 50 50
19 8 7
20 40 40
21 50 50
22 30 20
23 9 7
24 8 10
25 6 5
26 30 50
27 20 20
28 6 10
29 10 5
30 50 40
31 40 50
32 5 8
33 30 40
34 40 20
35 50 20
36 7 10
37 7 9
38 20 20
39 7 9
40 20 30
41 5 5
42 40 30
43 9 5
44 40 50
45 10 5
46 30 50
47 9 8
48 9 9
49 10 10
50 7 5
51 9 9
52 7 5
53 6 10
54 9 9
55 30 20
56 20 40
57 5 8
58 30 40
59 20 40
60 5 9
61 50 40
62 9 9
63 30 50
64 5 9
65 8 6
66 20 40
67 5 7
68 5 5
69 5 10
70 50 30
71 6 8
72 5 8
73 10 7
74 20 40
75 40 50
76 30 40
77 50 30
78 7 5
79 6 10
80 20 40
81 20 20
82 8 7
83 6 8
84 7 9
85 7 10
86 5 9
87 10 8
88 9 7
89 6 8
90 9 6
91 30 40
92 30 40
93 30 50
94 10 6
95 40 40
96 10 5
97 7 7
98 30 40
99 20 20
100 8 10
101 6 10
102 6 10
103 50 20
104 30 30
105 5 10
106 40 50
107 7 6
108 30 30
109 6 6
110 50 30
111 20 20
112 30 50
113 20 50
114 30 50
115 9 5
116 7 7
117 5 10
118 8 10
119 6 10
120 10 6
121 7 6
122 10 10
123 6 6
124 10 8
125 5 6
126 10 7
127 10 7
128 10 8
129 5 6
130 6 9
131 6 8
132 6 10
133 5 7
134 40 40
135 30 50
136 5 8
137 7 7
138 7 6
139 8 10
140 8 7
141 8 5
142 50 40
143 5 7
144 7 5
145 7 9
146 20 20
147 9 6
148 20 50
149 8 7
150 10 6
151 50 30
152 10 8
153 10 10
154 50 50
155 50 30
156 40 20
157 5 6
158 10 9
159 40 50
160 10 8
161 50 40
162 8 5
163 50 20
164 20 40
165 9 8
166 50 40
167 6 6
168 10 7
169 30 50
170 20 20
171 7 10
172 20 30
173 40 30
174 30 50
175 30 30
176 9 10
177 6 9
178 30 20
179 9 10
180 30 40
181 8 7
182 6 5
183 40 30
184 7 5
185 7 10
186 30 20
187 10 6
188 5 6
189 9 8
190 40 40
191 6 9
192 8 7
193 20 50
194 9 6
195 6 6
196 8 5
197 7 9
198 10 5
199 9 7
200 7 10
201 8 5
202 6 8
203 50 20
204 9 10
205 9 10
206 50 30
207 40 40
208 6 6
209 10 10
210 9 10
211 30 50
212 5 9
213 8 10
214 8 6
215 9 7
216 10 10
217 6 6
218 30 20
219 7 5
220 9 5
221 40 20
222 5 6
223 40 30
224 6 5
225 6 10
226 8 10
227 10 9
228 5 10
229 50 20
230 6 6
231 8 9
232 7 8
233 40 40
234 7 8
235 9 6
236 30 40
237 50 50
238 9 9
239 8 5
240 8 9
241 6 6
242 5 5
243 8 5
244 5 8
245 20 40
246 50 40
247 50 30
248 40 50
249 6 9
250 40 20
251 40 20
252 5 6
253 5 7
254 5 9
255 5 5
256 7 5
257 7 9
258 5 7
259 6 8
260 30 30
261 50 40
262 9 5
263 50 30
264 20 30
265 7 7
266 30 40
267 5 6
268 10 8
269 7 7
270 7 10
271 10 5
272 9 7
273 20 50
274 5 9
275 7 9
276 50 30
277 10 7
278 5 10
279 7 10
280 10 7
281 9 6
282 10 6
283 50 30
284 50 30
285 50 20
286 9 9
287 50 50
288 50 20
289 7 9
290 6 10
291 40 40
292 10 8
293 30 40
294 20 30
295 7 6
296 9 5
297 8 7
298 20 20
299 7 6
300 6 5
301 30 20
302 10 7
303 9 8
304 40 30
305 30 30
306 8 5
307 40 40
308 8 10
309 5 6
310 50 30
311 8 6
312 9 8
313 6 6
314 10 7
315 10 8
316 50 50
317 50 30
318 5 6
319 7 10
320 7 7
321 40 30
322 5 5
323 6 8
324 50 50
325 10 9
326 5 7
327 6 8
328 7 6
329 9 9
330 10 6
331 5 10
332 5 6
333 6 9
334 50 20
335 10 8
336 30 20
337 5 7
338 50 40
339 30 30
340 40 30
341 7 5
342 8 9
343 6 8
344 40 20
345 30 40
346 5 10
347 20 50
348 20 20
349 10 5
350 6 7
351 5 10
352 6 6
353 8 6
354 5 5
355 5 6
356 7 9
357 9 8
358 9 5
359 10 5
360 30 30
361 9 6
362 10 9
363 30 40
364 8 9
365 5 9
366 30 40
367 30 20
368 6 7
369 8 9
370 7 5
371 20 40
372 30 50
373 9 9
374 50 40
375 10 9
376 9 10
377 7 7
378 30 50
379 9 6
380 10 6
381 8 10
382 50 30
383 30 20
384 50 30
385 20 50
386 8 7
387 7 9
388 6 7
389 6 9
390 9 7
391 30 50
392 5 8
393 7 7
394 40 30
395 8 7
396 40 30
397 7 9
398 5 10
399 6 7
400 6 6
401 5 6
402 7 7
403 6 7
404 9 5
405 20 40
406 8 10
407 5 8
408 10 6
409 9 5
410 6 6
411 10 5
412 7 10
413 6 5
414 5 6
415 50 50
416 10 10
417 5 10
418 40 20
419 50 40
420 7 8
421 8 6
422 7 5
423 8 10
424 8 8
425 40 30
426 8 9
427 10 5
428 30 40
429 50 40
430 10 8
431 10 9
432 10 6
433 7 7
434 30 20
435 10 7
436 10 9
437 40 50
438 40 50
439 50 50
440 6 7
441 5 8
442 9 10
443 8 9
444 8 8
445 30 40
446 20 30
447 20 30
448 30 50
449 9 5
450 10 5
451 30 20
452 10 8
453 8 6
454 5 10
455 6 10
456 20 40
457 9 7
458 6 7
459 6 5
460 40 50
461 10 8
462 5 8
463 40 20
464 40 40
465 9 7
466 10 6
467 7 5
468 5 10
469 40 40
470 10 10
471 6 10
472 6 10
473 5 10
474 30 30
475 9 7
476 30 40
477 8 7
478 40 50
479 6 10
480 30 50
481 5 10
482 30 50
483 10 7
484 5 6
485 8 5
486 30 50
487 30 30
488 40 40
489 8 5
490 50 30
491 10 6
492 6 9
493 30 20
494 20 20
495 10 8
496 8 6
497 30 30
498 30 30
499 6 10
500 5 6
501 8 9
502 6 9
503 9 6
504 10 6
505 5 5
506 9 10
507 40 50
508 7 10
509 7 7
510 6 6
511 40 30
512 8 8
513 9 5
514 50 30
515 9 5
516 10 6
517 9 7
518 5 6
519 6 5
520 6 5
521 6 10
522 50 30
523 9 9
524 9 9
525 10 9
273 36
273 484
469 449
449 273
0 495
0 257
0 165
470 179
179 0
84 1
2 310
1 2
153 517
15 234
520 3
149 278
3 149
234 149
517 149
37 9
37 128
501 4
4 37
6 432
15 492
510 5
5 6
492 6
8 285
356 7
44 431
431 8
7 8
50 313
204 10
9 50
10 50
364 351
295 279
295 248
351 295
77 11
123 287
11 123
13 18
13 22
13 28
13 110
13 40
13 86
13 103
13 457
13 425
13 263
13 365
13 207
13 221
13 315
13 246
265 12
12 13
14 329
14 192
14 448
301 456
456 14
244 429
317 308
429 520
308 520
15 156
15 148
15 172
254 342
342 15
267 16
59 366
16 59
39 17
152 305
305 17
305 135
305 469
509 324
19 120
324 19
20 93
20 163
41 498
498 20
444 21
24 377
27 245
245 21
245 23
245 24
94 343
35 25
26 155
26 49
26 439
26 461
26 238
367 47
47 26
343 26
25 26
316 416
416 27
30 360
30 381
30 280
30 258
30 408
30 333
127 220
291 171
171 220
171 29
171 30
368 32
395 31
176 514
31 176
32 176
44 453
187 97
223 251
453 223
97 223
34 96
452 33
294 420
33 34
420 34
335 186
329 335
353 349
35 92
35 521
35 262
161 338
338 349
338 362
338 35
380 38
155 39
36 39
38 39
122 402
402 432
402 140
402 41
43 455
298 42
42 43
313 43
181 522
44 52
44 79
44 400
44 373
44 174
44 378
44 227
522 44
303 336
45 414
336 45
51 85
168 46
269 48
49 51
46 51
48 51
256 252
53 488
52 53
252 53
56 54
254 55
160 426
54 160
55 160
499 422
344 506
506 56
422 56
480 57
58 314
57 58
296 60
61 200
60 61
242 63
117 62
64 320
62 64
63 64
131 107
150 144
65 196
107 65
144 65
344 124
66 199
124 66
418 67
68 175
67 68
139 69
70 497
360 70
69 70
391 463
77 71
138 409
71 138
463 138
421 72
73 203
72 73
401 74
75 88
74 75
321 102
347 241
102 347
217 442
195 412
442 195
77 229
311 76
76 77
417 78
433 370
433 201
78 433
80 490
79 80
192 80
417 81
435 467
435 184
81 435
326 260
119 281
82 491
281 82
260 82
113 83
83 84
87 322
88 85
88 369
88 87
242 339
117 89
150 434
89 150
339 150
137 90
91 376
90 91
94 197
499 142
92 499
197 499
94 407
93 94
98 100
451 478
206 95
96 98
478 98
95 98
276 502
170 99
100 276
156 276
99 276
512 101
105 500
398 136
136 101
136 104
136 105
159 180
106 411
180 106
190 108
109 350
108 109
247 111
112 205
111 112
205 113
189 114
481 115
114 127
115 127
185 116
116 317
334 525
451 332
196 153
332 153
525 153
524 292
451 427
523 164
487 300
427 524
164 524
300 524
298 264
212 374
264 523
374 523
344 475
181 166
181 169
163 181
475 181
521 181
191 519
348 462
519 334
462 334
516 355
516 222
241 516
405 515
477 513
513 512
148 512
515 512
496 382
274 436
472 253
436 496
253 496
235 511
511 509
472 508
508 131
507 289
262 507
504 331
403 385
452 505
385 504
505 504
130 503
503 398
242 486
242 134
242 323
500 242
497 212
495 212
286 167
451 419
190 493
419 286
493 286
491 286
490 487
488 487
283 225
486 283
236 346
381 236
484 236
451 483
296 482
483 481
482 481
480 309
480 275
480 146
480 129
204 304
304 480
452 178
494 358
178 494
451 193
348 479
479 477
193 477
354 476
474 250
476 474
375 485
224 194
485 224
473 141
473 230
280 473
386 518
258 501
518 501
472 460
472 209
409 472
331 472
470 443
250 502
250 471
250 470
298 393
345 468
393 294
309 294
468 294
467 418
288 446
254 118
446 353
118 353
117 465
134 191
465 191
460 191
125 459
452 394
459 452
455 452
451 445
451 228
244 202
202 451
217 330
330 417
445 444
448 444
514 444
441 413
443 441
408 441
147 440
440 122
437 145
386 157
255 438
439 437
157 437
438 437
434 274
428 450
306 430
209 428
430 428
367 447
414 426
414 211
414 367
282 423
423 421
139 415
298 390
415 298
413 298
267 352
267 214
412 267
401 410
410 303
244 307
307 405
323 405
198 404
404 401
190 397
400 395
397 395
391 183
391 361
259 392
392 391
139 464
231 182
340 162
461 231
464 231
162 231
337 389
388 266
389 388
341 243
387 154
243 387
325 454
454 386
291 379
379 321
293 133
244 218
218 293
275 293
377 190
376 375
271 371
373 368
371 368
366 235
175 364
168 240
333 117
240 117
327 143
120 182
120 151
120 327
154 198
311 396
259 249
249 403
396 403
345 121
146 125
121 125
277 126
130 219
126 130
244 177
424 384
384 189
177 189
277 132
132 137
216 284
215 319
284 215
141 356
510 272
272 288
289 288
322 168
143 139
345 399
128 345
219 247
411 152
296 158
174 119
158 119
354 226
352 354
346 311
244 173
173 170
257 170
406 233
165 406
237 383
166 510
383 510
238 244
169 244
268 210
297 466
172 268
466 268
133 268
203 316
185 188
185 270
183 185
318 359
194 167
194 299
194 318
337 232
142 337
199 337
399 206
129 206
390 206
239 357
357 292
357 208
357 301
319 210
319 328
319 204
213 363
450 297
228 297
363 297
285 424
251 424
359 296
355 341
320 348
382 348
226 282
370 159
302 290
290 147
447 344
201 291
489 372
378 326
372 326
310 145
310 312
310 325
394 306
229 306
361 306
161 458
458 302
214 277
358 213
188 213
287 213
279 161
184 216
248 278
248 261
248 259
407 237
222 239
