526 625
0 4 4
1 2048 2048
2 16 8
3 8 4
4 512 512
5 1024 512
6 8 32
7 16 32
8 128 4
9 128 4
10 128 128
11 32 8
12 256 2048
13 2048 512
14 32 128
15 4 32
16 2048 2048
17 1024 2048
18 256 256
19 4 16
20 4 8
21 8 4
22 512 512
23 2048 1024
24 32 4
25 16 64
26 256 2048
27 2048 256
28 8 4
29 512 1024
30 512 1024
31 2048 1024
32 32 32
33 32 128
34 32 128
35 256 1024
36 4 4
37 128 4
38 2048 512
39 32 8
40 32 4
41 16 16
42 4 8
43 1024 256
44 16 32
45 64 8
46 128 32
47 128 32
48 2048 256
49 512 512
50 128 32
51 64 16
52 128 64
53 16 64
54 64 32
55 128 8
56 128 16
57 8 8
58 8 64
59 128 32
60 32 32
61 128 16
62 32 8
63 16 64
64 64 8
65 1024 2048
66 1024 2048
67 1024 256
68 128 128
69 256 2048
70 4 64
71 16 16
72 1024 256
73 4 64
74 8 128
75 16 32
76 16 16
77 2048 256
78 8 8
79 4 4
80 8 128
81 256 256
82 16 32
83 32 8
84 64 128
85 2048 256
86 512 2048
87 8 64
88 256 256
89 1024 512
90 32 16
91 128 32
92 16 4
93 16 4
94 8 128
95 1024 256
96 64 16
97 16 64
98 32 8
99 8 8
100 512 512
101 32 64
102 64 32
103 8 16
104 16 16
105 4 16
106 64 64
107 1024 512
108 16 16
109 256 1024
110 16 64
111 2048 1024
112 1024 256
113 8 128
114 1024 2048
115 64 64
116 2048 512
117 4 8
118 64 16
119 512 256
120 1024 1024
121 128 8
122 64 64
123 32 64
124 256 256
125 2048 256
126 8 16
127 128 16
128 512 256
129 16 128
130 8 64
131 16 4
132 1024 2048
133 4 64
134 8 8
135 512 1024
136 8 16
137 8 32
138 128 64
139 2048 1024
140 4 4
141 8 8
142 32 128
143 64 32
144 256 256
145 32 32
146 16 8
147 128 8
148 256 512
149 64 32
150 512 256
151 8 4
152 1024 1024
153 128 32
154 1024 256
155 1024 2048
156 512 2048
157 16 8
158 1024 2048
159 64 64
160 8 8
161 512 1024
162 32 16
163 512 2048
164 128 16
165 16 8
166 16 64
167 1024 256
168 1024 256
169 16 4
170 16 8
171 16 8
172 4 4
173 16 4
174 128 128
175 4 16
176 16 4
177 1024 512
178 64 16
179 256 1024
180 128 32
181 4 128
182 32 128
183 128 64
184 4 32
185 4 32
186 512 1024
187 16 32
188 512 2048
189 512 1024
190 128 128
191 8 8
192 2048 256
193 4 4
194 32 128
195 512 1024
196 32 64
197 64 8
198 16 4
199 4 32
200 8 4
201 128 16
202 16 16
203 4 128
204 2048 512
205 16 4
206 4 8
207 32 128
208 64 32
209 4 128
210 512 2048
211 4 8
212 64 64
213 1024 256
214 1024 256
215 64 32
216 2048 1024
217 8 16
218 16 32
219 1024 512
220 128 16
221 2048 2048
222 8 8
223 256 2048
224 4 16
225 4 64
226 8 4
227 8 16
228 64 128
229 64 32
230 8 64
231 64 16
232 32 8
233 8 64
234 2048 2048
235 8 8
236 32 4
237 32 8
238 16 4
239 16 8
240 16 64
241 512 2048
242 4 128
243 1024 256
244 128 8
245 4 8
246 64 64
247 512 512
248 4 16
249 64 32
250 4 32
251 2048 1024
252 64 64
253 512 2048
254 32 32
255 32 64
256 32 4
257 32 4
258 32 32
259 64 32
260 2048 1024
261 64 32
262 1024 512
263 64 128
264 1024 2048
265 128 64
266 2048 512
267 8 128
268 128 4
269 16 128
270 2048 1024
271 128 128
272 4 64
273 64 64
274 8 8
275 32 4
276 4 128
277 16 32
278 4 64
279 64 64
280 16 8
281 64 16
282 8 16
283 16 64
284 512 512
285 4 64
286 16 16
287 2048 2048
288 512 512
289 1024 2048
290 8 4
291 8 32
292 32 16
293 128 16
294 256 1024
295 512 512
296 256 512
297 128 4
298 128 8
299 8 4
300 8 16
301 16 64
302 8 32
303 64 8
304 2048 512
305 512 2048
306 4 64
307 256 512
308 128 32
309 128 16
310 128 128
311 16 32
312 4 128
313 2048 256
314 2048 256
315 8 32
316 2048 512
317 64 16
318 2048 512
319 256 2048
320 64 8
321 32 64
322 256 1024
323 16 4
324 128 32
325 128 32
326 32 8
327 16 32
328 64 64
329 8 128
330 32 4
331 2048 512
332 512 512
333 64 64
334 128 16
335 32 4
336 1024 256
337 256 1024
338 1024 1024
339 32 8
340 16 128
341 2048 512
342 2048 2048
343 64 8
344 128 4
345 16 32
346 1024 256
347 1024 256
348 4 32
349 32 4
350 8 8
351 256 1024
352 32 32
353 256 512
354 128 64
355 32 64
356 32 32
357 64 8
358 8 4
359 64 64
360 1024 2048
361 128 4
362 256 256
363 1024 2048
364 1024 512
365 128 16
366 1024 2048
367 128 64
368 32 8
369 512 256
370 16 64
371 1024 256
372 8 64
373 1024 1024
374 256 256
375 64 16
376 128 64
377 8 32
378 4 128
379 1024 2048
380 512 2048
381 128 64
382 64 64
383 4 64
384 64 16
385 16 8
386 4 4
387 16 8
388 4 16
389 16 4
390 64 4
391 128 128
392 32 64
393 64 8
394 128 4
395 8 64
396 8 64
397 128 128
398 2048 2048
399 1024 256
400 8 128
401 128 128
402 2048 2048
403 4 32
404 8 128
405 4 4
406 2048 512
407 8 64
408 8 4
409 128 64
410 4 32
411 64 64
412 64 16
413 512 1024
414 2048 256
415 8 8
416 8 128
417 8 128
418 16 32
419 1024 256
420 32 64
421 16 32
422 64 64
423 32 128
424 128 128
425 512 512
426 64 32
427 1024 256
428 8 8
429 256 512
430 8 8
431 32 64
432 128 4
433 64 32
434 2048 256
435 1024 2048
436 1024 512
437 64 8
438 8 64
439 512 1024
440 8 8
441 2048 256
442 64 64
443 1024 512
444 32 16
445 64 8
446 2048 1024
447 64 4
448 4 8
449 2048 512
450 32 32
451 256 2048
452 512 512
453 16 8
454 8 64
455 16 4
456 32 16
457 4 16
458 128 128
459 4 16
460 64 64
461 8 32
462 64 32
463 16 32
464 512 2048
465 4 8
466 256 512
467 16 64
468 256 256
469 1024 1024
470 256 1024
471 32 128
472 16 4
473 256 512
474 128 8
475 1024 512
476 16 32
477 64 32
478 64 128
479 8 128
480 256 256
481 32 16
482 32 8
483 8 64
484 64 32
485 4 32
486 16 16
487 512 1024
488 32 64
489 32 128
490 2048 1024
491 128 32
492 16 32
493 64 4
494 32 128
495 32 32
496 1024 2048
497 8 4
498 32 8
499 2048 512
500 128 8
501 32 128
502 8 128
503 4 4
504 8 8
505 64 16
506 16 8
507 32 64
508 2048 2048
509 128 32
510 4 128
511 1024 2048
512 16 64
513 32 8
514 256 512
515 4 64
516 4 32
517 32 64
518 256 2048
519 128 4
520 2048 512
521 256 2048
522 64 32
523 256 1024
524 1024 2048
525 8 128
273 36
273 484
469 449
449 273
0 495
0 257
0 165
470 179
179 0
84 1
2 310
1 2
153 517
15 234
520 3
149 278
3 149
234 149
517 149
37 9
37 128
501 4
4 37
6 432
15 492
510 5
5 6
492 6
8 285
356 7
44 431
431 8
7 8
50 313
204 10
9 50
10 50
364 351
295 279
295 248
351 295
77 11
123 287
11 123
13 18
13 22
13 28
13 110
13 40
13 86
13 103
13 457
13 425
13 263
13 365
13 207
13 221
13 315
13 246
265 12
12 13
14 329
14 192
14 448
301 456
456 14
244 429
317 308
429 520
308 520
15 156
15 148
15 172
254 342
342 15
267 16
59 366
16 59
39 17
152 305
305 17
305 135
305 469
509 324
19 120
324 19
20 93
20 163
41 498
498 20
444 21
24 377
27 245
245 21
245 23
245 24
94 343
35 25
26 155
26 49
26 439
26 461
26 238
367 47
47 26
343 26
25 26
316 416
416 27
30 360
30 381
30 280
30 258
30 408
30 333
127 220
291 171
171 220
171 29
171 30
368 32
395 31
176 514
31 176
32 176
44 453
187 97
223 251
453 223
97 223
34 96
452 33
294 420
33 34
420 34
335 186
329 335
353 349
35 92
35 521
35 262
161 338
338 349
338 362
338 35
380 38
155 39
36 39
38 39
122 402
402 432
402 140
402 41
43 455
298 42
42 43
313 43
181 522
44 52
44 79
44 400
44 373
44 174
44 378
44 227
522 44
303 336
45 414
336 45
51 85
168 46
269 48
49 51
46 51
48 51
256 252
53 488
52 53
252 53
56 54
254 55
160 426
54 160
55 160
499 422
344 506
506 56
422 56
480 57
58 314
57 58
296 60
61 200
60 61
242 63
117 62
64 320
62 64
63 64
131 107
150 144
65 196
107 65
144 65
344 124
66 199
124 66
418 67
68 175
67 68
139 69
70 497
360 70
69 70
391 463
77 71
138 409
71 138
463 138
421 72
73 203
72 73
401 74
75 88
74 75
321 102
347 241
102 347
217 442
195 412
442 195
77 229
311 76
76 77
417 78
433 370
433 201
78 433
80 490
79 80
192 80
417 81
435 467
435 184
81 435
326 260
119 281
82 491
281 82
260 82
113 83
83 84
87 322
88 85
88 369
88 87
242 339
117 89
150 434
89 150
339 150
137 90
91 376
90 91
94 197
499 142
92 499
197 499
94 407
93 94
98 100
451 478
206 95
96 98
478 98
95 98
276 502
170 99
100 276
156 276
99 276
512 101
105 500
398 136
136 101
136 104
136 105
159 180
106 411
180 106
190 108
109 350
108 109
247 111
112 205
111 112
205 113
189 114
481 115
114 127
115 127
185 116
116 317
334 525
451 332
196 153
332 153
525 153
524 292
451 427
523 164
487 300
427 524
164 524
300 524
298 264
212 374
264 523
374 523
344 475
181 166
181 169
163 181
475 181
521 181
191 519
348 462
519 334
462 334
516 355
516 222
241 516
405 515
477 513
513 512
148 512
515 512
496 382
274 436
472 253
436 496
253 496
235 511
511 509
472 508
508 131
507 289
262 507
504 331
403 385
452 505
385 504
505 504
130 503
503 398
242 486
242 134
242 323
500 242
497 212
495 212
286 167
451 419
190 493
419 286
493 286
491 286
490 487
488 487
283 225
486 283
236 346
381 236
484 236
451 483
296 482
483 481
482 481
480 309
480 275
480 146
480 129
204 304
304 480
452 178
494 358
178 494
451 193
348 479
479 477
193 477
354 476
474 250
476 474
375 485
224 194
485 224
473 141
473 230
280 473
386 518
258 501
518 501
472 460
472 209
409 472
331 472
470 443
250 502
250 471
250 470
298 393
345 468
393 294
309 294
468 294
467 418
288 446
254 118
446 353
118 353
117 465
134 191
465 191
460 191
125 459
452 394
459 452
455 452
451 445
451 228
244 202
202 451
217 330
330 417
445 444
448 444
514 444
441 413
443 441
408 441
147 440
440 122
437 145
386 157
255 438
439 437
157 437
438 437
434 274
428 450
306 430
209 428
430 428
367 447
414 426
414 211
414 367
282 423
423 421
139 415
298 390
415 298
413 298
267 352
267 214
412 267
401 410
410 303
244 307
307 405
323 405
198 404
404 401
190 397
400 395
397 395
391 183
391 361
259 392
392 391
139 464
231 182
340 162
461 231
464 231
162 231
337 389
388 266
389 388
341 243
387 154
243 387
325 454
454 386
291 379
379 321
293 133
244 218
218 293
275 293
377 190
376 375
271 371
373 368
371 368
366 235
175 364
168 240
333 117
240 117
327 143
120 182
120 151
120 327
154 198
311 396
259 249
249 403
396 403
345 121
146 125
121 125
277 126
130 219
126 130
244 177
424 384
384 189
177 189
277 132
132 137
216 284
215 319
284 215
141 356
510 272
272 288
289 288
322 168
143 139
345 399
128 345
219 247
411 152
296 158
174 119
158 119
354 226
352 354
346 311
244 173
173 170
257 170
406 233
165 406
237 383
166 510
383 510
238 244
169 244
268 210
297 466
172 268
466 268
133 268
203 316
185 188
185 270
183 185
318 359
194 167
194 299
194 318
337 232
142 337
199 337
399 206
129 206
390 206
239 357
357 292
357 208
357 301
319 210
319 328
319 204
213 363
450 297
228 297
363 297
285 424
251 424
359 296
355 341
320 348
382 348
226 282
370 159
302 290
290 147
447 344
201 291
489 372
378 326
372 326
310 145
310 312
310 325
394 306
229 306
361 306
161 458
458 302
214 277
358 213
188 213
287 213
279 161
184 216
248 278
248 261
248 259
407 237
222 239
