550 649
0 5 9
1 9 9
2 6 6
3 30 50
4 50 30
5 8 6
6 9 9
7 7 10
8 9 8
9 6 9
10 10 6
11 5 10
12 10 6
13 30 30
14 20 40
15 8 9
16 7 5
17 30 30
18 20 50
19 7 10
20 10 10
21 8 9
22 40 20
23 7 7
24 10 5
25 8 9
26 30 20
27 10 6
28 9 8
29 5 10
30 8 6
31 7 6
32 30 40
33 7 10
34 5 6
35 7 6
36 6 9
37 10 9
38 20 30
39 40 20
40 7 10
41 5 5
42 50 30
43 5 6
44 9 7
45 8 5
46 9 5
47 20 30
48 10 5
49 10 7
50 8 10
51 10 7
52 20 30
53 9 10
54 8 9
55 50 40
56 9 10
57 5 6
58 6 5
59 30 40
60 10 6
61 10 7
62 20 50
63 30 40
64 6 9
65 20 20
66 5 7
67 7 10
68 9 6
69 7 10
70 8 5
71 9 7
72 8 6
73 40 20
74 20 20
75 20 50
76 30 50
77 20 40
78 5 5
79 40 30
80 10 8
81 6 8
82 30 30
83 5 6
84 5 6
85 9 5
86 8 6
87 10 9
88 30 20
89 20 50
90 7 9
91 7 5
92 30 20
93 5 9
94 5 5
95 6 9
96 7 5
97 5 9
98 9 8
99 7 10
100 40 30
101 8 5
102 10 6
103 20 20
104 10 8
105 6 9
106 5 6
107 6 8
108 7 9
109 5 10
110 50 20
111 40 40
112 8 10
113 8 10
114 9 5
115 40 20
116 9 8
117 40 20
118 5 8
119 5 9
120 9 6
121 5 8
122 8 6
123 6 6
124 20 30
125 8 7
126 5 6
127 8 8
128 20 20
129 7 10
130 5 6
131 6 10
132 10 8
133 50 40
134 30 50
135 30 30
136 6 10
137 8 10
138 30 30
139 5 10
140 5 10
141 8 9
142 8 9
143 5 9
144 9 9
145 10 7
146 7 7
147 6 9
148 30 50
149 6 7
150 10 6
151 20 50
152 40 50
153 10 10
154 20 50
155 5 9
156 9 8
157 30 50
158 10 7
159 9 5
160 50 30
161 9 9
162 30 50
163 50 20
164 40 40
165 8 10
166 50 50
167 5 7
168 50 50
169 6 8
170 5 5
171 40 50
172 6 10
173 20 40
174 10 5
175 5 8
176 20 20
177 20 50
178 6 5
179 7 10
180 50 30
181 10 6
182 7 5
183 9 5
184 5 10
185 6 7
186 6 7
187 40 20
188 7 5
189 20 50
190 10 9
191 8 6
192 9 5
193 9 10
194 40 20
195 7 6
196 6 6
197 20 20
198 50 50
199 6 5
200 5 7
201 9 6
202 9 8
203 50 40
204 30 40
205 10 7
206 8 10
207 6 10
208 30 20
209 9 8
210 50 50
211 30 30
212 6 6
213 7 8
214 10 10
215 7 6
216 40 40
217 20 20
218 50 20
219 8 9
220 7 10
221 30 30
222 6 6
223 6 10
224 50 30
225 10 8
226 8 6
227 8 10
228 8 5
229 20 50
230 10 9
231 10 5
232 6 8
233 8 6
234 50 50
235 8 7
236 6 8
237 7 9
238 50 20
239 20 20
240 6 6
241 9 5
242 20 30
243 6 8
244 30 20
245 50 30
246 20 50
247 50 20
248 5 6
249 9 5
250 30 50
251 40 50
252 8 5
253 8 5
254 8 8
255 10 7
256 8 8
257 10 9
258 9 10
259 10 10
260 30 30
261 50 50
262 6 5
263 7 10
264 6 7
265 10 10
266 5 7
267 5 10
268 10 10
269 9 5
270 40 40
271 6 5
272 5 7
273 6 7
274 40 50
275 50 40
276 9 5
277 5 7
278 40 40
279 10 8
280 8 6
281 30 50
282 9 9
283 10 6
284 7 8
285 6 5
286 10 7
287 9 7
288 8 9
289 50 30
290 5 10
291 9 10
292 7 7
293 5 8
294 6 7
295 40 50
296 10 7
297 9 10
298 6 8
299 7 8
300 9 10
301 6 10
302 10 8
303 6 9
304 9 8
305 30 50
306 50 40
307 40 40
308 8 5
309 9 7
310 6 10
311 10 6
312 9 5
313 20 20
314 6 7
315 5 10
316 7 8
317 20 30
318 5 5
319 20 40
320 9 6
321 7 6
322 6 7
323 6 9
324 9 8
325 20 20
326 5 5
327 50 30
328 9 7
329 9 9
330 40 50
331 9 9
332 9 8
333 9 9
334 7 7
335 5 8
336 20 50
337 7 7
338 6 7
339 9 8
340 20 40
341 50 50
342 40 50
343 9 9
344 8 6
345 6 9
346 6 8
347 8 8
348 50 20
349 50 40
350 8 8
351 20 50
352 7 10
353 50 20
354 30 40
355 8 9
356 8 5
357 20 30
358 10 6
359 8 6
360 6 5
361 9 8
362 9 10
363 8 8
364 9 5
365 50 40
366 30 50
367 30 30
368 5 7
369 20 50
370 5 9
371 40 30
372 5 6
373 40 50
374 10 6
375 7 7
376 6 5
377 50 50
378 20 20
379 10 9
380 5 9
381 8 8
382 30 20
383 5 5
384 7 8
385 5 5
386 9 5
387 20 30
388 5 5
389 40 20
390 10 8
391 30 20
392 7 8
393 10 7
394 5 5
395 10 7
396 30 40
397 50 40
398 8 7
399 7 9
400 5 10
401 10 10
402 50 20
403 20 20
404 9 9
405 10 6
406 6 8
407 8 10
408 7 9
409 6 10
410 30 50
411 10 10
412 5 8
413 6 9
414 7 7
415 6 9
416 6 9
417 8 6
418 8 7
419 5 8
420 40 20
421 30 30
422 7 5
423 5 8
424 30 20
425 5 6
426 5 9
427 40 50
428 40 40
429 7 5
430 30 50
431 50 20
432 50 40
433 10 8
434 9 9
435 5 8
436 5 5
437 7 6
438 10 7
439 5 8
440 30 50
441 6 10
442 10 5
443 6 5
444 50 30
445 8 5
446 5 7
447 30 50
448 5 6
449 6 6
450 6 6
451 6 7
452 40 40
453 8 10
454 6 6
455 30 40
456 7 7
457 8 6
458 8 9
459 40 20
460 8 9
461 40 30
462 10 8
463 7 9
464 6 8
465 9 5
466 5 10
467 30 50
468 7 8
469 7 6
470 40 40
471 10 7
472 6 10
473 6 9
474 6 7
475 9 10
476 30 40
477 10 9
478 10 8
479 40 40
480 9 5
481 6 5
482 10 5
483 8 9
484 8 6
485 7 8
486 5 7
487 10 8
488 9 5
489 6 5
490 7 10
491 6 5
492 10 9
493 30 40
494 5 10
495 10 10
496 7 10
497 10 7
498 40 30
499 20 40
500 50 30
501 10 5
502 6 8
503 50 30
504 10 7
505 5 8
506 10 6
507 5 5
508 20 40
509 30 50
510 10 9
511 6 6
512 6 7
513 6 5
514 6 8
515 20 50
516 8 5
517 5 10
518 10 5
519 7 9
520 9 9
521 6 5
522 40 30
523 7 7
524 20 50
525 8 10
526 8 6
527 8 9
528 5 9
529 50 20
530 9 6
531 6 8
532 50 50
533 8 5
534 20 50
535 9 5
536 30 20
537 6 8
538 30 40
539 9 6
540 7 9
541 8 7
542 20 50
543 40 40
544 20 40
545 6 5
546 30 30
547 8 7
548 9 6
549 20 20
179 480
447 76
447 493
447 307
480 447
365 132
0 405
132 0
313 30
1 537
30 1
88 263
119 2
211 271
513 500
2 88
271 88
500 88
5 71
19 4
421 284
13 3
4 5
3 5
284 5
535 490
314 174
412 533
44 6
6 490
6 369
6 412
8 189
228 455
545 7
455 8
7 8
70 326
476 375
14 9
375 70
9 70
509 227
357 23
357 66
357 516
357 330
227 357
63 322
56 163
322 56
365 10
148 107
148 438
10 148
12 403
12 524
294 11
11 12
13 84
13 526
364 486
486 13
312 430
321 451
130 245
451 130
430 130
14 120
14 488
394 433
433 14
187 15
290 384
15 290
16 208
76 16
544 17
18 212
17 18
386 299
299 63
365 531
19 175
531 19
20 301
89 548
548 20
358 21
150 434
22 39
22 264
434 22
21 22
24 160
23 24
26 302
317 25
25 26
218 28
536 27
207 424
27 207
28 207
146 142
29 183
142 29
50 427
31 473
427 31
253 118
448 483
397 96
483 253
96 253
465 32
59 441
73 436
32 73
441 73
450 33
34 240
33 34
218 195
42 35
35 218
37 141
109 36
36 37
495 38
231 316
38 231
39 231
43 100
40 270
100 40
476 41
530 157
41 42
157 42
43 296
43 514
180 126
126 43
243 219
219 44
545 45
116 519
128 78
45 128
519 128
225 46
520 337
47 415
46 47
337 47
414 49
225 48
190 443
48 190
49 190
351 295
295 50
51 257
166 541
541 51
443 51
52 402
52 222
539 151
151 52
53 416
53 323
292 291
291 53
57 204
410 55
225 54
54 57
55 57
60 58
107 59
58 59
60 518
60 368
203 149
149 60
439 61
385 206
61 385
136 62
527 379
64 456
64 276
379 64
62 64
165 502
365 65
358 458
65 165
458 165
67 143
66 67
417 68
69 423
68 69
372 103
313 343
103 313
314 72
74 395
212 71
212 135
212 74
166 75
235 361
75 235
359 77
314 471
537 77
537 182
537 203
85 437
193 200
78 85
200 85
198 496
314 464
79 381
382 80
80 496
80 332
80 79
81 114
326 81
296 81
112 82
83 320
82 83
86 255
84 86
414 87
89 269
87 89
361 89
164 90
91 393
90 91
225 92
308 153
532 374
92 532
153 532
94 547
94 224
536 93
93 94
246 511
286 95
97 304
511 97
95 97
366 98
292 99
324 122
324 440
324 422
324 469
324 425
477 101
101 324
98 324
99 324
268 102
314 104
105 467
163 102
163 341
163 105
258 133
106 285
133 106
109 131
199 108
108 109
281 110
111 311
110 111
112 354
311 112
478 113
176 186
113 176
114 176
396 115
115 116
435 353
237 117
118 119
353 119
117 119
123 452
362 121
122 123
120 123
121 123
127 380
365 124
331 125
124 127
125 127
225 129
134 377
134 217
129 134
131 134
478 501
501 136
424 136
372 137
138 252
137 138
305 139
549 413
407 172
446 250
139 549
172 549
250 549
221 338
527 497
547 527
338 527
272 546
544 376
546 544
155 459
155 145
467 155
543 261
221 298
298 543
476 540
403 539
540 539
348 287
314 538
442 534
534 287
534 472
534 536
530 309
533 530
225 528
528 321
526 321
234 325
398 523
440 234
524 234
523 234
225 522
507 238
522 507
518 507
196 517
225 391
225 178
225 232
225 260
517 225
317 345
179 399
318 197
318 390
399 318
345 318
365 515
515 513
514 513
499 303
405 499
186 499
245 499
358 209
525 329
209 525
365 201
181 512
512 465
201 465
247 510
509 475
510 509
254 335
516 254
314 508
383 491
491 452
491 503
491 394
211 319
457 506
506 198
319 198
502 198
196 168
365 408
365 401
365 310
422 365
168 365
545 505
505 495
236 504
498 328
504 498
461 431
431 397
497 397
328 383
275 494
494 439
196 470
492 230
470 492
141 492
166 460
292 489
404 162
162 196
460 196
489 196
354 450
478 214
215 485
488 478
485 478
482 371
482 346
482 158
224 482
336 418
314 542
477 184
154 342
342 418
342 479
342 477
473 236
288 251
469 535
309 535
251 535
220 265
314 147
144 484
426 259
259 265
259 468
259 144
173 466
466 146
435 462
193 463
463 457
462 457
448 161
448 474
456 448
545 454
352 453
454 446
453 446
159 274
429 279
274 429
327 444
444 442
277 202
316 277
438 277
437 277
314 432
476 185
476 233
476 226
343 436
343 428
343 476
183 426
423 243
347 349
349 421
374 421
327 420
420 417
199 283
283 414
416 414
334 411
411 410
306 192
425 268
459 268
192 268
408 407
363 529
406 188
529 406
404 177
484 404
475 372
358 449
150 248
396 205
248 396
449 396
159 167
159 239
395 159
392 249
392 445
393 392
256 389
387 293
391 387
389 387
376 386
384 272
382 216
206 382
315 355
140 400
355 140
276 140
371 331
188 154
419 169
238 419
415 419
185 150
145 150
314 152
180 356
351 170
170 263
170 244
170 180
156 213
401 156
208 156
160 164
334 267
233 334
175 359
167 359
169 359
323 246
377 246
366 373
373 199
184 166
177 366
249 281
191 266
266 187
205 193
189 193
356 215
226 215
282 367
367 179
204 181
293 181
195 221
197 545
400 545
211 273
278 241
213 278
273 278
202 278
302 305
493 305
161 305
143 351
211 262
286 210
210 211
461 481
214 461
286 171
230 220
171 220
217 220
289 409
178 312
409 312
264 228
314 360
314 340
314 344
314 280
300 229
229 314
481 237
261 237
346 237
232 347
239 347
381 358
216 363
282 370
370 315
402 315
330 327
191 388
388 258
242 378
378 173
310 435
320 304
320 194
320 292
474 352
390 352
350 223
368 350
413 348
262 348
380 348
247 487
487 242
445 303
445 339
445 364
286 333
257 336
333 336
335 191
285 241
285 521
285 282
240 325
240 297
240 294
222 317
252 275
