550 649
0 1024 2048
1 512 2048
2 4 128
3 32 4
4 16 64
5 512 2048
6 1024 1024
7 256 512
8 256 1024
9 128 128
10 2048 256
11 32 32
12 64 16
13 256 512
14 32 64
15 512 256
16 32 32
17 64 8
18 32 4
19 1024 256
20 4 128
21 1024 1024
22 512 1024
23 4 64
24 64 4
25 1024 1024
26 64 4
27 4 128
28 8 8
29 512 1024
30 32 8
31 256 512
32 4 32
33 4 128
34 8 128
35 128 8
36 32 8
37 128 8
38 8 32
39 512 256
40 2048 256
41 4 4
42 1024 1024
43 4 8
44 2048 512
45 4 16
46 128 64
47 4 16
48 2048 256
49 8 64
50 32 128
51 128 4
52 16 64
53 4 8
54 128 64
55 64 4
56 8 128
57 32 4
58 32 16
59 256 512
60 1024 1024
61 32 4
62 64 128
63 32 8
64 2048 1024
65 32 16
66 8 4
67 256 512
68 8 128
69 512 256
70 4 16
71 32 8
72 16 8
73 128 8
74 32 32
75 4 4
76 2048 256
77 1024 512
78 64 16
79 128 8
80 8 8
81 2048 2048
82 1024 512
83 32 32
84 64 64
85 1024 2048
86 128 16
87 32 128
88 32 4
89 256 256
90 4 32
91 4 64
92 16 8
93 128 32
94 1024 1024
95 4 64
96 16 8
97 16 4
98 128 64
99 64 128
100 256 2048
101 32 4
102 32 32
103 16 32
104 8 128
105 32 4
106 1024 256
107 256 256
108 256 2048
109 128 128
110 128 4
111 16 128
112 16 16
113 1024 1024
114 512 256
115 8 16
116 2048 1024
117 64 128
118 64 128
119 4 16
120 16 32
121 128 32
122 64 8
123 128 8
124 16 32
125 4 32
126 512 1024
127 8 8
128 256 2048
129 4 4
130 1024 256
131 2048 512
132 2048 512
133 512 2048
134 64 128
135 8 8
136 64 32
137 1024 512
138 8 32
139 512 2048
140 16 64
141 64 32
142 8 32
143 1024 2048
144 32 64
145 256 512
146 2048 256
147 1024 1024
148 32 16
149 16 128
150 32 4
151 16 32
152 64 4
153 16 4
154 256 2048
155 16 32
156 16 8
157 2048 2048
158 32 4
159 4 32
160 256 256
161 64 4
162 512 1024
163 2048 1024
164 1024 256
165 16 16
166 2048 512
167 1024 256
168 32 32
169 64 4
170 256 512
171 256 256
172 8 32
173 8 64
174 2048 1024
175 2048 256
176 4 8
177 64 16
178 8 16
179 16 4
180 1024 512
181 64 32
182 256 256
183 64 64
184 64 128
185 256 1024
186 256 256
187 256 2048
188 16 16
189 128 4
190 32 8
191 512 2048
192 256 256
193 32 32
194 4 8
195 2048 256
196 4 128
197 32 4
198 512 256
199 8 32
200 256 256
201 2048 256
202 8 128
203 4 128
204 16 8
205 16 32
206 256 512
207 4 128
208 256 256
209 128 4
210 4 32
211 1024 2048
212 16 128
213 4 128
214 8 4
215 4 64
216 64 64
217 64 16
218 4 32
219 16 16
220 64 16
221 512 1024
222 32 16
223 32 32
224 32 128
225 256 512
226 1024 512
227 32 128
228 4 64
229 4 4
230 128 128
231 512 1024
232 64 8
233 2048 512
234 32 8
235 16 64
236 16 32
237 32 64
238 128 8
239 8 32
240 512 2048
241 8 128
242 16 128
243 1024 1024
244 16 16
245 2048 256
246 32 32
247 4 8
248 8 4
249 4 128
250 64 16
251 512 2048
252 128 4
253 8 16
254 32 4
255 128 32
256 32 32
257 1024 1024
258 1024 1024
259 8 4
260 1024 1024
261 4 64
262 16 16
263 32 4
264 128 128
265 256 512
266 256 512
267 512 512
268 16 8
269 512 512
270 8 64
271 2048 256
272 512 2048
273 16 64
274 16 128
275 4 4
276 8 128
277 64 128
278 8 128
279 1024 1024
280 8 4
281 2048 512
282 16 64
283 2048 256
284 16 128
285 4 4
286 256 2048
287 128 128
288 2048 2048
289 128 64
290 64 8
291 64 32
292 16 128
293 128 16
294 64 16
295 4 64
296 16 64
297 1024 256
298 128 64
299 4 4
300 16 32
301 4 16
302 32 4
303 8 128
304 64 128
305 1024 512
306 128 4
307 64 16
308 16 128
309 16 4
310 32 16
311 32 128
312 128 128
313 256 2048
314 256 256
315 1024 2048
316 1024 1024
317 16 32
318 16 32
319 512 256
320 1024 2048
321 32 32
322 128 16
323 1024 512
324 1024 2048
325 32 8
326 128 128
327 4 64
328 1024 1024
329 4 128
330 64 64
331 8 32
332 512 2048
333 128 8
334 4 64
335 256 256
336 64 8
337 256 256
338 4 32
339 8 64
340 16 32
341 128 4
342 64 16
343 4 64
344 1024 512
345 8 4
346 1024 2048
347 512 256
348 16 128
349 32 32
350 4 64
351 256 1024
352 8 8
353 128 4
354 8 128
355 256 256
356 128 32
357 1024 256
358 16 128
359 512 512
360 2048 1024
361 512 512
362 1024 256
363 128 8
364 32 16
365 256 1024
366 4 32
367 8 32
368 1024 2048
369 64 8
370 16 64
371 2048 512
372 512 256
373 4 4
374 128 64
375 1024 1024
376 4 32
377 8 16
378 256 256
379 128 32
380 2048 2048
381 2048 1024
382 128 32
383 64 16
384 16 8
385 8 32
386 2048 2048
387 4 64
388 256 1024
389 32 8
390 4 32
391 8 64
392 8 128
393 4 128
394 4 4
395 8 8
396 16 8
397 512 1024
398 128 64
399 8 64
400 1024 256
401 32 128
402 8 4
403 2048 1024
404 32 16
405 256 256
406 512 2048
407 2048 512
408 1024 256
409 32 128
410 512 256
411 16 128
412 16 8
413 64 16
414 128 64
415 16 64
416 128 4
417 128 128
418 2048 1024
419 16 16
420 16 4
421 1024 512
422 8 16
423 16 4
424 64 16
425 4 32
426 128 8
427 64 8
428 16 16
429 128 8
430 16 128
431 8 64
432 256 256
433 128 8
434 8 64
435 256 512
436 32 4
437 64 128
438 128 64
439 512 512
440 8 4
441 16 128
442 512 512
443 32 128
444 32 64
445 4 32
446 64 32
447 512 1024
448 16 8
449 8 4
450 4 64
451 32 32
452 64 64
453 4 4
454 32 128
455 8 128
456 2048 256
457 256 512
458 4 64
459 256 512
460 32 64
461 4 128
462 1024 1024
463 128 4
464 16 4
465 4 8
466 128 8
467 1024 1024
468 4 64
469 256 1024
470 32 4
471 32 8
472 64 64
473 128 32
474 4 64
475 4 128
476 16 128
477 128 4
478 16 64
479 8 8
480 128 16
481 32 64
482 16 16
483 128 128
484 128 128
485 16 16
486 256 1024
487 4 128
488 128 8
489 1024 1024
490 4 16
491 8 8
492 8 8
493 512 1024
494 128 16
495 2048 2048
496 4 128
497 16 8
498 2048 2048
499 64 16
500 64 64
501 16 128
502 64 16
503 8 8
504 128 4
505 128 64
506 1024 1024
507 16 32
508 32 8
509 256 512
510 256 2048
511 4 8
512 1024 256
513 1024 512
514 128 4
515 256 256
516 8 4
517 16 128
518 16 16
519 256 1024
520 32 128
521 128 64
522 512 2048
523 16 64
524 32 128
525 512 1024
526 4 16
527 1024 512
528 128 64
529 4 32
530 8 64
531 16 128
532 4 64
533 256 512
534 2048 1024
535 1024 256
536 128 128
537 4 64
538 8 8
539 16 4
540 8 4
541 8 4
542 2048 2048
543 16 128
544 256 256
545 1024 256
546 64 64
547 1024 1024
548 128 16
549 32 4
179 480
447 76
447 493
447 307
480 447
365 132
0 405
132 0
313 30
1 537
30 1
88 263
119 2
211 271
513 500
2 88
271 88
500 88
5 71
19 4
421 284
13 3
4 5
3 5
284 5
535 490
314 174
412 533
44 6
6 490
6 369
6 412
8 189
228 455
545 7
455 8
7 8
70 326
476 375
14 9
375 70
9 70
509 227
357 23
357 66
357 516
357 330
227 357
63 322
56 163
322 56
365 10
148 107
148 438
10 148
12 403
12 524
294 11
11 12
13 84
13 526
364 486
486 13
312 430
321 451
130 245
451 130
430 130
14 120
14 488
394 433
433 14
187 15
290 384
15 290
16 208
76 16
544 17
18 212
17 18
386 299
299 63
365 531
19 175
531 19
20 301
89 548
548 20
358 21
150 434
22 39
22 264
434 22
21 22
24 160
23 24
26 302
317 25
25 26
218 28
536 27
207 424
27 207
28 207
146 142
29 183
142 29
50 427
31 473
427 31
253 118
448 483
397 96
483 253
96 253
465 32
59 441
73 436
32 73
441 73
450 33
34 240
33 34
218 195
42 35
35 218
37 141
109 36
36 37
495 38
231 316
38 231
39 231
43 100
40 270
100 40
476 41
530 157
41 42
157 42
43 296
43 514
180 126
126 43
243 219
219 44
545 45
116 519
128 78
45 128
519 128
225 46
520 337
47 415
46 47
337 47
414 49
225 48
190 443
48 190
49 190
351 295
295 50
51 257
166 541
541 51
443 51
52 402
52 222
539 151
151 52
53 416
53 323
292 291
291 53
57 204
410 55
225 54
54 57
55 57
60 58
107 59
58 59
60 518
60 368
203 149
149 60
439 61
385 206
61 385
136 62
527 379
64 456
64 276
379 64
62 64
165 502
365 65
358 458
65 165
458 165
67 143
66 67
417 68
69 423
68 69
372 103
313 343
103 313
314 72
74 395
212 71
212 135
212 74
166 75
235 361
75 235
359 77
314 471
537 77
537 182
537 203
85 437
193 200
78 85
200 85
198 496
314 464
79 381
382 80
80 496
80 332
80 79
81 114
326 81
296 81
112 82
83 320
82 83
86 255
84 86
414 87
89 269
87 89
361 89
164 90
91 393
90 91
225 92
308 153
532 374
92 532
153 532
94 547
94 224
536 93
93 94
246 511
286 95
97 304
511 97
95 97
366 98
292 99
324 122
324 440
324 422
324 469
324 425
477 101
101 324
98 324
99 324
268 102
314 104
105 467
163 102
163 341
163 105
258 133
106 285
133 106
109 131
199 108
108 109
281 110
111 311
110 111
112 354
311 112
478 113
176 186
113 176
114 176
396 115
115 116
435 353
237 117
118 119
353 119
117 119
123 452
362 121
122 123
120 123
121 123
127 380
365 124
331 125
124 127
125 127
225 129
134 377
134 217
129 134
131 134
478 501
501 136
424 136
372 137
138 252
137 138
305 139
549 413
407 172
446 250
139 549
172 549
250 549
221 338
527 497
547 527
338 527
272 546
544 376
546 544
155 459
155 145
467 155
543 261
221 298
298 543
476 540
403 539
540 539
348 287
314 538
442 534
534 287
534 472
534 536
530 309
533 530
225 528
528 321
526 321
234 325
398 523
440 234
524 234
523 234
225 522
507 238
522 507
518 507
196 517
225 391
225 178
225 232
225 260
517 225
317 345
179 399
318 197
318 390
399 318
345 318
365 515
515 513
514 513
499 303
405 499
186 499
245 499
358 209
525 329
209 525
365 201
181 512
512 465
201 465
247 510
509 475
510 509
254 335
516 254
314 508
383 491
491 452
491 503
491 394
211 319
457 506
506 198
319 198
502 198
196 168
365 408
365 401
365 310
422 365
168 365
545 505
505 495
236 504
498 328
504 498
461 431
431 397
497 397
328 383
275 494
494 439
196 470
492 230
470 492
141 492
166 460
292 489
404 162
162 196
460 196
489 196
354 450
478 214
215 485
488 478
485 478
482 371
482 346
482 158
224 482
336 418
314 542
477 184
154 342
342 418
342 479
342 477
473 236
288 251
469 535
309 535
251 535
220 265
314 147
144 484
426 259
259 265
259 468
259 144
173 466
466 146
435 462
193 463
463 457
462 457
448 161
448 474
456 448
545 454
352 453
454 446
453 446
159 274
429 279
274 429
327 444
444 442
277 202
316 277
438 277
437 277
314 432
476 185
476 233
476 226
343 436
343 428
343 476
183 426
423 243
347 349
349 421
374 421
327 420
420 417
199 283
283 414
416 414
334 411
411 410
306 192
425 268
459 268
192 268
408 407
363 529
406 188
529 406
404 177
484 404
475 372
358 449
150 248
396 205
248 396
449 396
159 167
159 239
395 159
392 249
392 445
393 392
256 389
387 293
391 387
389 387
376 386
384 272
382 216
206 382
315 355
140 400
355 140
276 140
371 331
188 154
419 169
238 419
415 419
185 150
145 150
314 152
180 356
351 170
170 263
170 244
170 180
156 213
401 156
208 156
160 164
334 267
233 334
175 359
167 359
169 359
323 246
377 246
366 373
373 199
184 166
177 366
249 281
191 266
266 187
205 193
189 193
356 215
226 215
282 367
367 179
204 181
293 181
195 221
197 545
400 545
211 273
278 241
213 278
273 278
202 278
302 305
493 305
161 305
143 351
211 262
286 210
210 211
461 481
214 461
286 171
230 220
171 220
217 220
289 409
178 312
409 312
264 228
314 360
314 340
314 344
314 280
300 229
229 314
481 237
261 237
346 237
232 347
239 347
381 358
216 363
282 370
370 315
402 315
330 327
191 388
388 258
242 378
378 173
310 435
320 304
320 194
320 292
474 352
390 352
350 223
368 350
413 348
262 348
380 348
247 487
487 242
445 303
445 339
445 364
286 333
257 336
333 336
335 191
285 241
285 521
285 282
240 325
240 297
240 294
222 317
252 275
