528 665
0 8 32
1 16 8
2 2048 512
3 16 4
4 16 128
5 32 128
6 4 8
7 4 128
8 128 4
9 128 32
10 16 16
11 512 2048
12 64 128
13 512 512
14 32 8
15 512 256
16 16 16
17 64 64
18 64 16
19 2048 256
20 4 128
21 512 2048
22 16 64
23 128 4
24 128 32
25 64 32
26 2048 512
27 256 512
28 2048 1024
29 4 32
30 1024 1024
31 8 4
32 1024 1024
33 4 16
34 4 128
35 4 32
36 8 128
37 512 512
38 64 32
39 64 64
40 64 128
41 2048 512
42 64 16
43 4 32
44 64 64
45 2048 512
46 32 8
47 128 4
48 512 2048
49 4 128
50 256 1024
51 128 128
52 16 8
53 256 512
54 32 16
55 1024 1024
56 128 4
57 128 128
58 8 64
59 256 256
60 2048 512
61 16 16
62 256 512
63 1024 1024
64 1024 256
65 4 8
66 32 32
67 4 8
68 2048 2048
69 16 128
70 64 64
71 256 1024
72 64 4
73 8 64
74 4 4
75 256 2048
76 128 16
77 16 8
78 256 1024
79 8 64
80 4 8
81 4 32
82 64 16
83 16 4
84 128 8
85 64 32
86 32 4
87 32 32
88 8 32
89 32 128
90 32 32
91 16 32
92 32 64
93 512 2048
94 128 8
95 64 32
96 16 4
97 128 32
98 16 32
99 32 64
100 16 64
101 2048 1024
102 1024 256
103 64 64
104 16 32
105 8 8
106 2048 512
107 16 4
108 128 64
109 8 4
110 32 16
111 16 32
112 512 512
113 256 2048
114 4 8
115 16 4
116 128 4
117 256 256
118 8 16
119 4 64
120 512 2048
121 64 64
122 4 16
123 64 8
124 32 32
125 64 4
126 64 8
127 32 64
128 512 256
129 64 8
130 32 16
131 4 32
132 16 64
133 8 32
134 4 128
135 64 16
136 32 128
137 64 128
138 32 4
139 64 4
140 256 512
141 32 8
142 16 32
143 8 16
144 32 32
145 16 32
146 8 8
147 4 16
148 1024 512
149 512 1024
150 2048 512
151 512 1024
152 512 1024
153 64 4
154 128 32
155 128 64
156 256 512
157 4 16
158 256 256
159 128 16
160 16 16
161 8 8
162 128 8
163 128 8
164 128 32
165 4 128
166 128 128
167 4 128
168 128 64
169 64 4
170 8 64
171 32 128
172 4 32
173 2048 256
174 16 128
175 1024 512
176 2048 1024
177 64 4
178 2048 1024
179 4 64
180 16 64
181 32 8
182 32 64
183 128 4
184 128 64
185 16 128
186 32 128
187 128 32
188 256 2048
189 4 64
190 32 32
191 1024 256
192 4 8
193 16 8
194 8 4
195 4 64
196 2048 1024
197 8 16
198 8 32
199 8 8
200 512 512
201 256 256
202 16 16
203 64 32
204 4 4
205 2048 1024
206 512 512
207 4 8
208 2048 1024
209 256 512
210 16 8
211 16 32
212 128 4
213 2048 512
214 64 128
215 64 128
216 8 16
217 2048 2048
218 512 2048
219 512 256
220 32 64
221 4 128
222 1024 2048
223 64 4
224 256 256
225 256 512
226 2048 1024
227 2048 1024
228 256 2048
229 2048 512
230 512 512
231 64 4
232 8 128
233 128 128
234 128 128
235 1024 1024
236 64 128
237 8 8
238 4 32
239 256 2048
240 256 256
241 512 1024
242 16 128
243 128 32
244 4 32
245 128 4
246 128 16
247 64 64
248 2048 512
249 1024 256
250 8 4
251 128 16
252 1024 512
253 256 1024
254 16 8
255 2048 1024
256 16 128
257 128 64
258 128 128
259 32 8
260 256 256
261 8 4
262 2048 512
263 32 4
264 2048 1024
265 128 128
266 1024 256
267 4 4
268 16 32
269 64 64
270 512 256
271 16 128
272 8 4
273 32 64
274 1024 512
275 512 256
276 64 4
277 16 8
278 8 16
279 4 8
280 256 2048
281 16 8
282 8 16
283 2048 512
284 1024 256
285 128 32
286 256 256
287 4 4
288 32 4
289 32 32
290 64 4
291 4 128
292 8 8
293 256 512
294 128 64
295 32 128
296 1024 1024
297 32 8
298 512 256
299 4 16
300 4 4
301 1024 2048
302 8 128
303 256 512
304 64 4
305 64 128
306 1024 2048
307 8 16
308 16 4
309 32 128
310 4 64
311 2048 1024
312 64 4
313 256 256
314 16 16
315 32 16
316 128 8
317 16 32
318 4 32
319 8 64
320 16 32
321 32 4
322 64 64
323 64 8
324 8 128
325 64 8
326 64 32
327 8 8
328 32 64
329 2048 2048
330 16 4
331 128 32
332 64 8
333 16 64
334 4 8
335 256 512
336 16 128
337 32 8
338 2048 256
339 8 16
340 4 32
341 32 8
342 2048 1024
343 256 512
344 512 1024
345 128 128
346 1024 512
347 128 64
348 128 64
349 128 4
350 256 1024
351 2048 2048
352 128 16
353 2048 256
354 32 128
355 4 32
356 16 128
357 512 256
358 1024 1024
359 4 32
360 1024 512
361 64 32
362 256 256
363 16 32
364 64 4
365 8 64
366 64 128
367 1024 256
368 8 8
369 64 64
370 4 4
371 8 16
372 8 32
373 4 64
374 256 1024
375 4 8
376 32 4
377 32 32
378 2048 1024
379 16 128
380 8 64
381 2048 512
382 16 8
383 2048 1024
384 32 32
385 32 32
386 64 8
387 16 32
388 16 128
389 128 8
390 256 512
391 32 64
392 256 2048
393 4 32
394 2048 2048
395 16 32
396 8 32
397 4 128
398 16 32
399 128 8
400 32 8
401 4 8
402 4 32
403 64 8
404 128 8
405 8 8
406 16 4
407 128 128
408 1024 1024
409 256 1024
410 64 16
411 1024 1024
412 4 4
413 512 1024
414 4 64
415 32 16
416 4 8
417 64 64
418 4 128
419 64 128
420 2048 2048
421 64 4
422 2048 512
423 8 16
424 4 64
425 1024 1024
426 32 32
427 32 16
428 8 4
429 4 32
430 1024 2048
431 32 32
432 512 1024
433 2048 256
434 8 64
435 32 32
436 2048 2048
437 256 256
438 8 16
439 128 4
440 4 64
441 32 64
442 64 64
443 4 8
444 8 32
445 128 8
446 64 32
447 4 4
448 1024 512
449 4 64
450 32 64
451 2048 256
452 32 128
453 64 16
454 16 32
455 4 8
456 16 8
457 8 64
458 8 16
459 64 4
460 16 128
461 2048 2048
462 64 128
463 128 128
464 16 16
465 16 64
466 64 128
467 128 16
468 4 128
469 4 128
470 16 8
471 4 8
472 2048 1024
473 64 64
474 64 4
475 16 64
476 8 8
477 4 16
478 128 128
479 256 256
480 16 64
481 2048 256
482 32 4
483 16 64
484 8 8
485 1024 1024
486 1024 256
487 4 16
488 2048 2048
489 2048 1024
490 32 32
491 2048 512
492 1024 512
493 512 256
494 128 32
495 4 128
496 512 1024
497 8 8
498 128 64
499 128 4
500 8 8
501 4 8
502 16 128
503 2048 512
504 16 16
505 1024 2048
506 16 8
507 2048 1024
508 64 8
509 32 128
510 16 128
511 32 4
512 256 1024
513 4 32
514 128 4
515 1024 512
516 1024 2048
517 16 32
518 2048 2048
519 64 32
520 32 32
521 1024 1024
522 1024 2048
523 4 32
524 32 32
525 8 4
526 32 8
527 64 32
291 15
193 106
426 240
15 426
106 426
2 133
416 1
298 0
0 2
1 2
85 3
4 232
3 4
190 517
526 244
234 37
244 234
517 234
228 497
129 285
443 348
348 228
285 228
6 266
249 5
5 6
393 433
246 7
8 143
26 64
64 8
433 8
7 8
12 127
414 11
463 10
33 9
11 12
9 12
10 12
440 473
13 330
376 160
512 14
14 473
14 267
14 13
125 44
125 276
125 141
333 16
16 125
18 36
381 17
17 18
20 341
502 19
40 293
293 20
19 20
288 423
291 302
520 32
520 357
520 308
423 520
302 520
451 117
252 430
133 252
117 252
147 21
55 420
21 55
23 419
23 346
464 22
22 23
505 24
24 512
501 25
105 184
184 26
25 26
27 61
27 478
27 338
27 132
314 179
179 27
171 261
526 28
29 48
29 175
29 306
261 29
28 29
269 506
399 30
31 459
506 31
30 31
33 114
33 397
33 283
32 33
185 407
470 448
323 34
34 185
448 185
393 458
195 297
474 168
389 35
35 474
458 474
297 474
38 91
38 216
36 38
37 38
82 452
319 486
319 495
452 319
40 157
314 39
39 40
53 41
45 77
136 162
77 136
41 136
381 42
43 93
43 104
43 326
43 438
43 248
43 131
43 137
43 250
42 43
429 315
526 488
488 45
315 45
44 45
499 46
130 491
47 122
491 47
46 47
522 485
381 476
48 522
476 522
439 192
219 312
393 462
49 284
280 50
50 49
462 49
192 49
312 49
337 51
180 80
150 206
80 150
357 150
51 150
435 144
526 52
53 332
144 53
52 53
171 54
418 120
418 395
54 418
57 481
57 324
171 56
56 57
189 59
291 58
60 366
58 60
59 60
62 149
304 99
99 62
61 62
153 229
289 63
65 181
229 65
63 65
376 67
68 382
68 309
233 66
475 69
69 66
69 255
69 68
443 310
436 268
71 196
487 70
70 71
310 71
268 71
173 437
282 72
238 186
238 211
72 238
437 238
414 446
371 220
181 371
114 371
446 371
217 444
73 169
444 73
376 498
376 417
376 270
376 340
409 294
294 376
414 394
414 123
451 321
321 414
188 75
167 74
76 336
74 76
75 76
372 363
372 183
345 78
78 372
251 174
118 411
231 79
79 463
411 463
174 463
190 81
82 460
81 82
377 83
84 176
83 84
430 84
102 290
290 85
464 96
189 86
86 464
235 516
337 88
320 87
88 235
308 235
87 235
247 89
90 356
89 90
271 199
92 194
91 92
199 92
507 223
93 499
223 499
501 94
193 479
298 207
479 298
94 298
501 95
97 109
97 410
97 198
95 97
96 97
389 455
98 527
98 500
98 204
455 98
152 415
525 347
525 404
415 525
171 100
100 190
342 101
115 427
101 115
147 286
286 102
482 103
103 105
104 105
393 370
393 329
393 390
291 107
107 393
322 112
108 316
112 108
168 108
219 352
109 219
527 219
524 164
435 432
269 355
432 524
355 524
416 159
282 523
249 521
523 416
521 416
278 140
269 519
419 118
519 118
140 118
435 509
435 303
435 425
435 386
435 327
169 516
169 218
169 435
138 121
213 373
121 180
373 180
511 299
381 514
526 313
514 511
486 511
313 511
245 508
508 505
173 328
275 187
275 311
328 275
504 467
504 350
504 450
193 431
431 504
273 369
526 503
502 134
276 502
369 502
503 502
126 166
166 440
387 513
288 307
379 428
513 379
307 379
501 224
509 501
481 501
281 413
240 281
500 281
337 477
477 470
497 470
260 388
260 161
495 260
443 492
163 365
193 493
492 289
365 289
493 289
401 490
291 489
490 487
489 487
375 208
483 172
208 483
485 483
482 243
187 482
360 480
442 165
480 442
175 442
515 353
478 515
155 494
475 471
494 475
526 472
472 249
291 469
443 518
326 167
469 167
159 167
518 167
209 454
287 402
468 170
164 468
402 468
454 468
389 182
389 368
210 484
484 389
303 360
467 360
173 301
406 466
427 466
427 465
427 173
273 449
273 222
399 461
461 273
120 273
163 215
526 139
438 163
139 163
189 256
256 375
460 375
459 375
227 457
456 265
336 456
457 456
253 453
453 451
445 510
124 447
449 445
447 445
443 385
443 325
224 443
345 441
210 226
441 436
226 436
429 212
399 434
434 429
398 424
145 202
425 145
424 145
439 421
439 197
439 318
243 439
323 422
412 230
410 412
413 412
422 412
421 412
300 408
344 392
296 343
392 406
343 406
408 406
407 406
337 405
403 374
405 403
323 331
301 401
331 401
200 400
400 217
391 205
257 396
394 391
397 391
396 391
162 387
388 387
323 384
383 154
385 383
384 383
382 381
147 380
378 263
380 378
296 242
374 296
370 296
361 362
363 361
359 264
248 359
428 359
262 358
338 130
358 130
356 155
227 354
349 292
291 116
116 349
350 349
354 349
352 349
347 245
526 113
526 496
526 128
305 178
420 178
420 142
420 526
119 367
333 277
277 119
113 119
202 119
282 110
110 210
263 200
269 334
334 398
395 398
123 126
283 126
122 126
127 305
366 129
186 129
323 254
131 377
254 377
138 135
134 138
207 231
215 231
141 124
157 124
330 171
239 191
172 239
132 239
148 236
265 148
143 148
247 146
146 342
404 147
510 153
183 153
149 153
269 272
272 304
156 158
154 156
264 156
182 188
158 188
278 258
161 278
170 507
165 507
367 507
221 364
196 221
242 221
176 221
195 177
332 213
177 213
309 189
496 189
191 257
194 257
197 227
241 201
135 320
306 320
201 320
128 287
386 287
314 259
259 271
346 345
314 339
339 241
266 241
253 335
137 337
335 337
250 251
341 251
274 225
232 274
325 344
329 344
368 344
282 203
288 111
333 214
222 322
203 322
111 322
214 322
151 351
351 152
299 262
216 262
204 246
317 237
316 317
318 317
362 317
353 317
327 314
198 300
390 300
450 300
311 300
205 233
324 209
212 209
471 151
258 195
211 253
323 279
279 288
225 364
225 295
225 282
