528 665
0 50 40
1 5 10
2 8 7
3 9 6
4 9 8
5 6 6
6 40 20
7 8 7
8 5 6
9 9 7
10 5 7
11 20 20
12 10 10
13 40 50
14 6 5
15 40 50
16 20 30
17 20 40
18 7 6
19 7 8
20 40 40
21 8 5
22 50 50
23 5 8
24 40 50
25 5 9
26 30 50
27 6 9
28 5 5
29 8 9
30 10 9
31 9 9
32 9 10
33 50 40
34 20 20
35 9 9
36 8 7
37 5 5
38 7 6
39 6 5
40 6 5
41 8 5
42 40 50
43 9 9
44 7 9
45 40 30
46 9 9
47 40 30
48 5 10
49 9 5
50 40 50
51 50 40
52 10 9
53 30 30
54 8 10
55 5 6
56 7 5
57 9 8
58 7 9
59 10 8
60 8 8
61 5 8
62 9 9
63 7 9
64 40 40
65 7 10
66 40 50
67 8 6
68 20 50
69 7 7
70 10 9
71 50 20
72 8 9
73 7 9
74 30 20
75 50 50
76 6 7
77 10 5
78 50 20
79 5 5
80 50 20
81 5 5
82 7 5
83 40 50
84 9 5
85 20 30
86 8 7
87 40 20
88 9 6
89 6 7
90 9 8
91 6 8
92 9 7
93 10 6
94 8 8
95 10 6
96 30 20
97 9 9
98 5 10
99 7 5
100 7 5
101 40 30
102 10 5
103 7 6
104 10 10
105 6 6
106 8 10
107 30 50
108 7 5
109 7 5
110 7 6
111 8 8
112 6 8
113 9 9
114 9 8
115 10 6
116 5 8
117 8 6
118 10 5
119 6 8
120 7 10
121 9 7
122 7 7
123 40 50
124 9 10
125 8 7
126 20 20
127 8 7
128 6 8
129 7 10
130 10 7
131 9 5
132 5 8
133 20 40
134 20 40
135 40 40
136 5 9
137 9 7
138 6 10
139 7 9
140 50 40
141 9 9
142 8 8
143 10 10
144 7 10
145 7 7
146 7 10
147 6 10
148 50 50
149 50 30
150 8 8
151 6 5
152 50 40
153 20 20
154 10 9
155 9 10
156 50 40
157 6 9
158 8 5
159 10 5
160 20 30
161 50 30
162 6 5
163 30 30
164 20 20
165 10 5
166 40 50
167 40 40
168 50 50
169 30 30
170 8 8
171 5 10
172 7 6
173 9 5
174 10 5
175 30 30
176 7 7
177 7 7
178 20 30
179 9 6
180 40 30
181 7 8
182 10 9
183 5 10
184 5 8
185 30 40
186 6 9
187 8 10
188 6 8
189 8 8
190 50 30
191 9 6
192 10 10
193 6 6
194 30 30
195 40 20
196 5 5
197 6 7
198 8 9
199 20 50
200 5 9
201 8 8
202 5 5
203 5 5
204 40 40
205 6 7
206 7 8
207 5 10
208 7 8
209 20 20
210 8 9
211 6 8
212 40 50
213 7 9
214 6 5
215 7 6
216 10 10
217 6 5
218 7 8
219 6 7
220 6 5
221 9 7
222 8 8
223 50 20
224 10 7
225 6 6
226 6 8
227 8 9
228 10 8
229 30 30
230 6 5
231 20 50
232 8 9
233 5 9
234 50 40
235 10 5
236 7 5
237 40 50
238 10 6
239 8 10
240 9 5
241 20 50
242 8 7
243 5 8
244 6 8
245 9 7
246 40 30
247 40 50
248 10 9
249 20 20
250 8 6
251 5 5
252 30 30
253 6 10
254 40 40
255 8 8
256 40 30
257 30 40
258 8 6
259 5 8
260 40 30
261 40 30
262 7 8
263 40 40
264 8 8
265 6 6
266 9 6
267 6 9
268 9 6
269 9 8
270 50 50
271 8 5
272 30 40
273 9 7
274 6 7
275 6 10
276 5 7
277 8 7
278 8 6
279 6 10
280 40 50
281 5 10
282 40 50
283 10 5
284 6 6
285 20 20
286 5 7
287 6 9
288 40 20
289 40 20
290 30 30
291 9 7
292 8 6
293 50 40
294 8 9
295 7 10
296 40 30
297 9 10
298 7 10
299 5 7
300 6 9
301 50 30
302 8 6
303 8 10
304 9 6
305 5 7
306 6 9
307 8 7
308 20 20
309 8 9
310 7 5
311 10 10
312 20 20
313 5 8
314 30 40
315 6 9
316 20 20
317 9 9
318 9 9
319 10 7
320 5 5
321 7 8
322 50 50
323 30 20
324 6 6
325 10 6
326 8 10
327 50 50
328 10 6
329 8 7
330 6 6
331 40 30
332 6 9
333 9 7
334 5 7
335 5 9
336 5 5
337 7 6
338 9 7
339 6 7
340 20 50
341 20 30
342 6 6
343 5 6
344 9 8
345 10 9
346 9 5
347 6 9
348 7 6
349 9 6
350 30 30
351 6 8
352 9 6
353 5 7
354 10 7
355 40 20
356 30 30
357 6 9
358 40 30
359 8 9
360 6 9
361 8 9
362 50 40
363 40 40
364 9 7
365 10 8
366 20 20
367 7 9
368 9 8
369 7 10
370 30 50
371 7 7
372 7 5
373 8 7
374 6 7
375 6 7
376 5 9
377 30 40
378 5 7
379 50 20
380 7 6
381 9 7
382 9 6
383 6 5
384 5 8
385 8 7
386 9 8
387 7 5
388 40 40
389 5 8
390 50 20
391 10 10
392 5 5
393 10 5
394 9 9
395 9 10
396 9 6
397 6 10
398 9 8
399 5 10
400 30 20
401 8 8
402 10 7
403 6 5
404 50 40
405 8 8
406 6 10
407 10 7
408 7 9
409 20 50
410 5 5
411 9 5
412 6 8
413 10 9
414 50 50
415 5 6
416 8 6
417 30 40
418 20 50
419 20 30
420 10 5
421 9 9
422 7 5
423 8 8
424 5 9
425 20 40
426 40 20
427 5 7
428 5 10
429 9 6
430 5 7
431 20 50
432 10 7
433 8 6
434 5 8
435 50 20
436 6 6
437 5 7
438 30 30
439 8 7
440 6 6
441 5 5
442 8 8
443 7 6
444 20 20
445 7 8
446 20 30
447 10 10
448 5 10
449 6 7
450 6 9
451 9 8
452 9 7
453 50 30
454 5 7
455 20 30
456 8 8
457 5 8
458 6 7
459 10 7
460 8 6
461 9 10
462 8 10
463 8 10
464 40 30
465 9 6
466 30 20
467 9 5
468 50 40
469 7 9
470 6 10
471 5 5
472 10 6
473 5 9
474 50 30
475 8 8
476 50 50
477 40 20
478 30 50
479 5 9
480 5 5
481 9 5
482 20 40
483 5 5
484 10 5
485 5 6
486 7 8
487 50 30
488 5 5
489 10 7
490 5 10
491 5 6
492 6 8
493 20 30
494 10 5
495 9 10
496 8 10
497 50 40
498 10 8
499 10 10
500 5 10
501 5 10
502 5 9
503 40 50
504 40 20
505 6 8
506 8 9
507 5 10
508 6 5
509 6 10
510 40 40
511 50 50
512 8 9
513 10 8
514 9 5
515 50 20
516 9 6
517 6 9
518 50 20
519 8 8
520 10 6
521 20 40
522 10 10
523 10 6
524 9 6
525 10 8
526 9 5
527 9 6
291 15
193 106
426 240
15 426
106 426
2 133
416 1
298 0
0 2
1 2
85 3
4 232
3 4
190 517
526 244
234 37
244 234
517 234
228 497
129 285
443 348
348 228
285 228
6 266
249 5
5 6
393 433
246 7
8 143
26 64
64 8
433 8
7 8
12 127
414 11
463 10
33 9
11 12
9 12
10 12
440 473
13 330
376 160
512 14
14 473
14 267
14 13
125 44
125 276
125 141
333 16
16 125
18 36
381 17
17 18
20 341
502 19
40 293
293 20
19 20
288 423
291 302
520 32
520 357
520 308
423 520
302 520
451 117
252 430
133 252
117 252
147 21
55 420
21 55
23 419
23 346
464 22
22 23
505 24
24 512
501 25
105 184
184 26
25 26
27 61
27 478
27 338
27 132
314 179
179 27
171 261
526 28
29 48
29 175
29 306
261 29
28 29
269 506
399 30
31 459
506 31
30 31
33 114
33 397
33 283
32 33
185 407
470 448
323 34
34 185
448 185
393 458
195 297
474 168
389 35
35 474
458 474
297 474
38 91
38 216
36 38
37 38
82 452
319 486
319 495
452 319
40 157
314 39
39 40
53 41
45 77
136 162
77 136
41 136
381 42
43 93
43 104
43 326
43 438
43 248
43 131
43 137
43 250
42 43
429 315
526 488
488 45
315 45
44 45
499 46
130 491
47 122
491 47
46 47
522 485
381 476
48 522
476 522
439 192
219 312
393 462
49 284
280 50
50 49
462 49
192 49
312 49
337 51
180 80
150 206
80 150
357 150
51 150
435 144
526 52
53 332
144 53
52 53
171 54
418 120
418 395
54 418
57 481
57 324
171 56
56 57
189 59
291 58
60 366
58 60
59 60
62 149
304 99
99 62
61 62
153 229
289 63
65 181
229 65
63 65
376 67
68 382
68 309
233 66
475 69
69 66
69 255
69 68
443 310
436 268
71 196
487 70
70 71
310 71
268 71
173 437
282 72
238 186
238 211
72 238
437 238
414 446
371 220
181 371
114 371
446 371
217 444
73 169
444 73
376 498
376 417
376 270
376 340
409 294
294 376
414 394
414 123
451 321
321 414
188 75
167 74
76 336
74 76
75 76
372 363
372 183
345 78
78 372
251 174
118 411
231 79
79 463
411 463
174 463
190 81
82 460
81 82
377 83
84 176
83 84
430 84
102 290
290 85
464 96
189 86
86 464
235 516
337 88
320 87
88 235
308 235
87 235
247 89
90 356
89 90
271 199
92 194
91 92
199 92
507 223
93 499
223 499
501 94
193 479
298 207
479 298
94 298
501 95
97 109
97 410
97 198
95 97
96 97
389 455
98 527
98 500
98 204
455 98
152 415
525 347
525 404
415 525
171 100
100 190
342 101
115 427
101 115
147 286
286 102
482 103
103 105
104 105
393 370
393 329
393 390
291 107
107 393
322 112
108 316
112 108
168 108
219 352
109 219
527 219
524 164
435 432
269 355
432 524
355 524
416 159
282 523
249 521
523 416
521 416
278 140
269 519
419 118
519 118
140 118
435 509
435 303
435 425
435 386
435 327
169 516
169 218
169 435
138 121
213 373
121 180
373 180
511 299
381 514
526 313
514 511
486 511
313 511
245 508
508 505
173 328
275 187
275 311
328 275
504 467
504 350
504 450
193 431
431 504
273 369
526 503
502 134
276 502
369 502
503 502
126 166
166 440
387 513
288 307
379 428
513 379
307 379
501 224
509 501
481 501
281 413
240 281
500 281
337 477
477 470
497 470
260 388
260 161
495 260
443 492
163 365
193 493
492 289
365 289
493 289
401 490
291 489
490 487
489 487
375 208
483 172
208 483
485 483
482 243
187 482
360 480
442 165
480 442
175 442
515 353
478 515
155 494
475 471
494 475
526 472
472 249
291 469
443 518
326 167
469 167
159 167
518 167
209 454
287 402
468 170
164 468
402 468
454 468
389 182
389 368
210 484
484 389
303 360
467 360
173 301
406 466
427 466
427 465
427 173
273 449
273 222
399 461
461 273
120 273
163 215
526 139
438 163
139 163
189 256
256 375
460 375
459 375
227 457
456 265
336 456
457 456
253 453
453 451
445 510
124 447
449 445
447 445
443 385
443 325
224 443
345 441
210 226
441 436
226 436
429 212
399 434
434 429
398 424
145 202
425 145
424 145
439 421
439 197
439 318
243 439
323 422
412 230
410 412
413 412
422 412
421 412
300 408
344 392
296 343
392 406
343 406
408 406
407 406
337 405
403 374
405 403
323 331
301 401
331 401
200 400
400 217
391 205
257 396
394 391
397 391
396 391
162 387
388 387
323 384
383 154
385 383
384 383
382 381
147 380
378 263
380 378
296 242
374 296
370 296
361 362
363 361
359 264
248 359
428 359
262 358
338 130
358 130
356 155
227 354
349 292
291 116
116 349
350 349
354 349
352 349
347 245
526 113
526 496
526 128
305 178
420 178
420 142
420 526
119 367
333 277
277 119
113 119
202 119
282 110
110 210
263 200
269 334
334 398
395 398
123 126
283 126
122 126
127 305
366 129
186 129
323 254
131 377
254 377
138 135
134 138
207 231
215 231
141 124
157 124
330 171
239 191
172 239
132 239
148 236
265 148
143 148
247 146
146 342
404 147
510 153
183 153
149 153
269 272
272 304
156 158
154 156
264 156
182 188
158 188
278 258
161 278
170 507
165 507
367 507
221 364
196 221
242 221
176 221
195 177
332 213
177 213
309 189
496 189
191 257
194 257
197 227
241 201
135 320
306 320
201 320
128 287
386 287
314 259
259 271
346 345
314 339
339 241
266 241
253 335
137 337
335 337
250 251
341 251
274 225
232 274
325 344
329 344
368 344
282 203
288 111
333 214
222 322
203 322
111 322
214 322
151 351
351 152
299 262
216 262
204 246
317 237
316 317
318 317
362 317
353 317
327 314
198 300
390 300
450 300
311 300
205 233
324 209
212 209
471 151
258 195
211 253
323 279
279 288
225 364
225 295
225 282
