626 752
0 128 32
1 16 32
2 256 1024
3 128 128
4 2048 512
5 64 128
6 128 128
7 1024 2048
8 256 256
9 512 512
10 2048 1024
11 16 128
12 8 64
13 256 256
14 4 8
15 64 32
16 64 16
17 128 128
18 64 16
19 64 16
20 128 4
21 128 8
22 128 128
23 16 32
24 512 1024
25 256 256
26 16 8
27 64 128
28 16 32
29 16 128
30 512 512
31 64 8
32 8 16
33 4 128
34 4 8
35 4 128
36 128 16
37 32 8
38 16 4
39 8 4
40 128 128
41 32 4
42 16 128
43 64 4
44 2048 1024
45 32 4
46 8 32
47 128 32
48 4 128
49 16 64
50 2048 2048
51 32 32
52 8 64
53 2048 512
54 4 128
55 2048 1024
56 1024 512
57 128 64
58 512 1024
59 8 64
60 32 8
61 8 32
62 1024 2048
63 4 16
64 64 16
65 16 128
66 2048 256
67 1024 512
68 8 128
69 512 1024
70 2048 256
71 4 8
72 16 128
73 8 4
74 2048 2048
75 1024 256
76 512 2048
77 16 64
78 1024 256
79 1024 2048
80 8 128
81 16 4
82 8 64
83 512 1024
84 1024 2048
85 512 2048
86 2048 1024
87 256 1024
88 512 1024
89 1024 512
90 256 512
91 16 16
92 256 512
93 16 8
94 8 16
95 16 8
96 128 8
97 16 128
98 64 128
99 16 64
100 64 32
101 32 32
102 1024 512
103 256 512
104 64 64
105 16 128
106 256 1024
107 128 8
108 16 128
109 16 4
110 8 128
111 128 64
112 2048 2048
113 128 64
114 4 4
115 256 512
116 128 64
117 256 512
118 128 8
119 256 256
120 4 16
121 4 128
122 16 64
123 4 64
124 8 64
125 4 128
126 128 128
127 256 512
128 128 16
129 128 128
130 256 512
131 32 64
132 32 64
133 1024 256
134 512 512
135 4 32
136 16 128
137 16 16
138 512 512
139 1024 256
140 128 4
141 8 128
142 256 512
143 256 1024
144 128 4
145 2048 1024
146 64 128
147 16 16
148 1024 2048
149 16 16
150 8 64
151 8 64
152 128 4
153 32 64
154 2048 256
155 256 512
156 256 256
157 1024 2048
158 128 32
159 32 32
160 256 1024
161 32 4
162 128 128
163 8 8
164 64 32
165 64 8
166 128 64
167 8 4
168 2048 1024
169 8 64
170 256 256
171 2048 1024
172 128 128
173 4 64
174 64 16
175 64 32
176 8 128
177 256 512
178 8 128
179 4 16
180 32 32
181 4 8
182 16 128
183 128 64
184 32 8
185 32 128
186 1024 2048
187 2048 1024
188 16 8
189 8 4
190 2048 256
191 2048 256
192 4 32
193 256 2048
194 64 8
195 8 64
196 128 4
197 16 4
198 16 4
199 16 128
200 4 32
201 256 512
202 8 8
203 64 16
204 128 8
205 16 4
206 2048 512
207 1024 2048
208 16 32
209 256 1024
210 8 64
211 8 128
212 1024 2048
213 512 256
214 64 32
215 256 256
216 256 1024
217 4 4
218 8 16
219 4 32
220 1024 512
221 2048 256
222 256 256
223 2048 256
224 1024 512
225 32 4
226 64 64
227 16 64
228 128 32
229 1024 512
230 64 64
231 512 2048
232 8 8
233 256 256
234 8 8
235 256 2048
236 512 256
237 64 64
238 4 8
239 16 4
240 4 16
241 16 8
242 256 256
243 16 64
244 64 32
245 1024 256
246 2048 2048
247 32 32
248 4 64
249 512 512
250 64 8
251 16 128
252 2048 256
253 2048 256
254 32 64
255 2048 1024
256 64 64
257 8 16
258 4 32
259 16 128
260 4 128
261 4 128
262 256 1024
263 32 32
264 128 64
265 64 64
266 512 1024
267 128 32
268 512 256
269 256 1024
270 256 2048
271 128 64
272 32 4
273 4 4
274 16 64
275 8 8
276 2048 512
277 8 128
278 256 256
279 1024 256
280 256 2048
281 8 16
282 128 16
283 128 64
284 32 128
285 4 32
286 8 16
287 64 64
288 2048 512
289 16 128
290 64 16
291 8 8
292 8 32
293 32 64
294 64 64
295 128 4
296 8 8
297 2048 512
298 128 4
299 1024 256
300 64 64
301 4 32
302 32 128
303 32 8
304 4 4
305 8 8
306 256 1024
307 8 8
308 16 16
309 4 8
310 16 32
311 16 128
312 1024 2048
313 1024 1024
314 32 64
315 4 32
316 32 128
317 16 8
318 2048 1024
319 64 8
320 128 16
321 64 64
322 32 16
323 4 8
324 128 8
325 8 4
326 32 64
327 16 16
328 32 8
329 2048 256
330 2048 512
331 128 128
332 256 256
333 64 8
334 8 64
335 8 128
336 128 16
337 128 128
338 64 128
339 4 4
340 16 4
341 256 2048
342 4 32
343 16 8
344 512 256
345 16 16
346 1024 256
347 16 8
348 1024 512
349 2048 512
350 128 128
351 512 2048
352 128 32
353 32 64
354 2048 256
355 32 128
356 32 32
357 8 4
358 256 512
359 8 4
360 256 1024
361 64 64
362 16 64
363 512 2048
364 32 4
365 128 4
366 32 128
367 256 256
368 512 1024
369 4 64
370 64 32
371 256 256
372 4 64
373 16 32
374 4 128
375 512 256
376 1024 2048
377 32 32
378 512 1024
379 32 64
380 16 8
381 16 64
382 512 256
383 2048 256
384 64 128
385 32 64
386 4 32
387 128 64
388 1024 256
389 1024 256
390 512 2048
391 32 128
392 4 4
393 1024 2048
394 4 4
395 16 32
396 128 64
397 4 16
398 64 32
399 4 128
400 32 64
401 32 4
402 128 32
403 512 256
404 32 64
405 2048 256
406 8 128
407 512 1024
408 8 8
409 1024 2048
410 512 512
411 128 128
412 256 256
413 32 128
414 4 8
415 16 16
416 64 64
417 128 4
418 32 4
419 16 16
420 2048 256
421 2048 512
422 4 16
423 256 256
424 1024 256
425 32 32
426 32 16
427 4 128
428 16 64
429 128 8
430 64 128
431 512 1024
432 16 128
433 64 16
434 32 8
435 32 128
436 8 64
437 4 32
438 512 256
439 2048 1024
440 16 16
441 64 128
442 2048 2048
443 4 8
444 64 128
445 128 4
446 1024 2048
447 512 1024
448 2048 256
449 8 16
450 4 128
451 256 2048
452 128 128
453 64 8
454 4 64
455 4 4
456 128 32
457 16 128
458 64 128
459 16 128
460 64 128
461 1024 256
462 8 64
463 1024 256
464 1024 256
465 128 4
466 256 2048
467 1024 256
468 128 32
469 128 4
470 1024 256
471 16 8
472 64 128
473 128 64
474 256 256
475 64 64
476 8 8
477 2048 1024
478 64 16
479 4 8
480 32 128
481 64 128
482 8 4
483 32 32
484 128 16
485 8 32
486 4 32
487 4 16
488 2048 2048
489 4 4
490 32 128
491 8 128
492 32 8
493 512 512
494 128 32
495 64 64
496 16 64
497 8 8
498 2048 2048
499 32 8
500 1024 256
501 512 256
502 2048 2048
503 1024 256
504 32 64
505 128 8
506 16 4
507 64 32
508 512 1024
509 32 4
510 16 16
511 4 4
512 4 4
513 8 4
514 64 16
515 2048 2048
516 4 8
517 128 32
518 4 8
519 64 128
520 32 16
521 128 64
522 128 16
523 8 32
524 4 64
525 16 64
526 512 256
527 32 32
528 4 4
529 32 4
530 512 1024
531 128 4
532 2048 1024
533 256 512
534 32 4
535 256 2048
536 1024 512
537 64 128
538 16 4
539 4 4
540 64 32
541 8 64
542 512 512
543 16 128
544 16 64
545 16 64
546 32 32
547 128 64
548 256 256
549 512 256
550 512 1024
551 1024 2048
552 32 64
553 4 128
554 128 32
555 16 32
556 256 256
557 64 8
558 128 32
559 64 32
560 256 2048
561 16 32
562 512 256
563 8 16
564 32 16
565 2048 256
566 16 64
567 128 32
568 64 64
569 2048 256
570 512 1024
571 1024 2048
572 128 32
573 8 64
574 512 2048
575 4 16
576 2048 1024
577 8 64
578 8 32
579 2048 2048
580 32 4
581 8 4
582 2048 1024
583 8 32
584 64 8
585 64 128
586 64 64
587 32 16
588 16 128
589 2048 1024
590 4 128
591 1024 1024
592 16 16
593 2048 256
594 2048 1024
595 32 64
596 8 128
597 256 1024
598 512 1024
599 1024 512
600 4 64
601 128 128
602 64 128
603 16 64
604 16 16
605 128 64
606 2048 512
607 8 64
608 8 128
609 128 128
610 128 64
611 32 8
612 64 128
613 64 128
614 64 128
615 1024 1024
616 16 32
617 32 64
618 1024 256
619 64 4
620 4 4
621 4 32
622 1024 2048
623 512 512
624 128 32
625 512 512
505 35
505 514
505 595
505 342
505 433
64 246
246 505
0 538
0 120
0 460
0 322
0 450
0 354
111 137
137 0
117 29
1 559
1 234
29 1
550 599
338 469
97 271
375 2
2 97
469 97
599 97
502 3
4 592
3 4
446 303
180 267
6 171
267 6
303 6
258 582
372 5
294 346
61 7
7 582
7 487
7 294
550 547
349 8
9 590
547 9
8 9
571 306
79 567
479 443
455 10
306 79
443 79
10 79
290 126
409 560
11 100
11 356
126 11
560 11
75 307
58 405
307 58
616 36
12 449
12 509
36 12
424 103
406 492
103 406
134 265
446 548
446 213
265 446
479 13
14 42
14 413
13 14
67 587
67 388
144 578
578 67
524 532
510 542
134 315
134 289
542 134
532 134
204 27
204 240
346 204
127 15
364 472
15 364
16 533
45 84
84 16
154 198
17 208
198 17
201 327
70 158
327 70
129 226
608 18
19 261
226 19
18 19
20 21
20 411
114 150
150 20
211 495
64 347
22 50
21 22
347 22
495 22
374 23
24 181
23 24
26 556
584 25
25 26
227 312
227 614
227 498
27 227
567 227
451 299
28 397
299 28
51 416
30 60
30 569
416 30
116 475
370 395
475 370
332 431
535 574
139 31
31 608
574 608
431 608
53 32
81 282
32 81
538 81
508 33
34 444
33 34
235 615
235 606
35 235
211 37
38 62
37 38
53 40
504 39
244 167
39 244
40 244
571 107
41 43
107 41
44 613
42 44
43 44
486 131
45 56
131 45
270 236
46 579
46 186
236 46
180 272
584 47
461 501
47 461
272 461
522 575
48 428
180 224
224 48
575 48
535 281
513 49
351 157
332 309
50 351
309 351
49 351
281 351
422 311
311 51
384 549
52 410
286 540
549 52
540 52
53 515
251 358
358 53
199 54
336 264
54 336
249 365
55 57
365 55
174 296
59 165
296 59
56 59
57 59
60 61
68 112
63 544
112 63
62 63
64 185
64 439
493 447
447 64
94 65
78 66
68 232
65 68
66 68
71 392
291 288
418 69
288 71
69 71
231 554
612 72
251 136
72 251
554 251
539 73
74 564
74 398
73 74
75 527
564 75
372 76
78 480
78 220
477 561
561 590
561 77
561 78
203 80
372 177
82 175
82 176
82 216
429 83
83 80
83 140
83 82
211 124
249 119
249 130
124 249
565 85
372 160
221 536
221 576
158 85
158 396
158 221
403 86
426 218
93 259
86 93
218 93
617 148
391 419
148 391
378 596
372 557
385 353
598 88
88 596
88 385
88 87
89 600
89 506
89 381
384 318
318 89
312 89
471 490
490 617
117 90
91 594
90 91
297 92
92 94
114 96
612 95
98 152
98 512
95 98
96 98
254 99
585 326
585 478
99 585
163 145
510 528
528 163
100 163
101 253
492 101
168 135
493 102
102 168
360 153
301 242
153 301
558 104
432 521
214 263
104 432
613 432
263 432
233 108
316 331
516 106
141 105
108 316
105 316
106 316
436 109
372 110
253 109
253 591
253 111
319 138
127 190
127 192
138 127
247 113
113 114
369 115
116 304
115 116
304 117
390 423
118 255
423 118
188 293
119 188
120 188
184 121
121 516
338 278
155 122
123 202
122 123
278 123
145 123
565 125
456 128
129 621
125 129
128 129
132 313
132 589
173 285
130 132
285 132
408 133
359 445
359 454
133 359
211 462
136 139
462 139
135 139
252 529
600 141
529 141
151 142
372 209
422 146
146 142
146 143
146 144
268 149
550 147
338 421
149 151
421 151
147 151
152 513
185 513
471 425
425 154
507 562
562 155
313 550
156 317
410 156
615 156
372 159
161 345
284 162
162 157
162 161
162 407
493 517
297 164
164 493
166 191
237 618
165 166
514 166
618 166
499 169
170 400
167 170
169 170
619 273
344 172
172 173
273 173
171 173
180 325
325 174
290 223
290 256
184 333
175 290
333 290
570 625
623 404
176 623
625 623
178 373
400 178
621 178
457 229
229 619
422 624
624 616
558 182
558 488
217 219
614 558
219 558
372 489
612 279
612 412
612 189
194 586
586 271
586 193
586 612
609 260
326 609
372 607
479 383
371 543
464 583
583 543
583 603
583 479
571 602
214 580
214 468
383 214
602 214
275 525
525 436
606 436
605 577
605 310
455 620
620 605
250 604
604 598
415 324
474 503
324 474
357 593
449 357
482 330
379 597
512 482
533 482
597 482
491 320
518 280
320 518
430 485
259 430
595 430
589 430
179 531
531 584
587 584
460 584
212 610
467 581
572 555
182 212
555 212
581 212
280 508
580 572
577 572
231 210
247 341
210 247
372 551
593 521
593 573
593 571
569 250
499 568
295 566
568 565
566 565
372 452
395 610
395 563
395 455
559 451
486 380
553 463
556 553
380 553
507 401
548 507
448 546
546 504
544 504
216 418
319 541
539 300
539 355
541 539
297 537
535 500
537 535
536 535
225 348
372 534
570 302
570 438
594 348
594 417
594 570
530 207
397 530
527 270
194 368
368 415
184 440
481 526
526 524
440 524
362 523
523 429
180 520
515 295
517 295
322 295
520 295
437 511
511 510
509 502
501 499
500 499
496 335
264 496
497 386
498 497
441 494
491 337
494 491
486 239
576 486
372 483
458 376
394 552
552 485
552 241
552 458
404 481
506 481
180 420
180 262
480 180
478 477
257 206
211 476
476 268
206 268
444 201
472 471
467 459
468 467
310 467
200 465
465 464
457 519
279 457
315 457
456 195
302 456
337 362
341 522
519 522
211 453
332 276
276 448
453 448
450 448
230 366
445 230
372 361
343 238
419 191
419 343
419 183
484 228
179 243
412 179
228 179
181 254
372 266
363 350
398 373
398 601
398 363
233 329
233 248
217 427
401 233
427 233
622 308
308 275
354 275
439 217
252 222
367 187
187 252
387 245
387 545
189 387
190 369
192 194
196 442
223 196
195 196
454 199
242 200
372 298
208 202
208 205
208 437
388 211
184 339
222 184
381 184
338 393
342 338
213 426
411 426
297 215
332 323
215 332
220 332
329 225
442 225
356 225
300 374
231 466
484 588
588 231
232 379
243 237
420 237
239 237
305 377
240 305
459 305
403 611
611 344
372 399
372 402
372 334
372 283
328 292
292 372
248 203
392 203
256 203
403 340
262 257
245 257
340 257
376 484
234 441
488 371
413 371
277 287
287 319
352 473
473 394
355 422
335 390
433 349
428 349
269 382
382 331
382 197
382 367
405 408
403 470
545 375
470 375
438 409
466 403
289 403
579 269
414 434
503 330
503 414
503 435
366 284
377 258
393 258
386 258
592 424
260 352
321 389
207 261
207 274
207 321
186 360
255 317
255 314
255 384
339 291
463 378
293 378
282 378
323 378
