626 752
0 6 9
1 50 30
2 30 20
3 5 7
4 10 6
5 7 7
6 10 6
7 7 6
8 8 9
9 5 10
10 50 40
11 7 6
12 9 5
13 9 5
14 20 50
15 20 40
16 8 5
17 5 5
18 7 9
19 6 6
20 30 50
21 50 50
22 10 9
23 50 50
24 8 7
25 9 10
26 5 10
27 40 50
28 9 10
29 10 10
30 10 6
31 5 10
32 50 50
33 5 9
34 40 50
35 9 6
36 20 50
37 10 9
38 30 40
39 9 10
40 20 50
41 5 8
42 50 20
43 50 30
44 10 7
45 5 6
46 6 9
47 8 10
48 30 30
49 6 5
50 50 40
51 7 6
52 5 7
53 20 20
54 10 9
55 40 40
56 30 50
57 9 10
58 9 7
59 8 9
60 50 50
61 7 9
62 7 8
63 8 6
64 8 9
65 9 10
66 20 30
67 40 50
68 8 5
69 10 6
70 30 50
71 6 8
72 20 50
73 30 30
74 7 5
75 10 6
76 7 7
77 7 8
78 8 9
79 7 5
80 5 7
81 6 6
82 9 6
83 7 7
84 40 40
85 9 5
86 7 10
87 10 5
88 7 6
89 40 40
90 5 10
91 7 10
92 10 8
93 9 8
94 8 5
95 5 7
96 20 30
97 8 8
98 8 6
99 9 8
100 6 9
101 50 50
102 6 6
103 9 8
104 8 5
105 8 8
106 6 9
107 50 20
108 5 6
109 50 40
110 7 9
111 20 40
112 9 5
113 6 5
114 9 6
115 5 9
116 20 40
117 6 8
118 10 6
119 50 30
120 6 5
121 6 8
122 50 40
123 10 9
124 10 10
125 6 5
126 40 40
127 9 9
128 5 7
129 6 9
130 6 10
131 20 40
132 9 9
133 10 7
134 6 5
135 6 5
136 6 8
137 50 20
138 6 7
139 5 6
140 20 40
141 6 7
142 10 10
143 5 8
144 8 9
145 20 50
146 40 20
147 7 8
148 7 6
149 9 6
150 9 7
151 40 40
152 6 6
153 6 7
154 10 5
155 6 8
156 9 5
157 6 9
158 8 9
159 40 40
160 8 9
161 6 6
162 7 8
163 8 7
164 6 7
165 50 50
166 5 8
167 10 7
168 7 7
169 6 8
170 7 6
171 30 50
172 30 30
173 7 7
174 9 10
175 30 20
176 30 50
177 20 30
178 9 10
179 30 40
180 9 7
181 10 6
182 30 40
183 9 7
184 50 50
185 5 10
186 40 50
187 6 7
188 5 7
189 10 8
190 7 6
191 40 50
192 5 7
193 10 8
194 30 40
195 20 40
196 6 6
197 40 20
198 30 40
199 9 7
200 40 20
201 20 20
202 8 6
203 6 5
204 6 10
205 9 7
206 9 5
207 30 40
208 7 10
209 8 9
210 9 9
211 6 9
212 8 5
213 5 10
214 30 30
215 20 50
216 10 7
217 20 50
218 40 30
219 6 5
220 9 10
221 9 6
222 7 6
223 5 9
224 20 20
225 10 8
226 7 9
227 5 6
228 6 5
229 20 40
230 6 9
231 30 50
232 5 6
233 6 9
234 5 10
235 9 5
236 6 10
237 30 20
238 9 5
239 30 30
240 20 20
241 9 7
242 5 9
243 5 8
244 5 8
245 8 6
246 8 7
247 20 50
248 9 8
249 30 50
250 5 6
251 10 10
252 6 5
253 20 20
254 30 30
255 40 50
256 8 7
257 7 10
258 10 8
259 9 6
260 10 10
261 7 10
262 20 50
263 7 5
264 8 5
265 20 50
266 5 8
267 10 8
268 50 30
269 7 7
270 9 10
271 20 50
272 10 8
273 5 9
274 20 20
275 7 7
276 8 6
277 40 40
278 10 7
279 9 10
280 40 40
281 20 30
282 40 50
283 9 5
284 5 10
285 7 8
286 6 8
287 7 5
288 8 6
289 30 50
290 8 9
291 30 20
292 40 40
293 6 7
294 30 50
295 50 30
296 7 9
297 7 6
298 8 8
299 9 8
300 8 5
301 50 40
302 6 9
303 9 5
304 30 40
305 7 5
306 10 8
307 5 10
308 6 10
309 40 40
310 10 7
311 9 10
312 50 20
313 6 9
314 30 20
315 10 5
316 40 50
317 50 30
318 8 6
319 9 9
320 8 10
321 10 8
322 20 40
323 30 40
324 6 5
325 6 9
326 5 8
327 40 30
328 50 40
329 20 30
330 40 40
331 5 6
332 9 6
333 20 40
334 6 9
335 8 6
336 20 30
337 9 8
338 7 6
339 6 10
340 6 7
341 6 5
342 9 5
343 5 10
344 40 30
345 10 10
346 5 9
347 10 9
348 10 5
349 50 50
350 30 20
351 5 8
352 9 6
353 10 7
354 8 6
355 6 5
356 30 50
357 8 10
358 40 40
359 9 5
360 6 8
361 10 8
362 5 7
363 9 6
364 7 7
365 50 30
366 30 50
367 6 10
368 50 30
369 20 30
370 8 7
371 10 5
372 10 8
373 8 5
374 30 40
375 40 20
376 20 50
377 10 5
378 50 20
379 8 6
380 6 10
381 9 5
382 8 6
383 30 40
384 8 9
385 40 30
386 8 6
387 10 9
388 10 7
389 40 50
390 6 9
391 8 7
392 7 8
393 30 50
394 8 10
395 9 7
396 5 7
397 5 9
398 8 8
399 6 7
400 30 30
401 40 20
402 5 6
403 30 30
404 40 30
405 6 7
406 6 8
407 7 10
408 5 6
409 6 7
410 6 8
411 5 10
412 10 8
413 6 5
414 30 20
415 7 8
416 20 20
417 50 50
418 10 9
419 5 5
420 10 5
421 8 6
422 20 50
423 7 7
424 10 7
425 30 50
426 10 9
427 8 5
428 40 30
429 10 9
430 5 10
431 6 7
432 30 20
433 6 10
434 7 10
435 7 10
436 20 20
437 10 6
438 9 6
439 7 5
440 6 5
441 10 8
442 10 8
443 40 50
444 7 7
445 30 30
446 6 10
447 20 20
448 5 10
449 7 9
450 9 8
451 10 9
452 8 10
453 8 9
454 6 7
455 8 5
456 8 10
457 6 10
458 30 40
459 20 20
460 50 50
461 50 50
462 5 7
463 50 40
464 10 6
465 9 6
466 50 20
467 40 40
468 9 6
469 5 5
470 9 6
471 9 5
472 5 6
473 10 6
474 10 8
475 50 50
476 9 7
477 30 20
478 10 7
479 5 9
480 5 6
481 30 50
482 40 30
483 6 8
484 7 9
485 6 6
486 6 5
487 5 10
488 40 20
489 7 9
490 7 10
491 10 8
492 10 9
493 50 30
494 50 50
495 10 9
496 6 8
497 10 5
498 40 20
499 40 20
500 8 5
501 20 30
502 30 30
503 50 40
504 8 8
505 6 6
506 8 5
507 7 10
508 30 50
509 10 6
510 30 20
511 9 7
512 30 50
513 10 6
514 5 9
515 7 9
516 8 9
517 50 50
518 8 6
519 7 9
520 50 50
521 5 10
522 6 7
523 9 5
524 5 5
525 9 6
526 50 50
527 10 8
528 10 5
529 10 5
530 8 7
531 8 10
532 5 9
533 8 6
534 10 6
535 7 6
536 40 50
537 50 20
538 10 10
539 9 6
540 7 8
541 5 5
542 6 8
543 10 9
544 7 9
545 10 7
546 6 9
547 50 30
548 9 7
549 9 9
550 6 6
551 5 9
552 50 50
553 7 8
554 30 30
555 10 9
556 50 40
557 10 8
558 5 9
559 7 9
560 8 5
561 9 7
562 20 20
563 50 40
564 5 8
565 10 7
566 10 8
567 6 8
568 30 30
569 50 50
570 10 5
571 9 10
572 7 5
573 7 6
574 40 20
575 9 5
576 5 9
577 8 8
578 8 5
579 20 40
580 50 50
581 40 20
582 9 10
583 7 5
584 20 40
585 6 5
586 50 40
587 9 6
588 8 10
589 10 9
590 9 6
591 10 7
592 20 20
593 40 20
594 30 40
595 20 20
596 7 6
597 6 7
598 20 50
599 9 8
600 7 8
601 30 40
602 8 7
603 8 7
604 9 5
605 8 8
606 10 7
607 10 10
608 6 6
609 50 20
610 20 50
611 9 10
612 8 6
613 7 10
614 10 10
615 7 8
616 5 6
617 10 9
618 30 30
619 50 50
620 7 8
621 20 40
622 20 50
623 5 9
624 50 20
625 7 7
505 35
505 514
505 595
505 342
505 433
64 246
246 505
0 538
0 120
0 460
0 322
0 450
0 354
111 137
137 0
117 29
1 559
1 234
29 1
550 599
338 469
97 271
375 2
2 97
469 97
599 97
502 3
4 592
3 4
446 303
180 267
6 171
267 6
303 6
258 582
372 5
294 346
61 7
7 582
7 487
7 294
550 547
349 8
9 590
547 9
8 9
571 306
79 567
479 443
455 10
306 79
443 79
10 79
290 126
409 560
11 100
11 356
126 11
560 11
75 307
58 405
307 58
616 36
12 449
12 509
36 12
424 103
406 492
103 406
134 265
446 548
446 213
265 446
479 13
14 42
14 413
13 14
67 587
67 388
144 578
578 67
524 532
510 542
134 315
134 289
542 134
532 134
204 27
204 240
346 204
127 15
364 472
15 364
16 533
45 84
84 16
154 198
17 208
198 17
201 327
70 158
327 70
129 226
608 18
19 261
226 19
18 19
20 21
20 411
114 150
150 20
211 495
64 347
22 50
21 22
347 22
495 22
374 23
24 181
23 24
26 556
584 25
25 26
227 312
227 614
227 498
27 227
567 227
451 299
28 397
299 28
51 416
30 60
30 569
416 30
116 475
370 395
475 370
332 431
535 574
139 31
31 608
574 608
431 608
53 32
81 282
32 81
538 81
508 33
34 444
33 34
235 615
235 606
35 235
211 37
38 62
37 38
53 40
504 39
244 167
39 244
40 244
571 107
41 43
107 41
44 613
42 44
43 44
486 131
45 56
131 45
270 236
46 579
46 186
236 46
180 272
584 47
461 501
47 461
272 461
522 575
48 428
180 224
224 48
575 48
535 281
513 49
351 157
332 309
50 351
309 351
49 351
281 351
422 311
311 51
384 549
52 410
286 540
549 52
540 52
53 515
251 358
358 53
199 54
336 264
54 336
249 365
55 57
365 55
174 296
59 165
296 59
56 59
57 59
60 61
68 112
63 544
112 63
62 63
64 185
64 439
493 447
447 64
94 65
78 66
68 232
65 68
66 68
71 392
291 288
418 69
288 71
69 71
231 554
612 72
251 136
72 251
554 251
539 73
74 564
74 398
73 74
75 527
564 75
372 76
78 480
78 220
477 561
561 590
561 77
561 78
203 80
372 177
82 175
82 176
82 216
429 83
83 80
83 140
83 82
211 124
249 119
249 130
124 249
565 85
372 160
221 536
221 576
158 85
158 396
158 221
403 86
426 218
93 259
86 93
218 93
617 148
391 419
148 391
378 596
372 557
385 353
598 88
88 596
88 385
88 87
89 600
89 506
89 381
384 318
318 89
312 89
471 490
490 617
117 90
91 594
90 91
297 92
92 94
114 96
612 95
98 152
98 512
95 98
96 98
254 99
585 326
585 478
99 585
163 145
510 528
528 163
100 163
101 253
492 101
168 135
493 102
102 168
360 153
301 242
153 301
558 104
432 521
214 263
104 432
613 432
263 432
233 108
316 331
516 106
141 105
108 316
105 316
106 316
436 109
372 110
253 109
253 591
253 111
319 138
127 190
127 192
138 127
247 113
113 114
369 115
116 304
115 116
304 117
390 423
118 255
423 118
188 293
119 188
120 188
184 121
121 516
338 278
155 122
123 202
122 123
278 123
145 123
565 125
456 128
129 621
125 129
128 129
132 313
132 589
173 285
130 132
285 132
408 133
359 445
359 454
133 359
211 462
136 139
462 139
135 139
252 529
600 141
529 141
151 142
372 209
422 146
146 142
146 143
146 144
268 149
550 147
338 421
149 151
421 151
147 151
152 513
185 513
471 425
425 154
507 562
562 155
313 550
156 317
410 156
615 156
372 159
161 345
284 162
162 157
162 161
162 407
493 517
297 164
164 493
166 191
237 618
165 166
514 166
618 166
499 169
170 400
167 170
169 170
619 273
344 172
172 173
273 173
171 173
180 325
325 174
290 223
290 256
184 333
175 290
333 290
570 625
623 404
176 623
625 623
178 373
400 178
621 178
457 229
229 619
422 624
624 616
558 182
558 488
217 219
614 558
219 558
372 489
612 279
612 412
612 189
194 586
586 271
586 193
586 612
609 260
326 609
372 607
479 383
371 543
464 583
583 543
583 603
583 479
571 602
214 580
214 468
383 214
602 214
275 525
525 436
606 436
605 577
605 310
455 620
620 605
250 604
604 598
415 324
474 503
324 474
357 593
449 357
482 330
379 597
512 482
533 482
597 482
491 320
518 280
320 518
430 485
259 430
595 430
589 430
179 531
531 584
587 584
460 584
212 610
467 581
572 555
182 212
555 212
581 212
280 508
580 572
577 572
231 210
247 341
210 247
372 551
593 521
593 573
593 571
569 250
499 568
295 566
568 565
566 565
372 452
395 610
395 563
395 455
559 451
486 380
553 463
556 553
380 553
507 401
548 507
448 546
546 504
544 504
216 418
319 541
539 300
539 355
541 539
297 537
535 500
537 535
536 535
225 348
372 534
570 302
570 438
594 348
594 417
594 570
530 207
397 530
527 270
194 368
368 415
184 440
481 526
526 524
440 524
362 523
523 429
180 520
515 295
517 295
322 295
520 295
437 511
511 510
509 502
501 499
500 499
496 335
264 496
497 386
498 497
441 494
491 337
494 491
486 239
576 486
372 483
458 376
394 552
552 485
552 241
552 458
404 481
506 481
180 420
180 262
480 180
478 477
257 206
211 476
476 268
206 268
444 201
472 471
467 459
468 467
310 467
200 465
465 464
457 519
279 457
315 457
456 195
302 456
337 362
341 522
519 522
211 453
332 276
276 448
453 448
450 448
230 366
445 230
372 361
343 238
419 191
419 343
419 183
484 228
179 243
412 179
228 179
181 254
372 266
363 350
398 373
398 601
398 363
233 329
233 248
217 427
401 233
427 233
622 308
308 275
354 275
439 217
252 222
367 187
187 252
387 245
387 545
189 387
190 369
192 194
196 442
223 196
195 196
454 199
242 200
372 298
208 202
208 205
208 437
388 211
184 339
222 184
381 184
338 393
342 338
213 426
411 426
297 215
332 323
215 332
220 332
329 225
442 225
356 225
300 374
231 466
484 588
588 231
232 379
243 237
420 237
239 237
305 377
240 305
459 305
403 611
611 344
372 399
372 402
372 334
372 283
328 292
292 372
248 203
392 203
256 203
403 340
262 257
245 257
340 257
376 484
234 441
488 371
413 371
277 287
287 319
352 473
473 394
355 422
335 390
433 349
428 349
269 382
382 331
382 197
382 367
405 408
403 470
545 375
470 375
438 409
466 403
289 403
579 269
414 434
503 330
503 414
503 435
366 284
377 258
393 258
386 258
592 424
260 352
321 389
207 261
207 274
207 321
186 360
255 317
255 314
255 384
339 291
463 378
293 378
282 378
323 378
