849 1055
0 6 10
1 9 8
2 10 8
3 6 8
4 5 9
5 7 7
6 10 10
7 9 7
8 8 8
9 6 9
10 6 8
11 7 6
12 30 20
13 10 6
14 10 9
15 20 30
16 6 6
17 30 20
18 30 50
19 7 10
20 5 10
21 50 30
22 50 30
23 9 10
24 5 10
25 30 30
26 30 50
27 7 5
28 9 8
29 10 8
30 5 8
31 6 9
32 6 5
33 50 50
34 10 5
35 10 6
36 40 20
37 50 40
38 5 7
39 40 20
40 20 20
41 8 9
42 8 6
43 5 6
44 30 40
45 10 5
46 9 9
47 10 5
48 10 9
49 20 40
50 9 9
51 30 30
52 40 40
53 5 5
54 9 5
55 50 20
56 30 50
57 30 20
58 7 6
59 5 9
60 9 5
61 6 9
62 20 50
63 7 8
64 8 8
65 20 40
66 20 50
67 20 40
68 6 10
69 5 9
70 30 30
71 50 30
72 6 7
73 10 9
74 6 5
75 9 6
76 30 30
77 5 6
78 8 8
79 10 8
80 6 7
81 7 9
82 7 6
83 8 8
84 30 40
85 5 6
86 8 7
87 5 5
88 10 9
89 20 40
90 5 5
91 7 7
92 40 40
93 50 40
94 20 30
95 10 6
96 6 8
97 5 5
98 50 50
99 10 9
100 6 7
101 5 5
102 6 10
103 8 5
104 5 8
105 8 10
106 20 50
107 30 40
108 5 5
109 10 10
110 9 9
111 30 40
112 7 6
113 50 20
114 5 8
115 30 20
116 30 40
117 40 20
118 9 6
119 50 40
120 7 8
121 9 8
122 8 10
123 5 9
124 5 8
125 30 30
126 30 50
127 20 20
128 20 50
129 8 10
130 30 40
131 7 6
132 40 20
133 30 30
134 8 10
135 6 6
136 9 9
137 6 8
138 10 5
139 9 6
140 9 5
141 5 10
142 50 40
143 20 30
144 5 6
145 50 30
146 6 8
147 8 5
148 8 7
149 5 10
150 9 7
151 10 8
152 50 20
153 40 50
154 6 7
155 50 20
156 20 50
157 40 20
158 9 8
159 10 8
160 40 20
161 7 6
162 40 30
163 9 7
164 20 40
165 6 7
166 10 6
167 10 6
168 6 9
169 7 7
170 7 10
171 10 8
172 9 9
173 6 7
174 7 7
175 8 9
176 6 8
177 30 40
178 20 20
179 8 6
180 9 6
181 10 8
182 10 7
183 8 9
184 5 7
185 20 30
186 20 50
187 50 50
188 6 9
189 40 50
190 8 6
191 20 20
192 7 6
193 40 30
194 40 50
195 6 5
196 8 10
197 6 6
198 40 30
199 6 7
200 30 30
201 5 7
202 40 40
203 9 6
204 5 10
205 50 40
206 5 5
207 30 20
208 8 5
209 50 50
210 50 40
211 40 40
212 30 30
213 8 9
214 10 9
215 6 5
216 40 20
217 7 9
218 9 7
219 7 6
220 7 5
221 10 6
222 40 20
223 9 8
224 9 9
225 6 5
226 9 5
227 9 6
228 6 10
229 7 7
230 9 10
231 10 8
232 50 40
233 30 30
234 7 8
235 5 10
236 40 30
237 8 7
238 9 9
239 20 20
240 40 50
241 9 5
242 5 6
243 6 7
244 50 50
245 8 5
246 9 7
247 9 8
248 9 7
249 5 9
250 10 5
251 8 5
252 6 10
253 30 50
254 5 9
255 20 20
256 9 9
257 7 8
258 5 7
259 8 5
260 7 6
261 10 8
262 9 8
263 7 7
264 40 30
265 9 6
266 8 8
267 5 8
268 20 50
269 9 8
270 20 30
271 6 8
272 7 8
273 40 40
274 8 10
275 40 30
276 40 40
277 10 9
278 40 50
279 6 10
280 8 9
281 5 5
282 7 5
283 40 50
284 8 9
285 40 50
286 8 5
287 5 7
288 8 8
289 30 40
290 9 6
291 40 30
292 5 10
293 5 8
294 50 40
295 8 8
296 30 20
297 7 8
298 10 10
299 5 5
300 9 8
301 7 8
302 10 8
303 7 5
304 8 10
305 9 6
306 30 30
307 10 10
308 8 9
309 50 30
310 20 30
311 6 9
312 20 40
313 50 40
314 7 10
315 6 5
316 10 7
317 20 30
318 5 5
319 10 6
320 40 50
321 7 9
322 5 6
323 20 30
324 50 30
325 8 8
326 20 50
327 50 50
328 10 6
329 5 10
330 7 6
331 7 8
332 20 20
333 40 40
334 5 5
335 9 10
336 40 50
337 8 8
338 8 9
339 10 6
340 9 5
341 30 20
342 20 40
343 9 6
344 6 7
345 20 50
346 5 5
347 10 6
348 5 6
349 20 30
350 6 10
351 20 20
352 7 5
353 20 20
354 6 10
355 30 50
356 9 9
357 6 8
358 8 5
359 40 40
360 10 5
361 50 50
362 8 10
363 7 8
364 9 8
365 9 8
366 50 50
367 9 9
368 50 30
369 20 20
370 8 6
371 10 7
372 7 5
373 6 7
374 7 8
375 30 30
376 9 7
377 20 20
378 30 50
379 40 40
380 20 20
381 50 20
382 7 6
383 5 10
384 50 50
385 6 5
386 8 10
387 5 8
388 30 50
389 5 7
390 6 10
391 9 5
392 5 6
393 7 10
394 7 9
395 20 30
396 8 8
397 10 7
398 7 6
399 50 40
400 50 30
401 6 5
402 6 5
403 10 7
404 7 7
405 9 8
406 8 10
407 40 50
408 10 7
409 6 10
410 50 40
411 20 30
412 6 7
413 5 9
414 7 8
415 8 5
416 20 20
417 8 9
418 9 10
419 6 9
420 7 6
421 10 6
422 9 7
423 5 5
424 6 9
425 5 10
426 40 50
427 5 8
428 5 6
429 20 40
430 8 8
431 7 6
432 50 20
433 5 10
434 5 10
435 6 5
436 5 5
437 8 10
438 8 8
439 8 5
440 8 8
441 5 9
442 7 8
443 10 7
444 10 7
445 8 6
446 7 9
447 40 30
448 7 6
449 9 9
450 30 50
451 7 7
452 9 6
453 40 30
454 10 8
455 20 40
456 10 6
457 8 10
458 8 9
459 10 5
460 9 5
461 6 9
462 8 10
463 5 5
464 5 10
465 9 6
466 5 5
467 8 5
468 9 9
469 7 5
470 20 50
471 30 20
472 7 8
473 30 30
474 8 9
475 9 9
476 20 50
477 40 30
478 50 30
479 50 20
480 10 6
481 20 40
482 8 7
483 20 50
484 8 7
485 7 5
486 10 10
487 10 10
488 50 30
489 6 9
490 5 8
491 5 8
492 20 20
493 9 6
494 8 9
495 8 9
496 30 30
497 40 20
498 9 5
499 6 9
500 9 10
501 7 9
502 10 5
503 7 5
504 10 9
505 8 8
506 30 30
507 30 50
508 6 6
509 20 40
510 7 5
511 8 6
512 9 9
513 6 6
514 9 7
515 50 30
516 10 10
517 20 30
518 8 9
519 8 8
520 10 10
521 7 6
522 6 6
523 9 5
524 40 50
525 10 6
526 20 20
527 10 6
528 8 8
529 9 7
530 9 8
531 9 9
532 5 10
533 50 30
534 9 6
535 50 20
536 5 5
537 30 30
538 50 40
539 9 7
540 6 5
541 5 10
542 40 20
543 9 7
544 7 6
545 30 40
546 5 8
547 30 30
548 50 20
549 50 30
550 6 8
551 6 8
552 10 8
553 7 5
554 7 7
555 8 5
556 5 10
557 20 20
558 30 50
559 50 20
560 7 8
561 20 50
562 30 50
563 10 5
564 5 7
565 7 6
566 20 20
567 6 9
568 10 10
569 10 5
570 20 20
571 9 5
572 5 8
573 8 10
574 20 30
575 9 9
576 40 50
577 40 50
578 30 50
579 6 10
580 8 8
581 8 10
582 10 6
583 7 9
584 7 9
585 5 10
586 8 6
587 7 9
588 5 5
589 5 6
590 7 9
591 30 40
592 8 6
593 5 6
594 20 50
595 40 40
596 7 7
597 7 6
598 20 40
599 6 10
600 40 40
601 9 5
602 40 30
603 5 6
604 50 40
605 6 10
606 5 6
607 50 50
608 7 5
609 40 30
610 5 6
611 7 9
612 5 10
613 7 10
614 7 7
615 40 40
616 30 30
617 50 30
618 8 6
619 30 20
620 8 6
621 6 7
622 6 9
623 7 6
624 5 10
625 50 40
626 9 8
627 8 6
628 7 7
629 40 40
630 9 7
631 40 50
632 20 50
633 40 30
634 9 9
635 7 8
636 10 8
637 9 6
638 6 8
639 5 9
640 30 20
641 10 7
642 8 9
643 7 7
644 30 50
645 5 8
646 9 8
647 6 7
648 40 20
649 10 9
650 8 8
651 50 20
652 8 8
653 10 7
654 7 6
655 5 8
656 8 10
657 10 9
658 6 10
659 8 7
660 8 5
661 6 7
662 7 5
663 9 9
664 20 50
665 30 40
666 6 10
667 5 9
668 10 9
669 30 40
670 7 9
671 5 8
672 7 5
673 8 9
674 40 20
675 7 6
676 9 7
677 6 7
678 5 8
679 9 9
680 50 20
681 7 5
682 30 40
683 5 7
684 8 6
685 30 20
686 30 30
687 6 10
688 10 5
689 7 7
690 30 50
691 6 5
692 6 9
693 10 6
694 50 50
695 30 20
696 30 40
697 40 20
698 40 20
699 6 5
700 5 10
701 6 7
702 7 5
703 30 40
704 8 5
705 7 7
706 9 10
707 6 8
708 10 9
709 9 8
710 20 50
711 40 50
712 50 40
713 5 5
714 9 9
715 5 8
716 40 50
717 30 30
718 7 10
719 5 5
720 10 9
721 30 40
722 10 6
723 20 40
724 40 40
725 30 20
726 5 10
727 30 40
728 8 8
729 5 9
730 9 6
731 5 7
732 10 9
733 10 9
734 7 8
735 6 5
736 7 9
737 20 30
738 7 7
739 20 50
740 6 10
741 6 9
742 40 30
743 6 9
744 50 20
745 20 20
746 8 9
747 10 6
748 8 6
749 10 6
750 20 20
751 30 50
752 20 40
753 20 40
754 10 10
755 50 40
756 5 9
757 7 9
758 9 5
759 30 50
760 20 20
761 6 9
762 50 50
763 9 9
764 6 10
765 8 9
766 50 40
767 30 20
768 10 10
769 30 30
770 6 6
771 50 20
772 40 40
773 30 20
774 5 8
775 8 7
776 6 6
777 9 8
778 30 30
779 10 7
780 50 20
781 7 7
782 6 5
783 40 20
784 5 9
785 10 9
786 20 40
787 6 6
788 6 8
789 9 5
790 5 7
791 10 5
792 40 40
793 20 30
794 8 7
795 40 40
796 20 30
797 6 8
798 10 7
799 8 7
800 10 10
801 10 5
802 20 40
803 8 7
804 6 10
805 5 9
806 50 40
807 7 9
808 8 5
809 30 50
810 20 40
811 7 8
812 6 5
813 50 50
814 7 6
815 20 40
816 20 40
817 20 40
818 5 9
819 30 20
820 9 6
821 5 6
822 30 30
823 50 40
824 8 10
825 40 30
826 9 9
827 7 9
828 8 9
829 9 10
830 5 7
831 20 50
832 6 5
833 40 30
834 9 6
835 30 30
836 7 7
837 40 50
838 30 30
839 9 9
840 50 30
841 10 8
842 8 5
843 7 8
844 10 7
845 9 10
846 8 10
847 20 20
848 10 10
1 65
1 698
548 0
0 1
724 378
657 11
540 202
495 2
378 657
202 657
2 657
4 268
491 3
3 4
6 231
6 762
6 81
197 5
5 6
725 8
284 7
75 589
75 167
7 75
8 75
10 835
10 317
147 9
9 10
53 33
688 185
556 13
33 556
185 556
243 355
243 613
243 507
243 245
243 336
243 481
436 286
672 270
286 243
270 243
480 77
520 12
13 480
11 480
12 480
249 447
14 627
14 320
447 14
22 759
250 179
759 250
16 826
303 15
15 16
177 17
18 102
17 18
357 649
357 591
436 392
154 109
109 357
392 357
576 99
671 19
445 25
445 176
19 445
99 445
373 757
20 182
757 20
22 70
22 384
22 269
22 259
813 21
21 22
318 687
323 24
731 23
23 318
24 318
597 26
484 771
25 484
26 484
361 51
296 27
485 78
51 485
27 485
29 419
162 696
174 28
136 433
433 29
835 29
696 29
28 29
132 665
132 148
705 30
644 530
530 132
30 132
469 32
123 389
348 306
553 31
32 123
31 123
306 123
420 229
34 153
34 483
34 379
229 34
48 37
38 847
285 35
705 36
605 178
178 38
37 38
35 38
36 38
252 521
829 325
325 252
87 542
198 39
551 488
542 551
39 551
95 40
502 41
169 545
40 169
41 169
43 517
43 155
576 42
355 43
42 43
45 377
785 44
275 800
44 45
800 45
48 422
48 527
48 562
499 46
215 47
46 48
47 48
496 49
63 374
613 63
49 63
760 186
241 140
50 57
140 50
186 50
465 52
367 316
528 566
52 528
316 528
315 106
430 143
143 53
106 53
56 628
56 441
499 54
583 55
54 56
55 56
307 748
307 468
273 205
205 307
709 406
406 605
57 605
251 160
60 584
60 819
60 126
60 702
90 58
373 61
61 58
61 59
61 60
725 62
546 691
62 546
473 641
168 538
64 324
641 64
538 64
328 486
600 676
676 328
65 328
539 100
775 337
100 775
315 68
69 115
449 67
601 66
68 69
66 69
67 69
71 647
589 71
70 71
297 72
73 506
73 302
72 73
717 459
548 74
74 717
617 76
548 814
548 457
76 548
516 667
77 516
78 516
848 719
436 79
138 80
79 848
80 848
423 798
845 371
847 845
798 845
339 84
92 695
164 843
678 475
842 335
84 842
475 842
695 842
843 842
256 112
150 526
639 193
414 841
841 639
526 639
112 639
825 623
354 133
840 364
623 840
133 840
293 352
293 555
499 98
832 838
838 293
98 293
249 836
836 177
184 834
833 763
833 575
834 833
525 571
832 461
832 827
832 190
832 726
571 832
212 831
830 703
831 830
829 289
436 816
486 829
816 829
297 471
247 828
646 770
828 646
471 646
707 385
385 825
826 825
645 754
725 740
780 659
780 515
754 780
740 780
89 312
807 727
282 438
606 219
219 282
727 282
312 282
824 435
610 529
168 701
529 824
701 824
679 818
235 721
88 820
699 822
137 108
818 235
820 235
822 235
108 235
725 535
540 817
285 633
285 103
535 285
817 285
541 329
668 428
277 753
753 541
428 541
499 141
813 773
141 813
274 811
810 729
811 810
776 747
634 487
500 404
404 634
747 634
289 634
678 522
499 407
147 808
808 678
407 678
805 237
558 806
806 805
420 804
275 578
275 192
804 275
628 275
751 383
383 87
719 87
439 803
195 454
741 350
741 311
454 741
803 741
363 758
363 117
363 451
540 802
802 363
799 358
583 622
622 799
797 161
797 101
439 750
750 797
796 501
649 796
554 793
246 781
647 246
793 246
159 792
790 745
511 791
791 790
435 790
792 790
705 712
705 380
705 310
705 504
152 543
543 705
706 789
213 654
569 207
654 569
789 569
576 299
766 669
788 744
669 788
299 788
784 458
688 787
787 784
175 782
604 196
448 783
253 431
781 604
782 604
783 604
431 604
464 359
645 340
645 91
359 645
231 645
233 718
287 685
718 807
685 807
570 260
226 839
839 570
751 661
837 779
779 751
777 608
777 116
170 651
651 777
774 716
774 322
774 298
774 666
774 119
774 489
774 772
774 510
725 376
376 774
343 254
138 809
418 111
254 418
809 418
341 714
341 417
341 319
341 218
167 341
416 614
768 151
794 372
614 768
770 768
771 768
372 768
308 450
767 204
767 105
450 767
352 767
682 812
812 766
398 764
408 765
125 393
765 125
764 125
399 440
763 399
682 674
674 398
762 398
760 710
760 121
760 466
583 761
761 760
756 225
758 756
563 472
644 261
261 563
244 629
629 553
716 553
752 86
461 752
523 145
182 523
592 206
322 592
748 592
462 742
743 720
742 743
744 743
745 743
667 743
118 739
737 338
739 737
564 735
326 734
412 512
733 755
512 733
735 733
734 733
731 432
731 266
655 732
422 731
732 731
568 397
729 568
136 728
238 413
728 238
600 291
725 675
725 257
291 725
590 201
688 559
724 158
201 724
559 724
294 722
722 706
251 690
499 697
499 120
499 467
677 626
626 720
626 482
626 499
576 664
576 596
468 576
175 680
714 175
712 175
360 711
711 709
710 709
436 708
212 625
212 210
708 212
459 212
704 144
368 199
533 736
199 704
736 704
632 658
632 429
703 632
384 632
496 351
648 700
351 699
700 699
671 846
671 149
671 166
698 671
697 671
558 694
430 236
694 430
691 430
394 689
345 130
221 581
823 405
581 823
130 823
689 823
412 203
612 723
203 612
687 612
419 612
540 795
343 490
661 343
795 343
554 769
769 465
117 465
142 681
439 683
680 679
683 679
681 679
337 677
675 672
129 670
304 444
444 668
670 668
577 452
248 347
664 577
347 577
665 577
846 644
200 663
449 640
269 449
663 449
656 470
659 656
658 656
308 390
814 655
390 655
436 653
152 574
152 124
653 152
652 616
417 652
369 650
650 648
643 693
455 815
815 643
297 230
134 730
479 519
340 479
230 479
730 479
642 686
102 642
636 262
640 636
610 635
362 426
426 92
635 92
374 92
273 603
610 425
610 223
610 208
603 610
633 610
464 621
625 558
621 558
251 619
263 615
615 721
615 618
615 617
313 609
531 356
821 611
402 271
609 531
271 531
611 531
294 607
608 606
607 606
251 602
600 738
305 281
281 151
281 346
281 600
170 599
260 150
599 150
597 518
369 598
598 597
233 595
595 368
436 593
197 594
594 590
593 590
540 187
147 330
682 503
682 353
330 682
187 682
502 585
234 588
331 258
585 89
258 89
588 89
319 326
148 326
583 82
584 583
300 582
540 264
582 315
264 315
288 437
776 579
579 288
492 497
660 139
214 172
172 660
497 660
578 660
284 572
442 194
442 228
572 442
773 442
574 442
369 561
547 778
566 547
561 547
200 560
560 496
225 496
153 821
297 97
297 477
297 456
297 801
200 557
557 297
554 505
555 554
342 209
209 423
298 423
91 423
233 453
354 552
222 514
552 222
453 222
342 550
544 349
550 544
545 544
145 539
715 513
116 715
314 534
746 537
537 533
534 533
345 532
524 749
532 524
527 524
540 476
522 520
476 520
239 127
191 279
364 239
507 239
490 239
279 239
81 244
82 308
323 388
255 844
220 276
276 345
844 345
388 345
441 154
136 395
195 173
173 136
200 240
240 168
586 638
666 586
193 586
163 366
196 163
452 163
778 163
474 85
85 88
161 88
248 434
375 620
409 382
620 409
434 409
131 508
827 131
662 630
251 93
627 630
627 94
627 525
107 567
567 95
96 224
344 494
494 96
220 122
562 469
122 469
391 624
425 391
587 309
194 587
119 587
156 549
101 156
97 156
323 400
323 267
369 333
333 323
439 509
380 253
509 253
104 410
350 104
103 104
227 427
402 280
280 227
403 157
128 216
371 662
216 662
157 662
284 401
401 195
446 110
144 462
110 462
111 462
214 637
565 334
334 304
637 304
361 292
489 129
292 129
249 113
113 118
197 536
120 197
819 197
464 460
460 500
242 181
517 137
181 137
303 411
124 191
411 191
126 464
467 464
127 128
115 128
686 263
255 146
242 684
684 255
369 114
114 134
436 135
358 300
135 300
218 142
477 142
245 455
438 455
272 786
146 272
688 713
738 147
713 147
149 159
310 159
395 159
688 573
573 200
155 348
501 348
549 348
786 348
295 321
321 360
121 273
837 183
86 837
536 837
158 164
772 164
493 290
268 90
410 90
223 90
290 90
313 165
165 170
166 170
176 564
317 564
217 692
180 421
692 180
179 180
420 478
478 233
183 233
483 540
424 463
463 184
313 188
188 367
190 215
192 198
379 361
204 361
320 274
248 327
515 416
327 416
518 416
673 631
506 673
287 365
365 314
688 381
688 189
726 688
377 256
356 256
514 256
429 162
302 162
502 171
265 332
591 265
171 265
421 491
309 491
488 491
259 439
702 313
508 313
624 394
631 394
105 565
336 446
505 446
332 375
206 375
504 369
262 174
400 174
382 493
519 493
470 362
456 362
487 473
139 473
616 408
267 408
472 408
458 284
466 284
457 420
448 387
451 448
251 396
498 443
443 251
440 249
277 580
224 296
580 296
437 414
432 414
236 412
386 278
481 386
311 221
521 221
301 370
638 403
370 403
693 403
513 511
207 511
210 342
381 342
107 415
502 211
211 495
415 495
436 283
283 214
242 232
387 242
349 217
503 217
596 220
208 474
353 474
324 301
329 301
228 794
232 794
801 248
237 247
510 247
257 707
266 234
427 785
189 785
575 373
278 339
413 339
397 305
338 366
338 83
338 436
