849 1055
0 2048 256
1 64 8
2 32 64
3 256 256
4 32 64
5 32 128
6 8 32
7 16 64
8 64 16
9 32 64
10 32 8
11 64 8
12 128 8
13 1024 1024
14 512 1024
15 4 64
16 64 4
17 16 32
18 64 32
19 4 128
20 8 4
21 16 16
22 4 32
23 1024 2048
24 32 4
25 1024 1024
26 1024 512
27 4 32
28 2048 256
29 2048 256
30 128 64
31 32 64
32 32 8
33 8 128
34 2048 2048
35 16 128
36 1024 512
37 128 8
38 2048 256
39 16 64
40 2048 1024
41 16 8
42 4 32
43 4 16
44 512 512
45 4 128
46 8 8
47 32 8
48 256 256
49 512 512
50 4 64
51 8 64
52 64 64
53 512 256
54 1024 1024
55 8 8
56 256 1024
57 1024 512
58 1024 512
59 8 64
60 8 16
61 1024 2048
62 4 16
63 64 8
64 8 16
65 4 32
66 64 16
67 256 512
68 128 32
69 16 8
70 4 4
71 32 32
72 4 4
73 64 32
74 128 8
75 4 64
76 64 64
77 4 64
78 32 4
79 256 2048
80 64 32
81 1024 2048
82 4 64
83 2048 256
84 2048 256
85 16 4
86 16 8
87 4 16
88 16 32
89 4 4
90 64 64
91 64 128
92 128 4
93 64 16
94 4 32
95 256 1024
96 512 512
97 16 128
98 64 64
99 16 4
100 64 128
101 32 128
102 128 16
103 64 16
104 128 64
105 128 8
106 16 4
107 8 16
108 8 4
109 16 16
110 128 8
111 64 128
112 1024 2048
113 64 8
114 8 64
115 16 128
116 64 32
117 16 4
118 16 32
119 128 32
120 128 32
121 16 32
122 32 128
123 8 128
124 256 512
125 8 16
126 32 4
127 512 2048
128 8 8
129 64 4
130 512 512
131 64 8
132 256 256
133 2048 2048
134 512 2048
135 64 16
136 256 512
137 32 32
138 128 16
139 16 16
140 16 8
141 8 8
142 1024 512
143 4 8
144 32 16
145 8 16
146 4 32
147 2048 1024
148 8 32
149 1024 2048
150 128 64
151 64 64
152 256 1024
153 8 8
154 128 8
155 2048 256
156 128 16
157 4 64
158 128 64
159 64 4
160 256 2048
161 16 64
162 2048 256
163 16 32
164 512 512
165 1024 256
166 2048 2048
167 64 32
168 4 4
169 128 32
170 64 128
171 8 32
172 512 2048
173 8 16
174 64 16
175 128 32
176 128 32
177 256 2048
178 2048 256
179 8 32
180 8 4
181 256 2048
182 4 128
183 4 16
184 1024 2048
185 32 128
186 32 4
187 64 4
188 32 4
189 8 32
190 8 64
191 4 128
192 64 32
193 8 4
194 256 2048
195 64 4
196 16 64
197 32 64
198 1024 1024
199 2048 1024
200 4 16
201 8 8
202 64 32
203 1024 1024
204 32 16
205 8 4
206 512 2048
207 1024 512
208 4 64
209 1024 512
210 16 64
211 4 128
212 32 8
213 8 128
214 256 1024
215 256 2048
216 64 8
217 32 64
218 32 4
219 64 32
220 1024 512
221 128 32
222 4 4
223 64 32
224 128 64
225 512 2048
226 16 8
227 16 4
228 32 16
229 512 512
230 16 8
231 16 8
232 1024 256
233 8 8
234 1024 512
235 4 32
236 16 4
237 8 64
238 8 64
239 128 64
240 2048 2048
241 128 128
242 512 1024
243 32 4
244 32 8
245 16 8
246 2048 2048
247 64 128
248 16 32
249 512 2048
250 4 16
251 8 64
252 1024 256
253 256 1024
254 256 512
255 256 256
256 2048 256
257 4 8
258 128 8
259 64 128
260 4 8
261 16 64
262 32 8
263 4 32
264 128 16
265 2048 512
266 4 32
267 64 32
268 8 128
269 4 32
270 8 128
271 4 32
272 8 128
273 8 16
274 64 8
275 8 64
276 32 128
277 1024 2048
278 64 128
279 8 16
280 8 8
281 1024 2048
282 16 64
283 64 16
284 128 16
285 32 128
286 16 4
287 1024 2048
288 128 8
289 1024 2048
290 1024 1024
291 8 16
292 64 32
293 256 512
294 32 16
295 8 4
296 256 2048
297 4 128
298 16 8
299 8 16
300 1024 1024
301 128 32
302 32 16
303 64 32
304 2048 2048
305 512 512
306 256 1024
307 1024 1024
308 32 8
309 32 128
310 64 128
311 4 32
312 4 64
313 16 4
314 256 2048
315 32 16
316 256 1024
317 16 8
318 1024 2048
319 1024 256
320 32 16
321 1024 1024
322 256 512
323 256 256
324 16 128
325 2048 256
326 512 512
327 64 8
328 16 32
329 8 64
330 256 1024
331 256 256
332 32 128
333 32 64
334 512 512
335 16 32
336 32 128
337 2048 2048
338 8 16
339 512 2048
340 4 8
341 64 16
342 2048 256
343 4 4
344 64 64
345 64 16
346 1024 512
347 16 16
348 32 32
349 128 16
350 4 32
351 4 4
352 64 64
353 32 64
354 256 512
355 8 64
356 1024 2048
357 1024 2048
358 32 4
359 2048 2048
360 128 4
361 128 4
362 512 1024
363 2048 1024
364 1024 1024
365 4 64
366 8 8
367 1024 512
368 256 1024
369 128 8
370 64 4
371 32 4
372 16 128
373 2048 512
374 8 64
375 16 128
376 2048 1024
377 8 16
378 8 8
379 32 128
380 128 16
381 64 4
382 8 128
383 4 32
384 4 16
385 2048 2048
386 4 128
387 512 1024
388 128 128
389 16 64
390 128 128
391 1024 1024
392 4 64
393 128 8
394 32 4
395 128 64
396 512 512
397 2048 256
398 16 128
399 256 512
400 64 32
401 128 32
402 128 32
403 256 1024
404 8 128
405 128 4
406 64 16
407 16 8
408 64 128
409 64 64
410 256 1024
411 4 8
412 1024 256
413 256 1024
414 32 32
415 4 64
416 1024 512
417 256 1024
418 128 8
419 8 8
420 512 512
421 16 32
422 8 128
423 32 128
424 128 16
425 64 8
426 64 8
427 32 4
428 1024 256
429 64 4
430 256 256
431 128 64
432 2048 256
433 4 8
434 4 128
435 16 4
436 512 1024
437 512 256
438 16 128
439 64 16
440 1024 2048
441 128 8
442 4 32
443 8 128
444 1024 512
445 2048 1024
446 32 32
447 64 4
448 4 32
449 4 64
450 1024 1024
451 32 4
452 8 8
453 128 8
454 128 16
455 256 2048
456 128 128
457 16 128
458 128 32
459 32 16
460 64 128
461 64 32
462 8 16
463 64 128
464 32 4
465 1024 2048
466 64 8
467 2048 256
468 32 128
469 512 2048
470 4 128
471 512 2048
472 128 128
473 8 16
474 16 8
475 16 4
476 128 8
477 2048 2048
478 8 16
479 2048 1024
480 16 16
481 512 1024
482 256 256
483 16 16
484 4 32
485 32 4
486 4 4
487 1024 512
488 16 4
489 2048 2048
490 128 128
491 32 8
492 2048 512
493 16 32
494 1024 512
495 32 32
496 32 32
497 512 256
498 4 4
499 128 16
500 256 1024
501 16 32
502 8 4
503 32 64
504 32 16
505 2048 256
506 4 32
507 2048 512
508 1024 2048
509 512 256
510 16 4
511 16 32
512 512 2048
513 16 16
514 1024 512
515 64 32
516 16 4
517 64 4
518 32 8
519 1024 1024
520 32 64
521 128 32
522 16 4
523 8 32
524 128 64
525 128 16
526 4 8
527 128 16
528 1024 1024
529 4 8
530 256 1024
531 32 4
532 256 512
533 4 8
534 256 256
535 32 64
536 256 1024
537 2048 256
538 8 64
539 64 64
540 256 512
541 256 1024
542 32 64
543 8 128
544 32 32
545 64 128
546 4 128
547 32 64
548 16 32
549 512 256
550 32 16
551 256 2048
552 256 2048
553 32 4
554 8 64
555 16 64
556 128 128
557 256 512
558 8 8
559 64 16
560 4 16
561 256 512
562 8 32
563 2048 1024
564 16 8
565 4 8
566 4 32
567 16 8
568 512 512
569 1024 256
570 32 16
571 32 128
572 8 128
573 1024 1024
574 128 4
575 16 64
576 8 32
577 128 8
578 16 8
579 32 16
580 64 16
581 32 4
582 1024 1024
583 512 2048
584 16 128
585 2048 1024
586 32 64
587 256 2048
588 512 1024
589 8 4
590 1024 2048
591 64 64
592 2048 1024
593 256 512
594 4 8
595 8 128
596 64 8
597 16 16
598 16 16
599 1024 256
600 256 2048
601 128 64
602 256 1024
603 32 8
604 8 16
605 4 64
606 128 128
607 64 4
608 2048 1024
609 128 4
610 4 8
611 1024 256
612 8 128
613 1024 1024
614 1024 512
615 16 32
616 32 32
617 128 16
618 16 8
619 8 64
620 32 128
621 8 4
622 32 32
623 1024 2048
624 2048 512
625 1024 1024
626 512 256
627 8 128
628 1024 1024
629 2048 512
630 4 32
631 8 4
632 128 8
633 8 128
634 256 512
635 16 16
636 128 32
637 4 128
638 16 8
639 16 128
640 16 64
641 128 32
642 32 32
643 1024 256
644 4 4
645 16 8
646 64 16
647 32 64
648 16 16
649 4 4
650 4 4
651 4 4
652 32 64
653 4 8
654 2048 256
655 8 16
656 2048 2048
657 8 16
658 1024 256
659 512 512
660 64 4
661 32 16
662 8 4
663 16 64
664 64 4
665 1024 2048
666 1024 1024
667 2048 1024
668 8 4
669 16 128
670 4 16
671 64 4
672 16 8
673 4 16
674 4 16
675 128 8
676 8 128
677 32 4
678 8 32
679 8 32
680 4 64
681 8 32
682 2048 256
683 16 32
684 4 32
685 32 128
686 2048 256
687 32 32
688 4 4
689 512 512
690 512 1024
691 256 2048
692 128 16
693 64 4
694 256 2048
695 128 4
696 512 1024
697 128 32
698 512 2048
699 4 4
700 32 16
701 32 4
702 16 8
703 128 64
704 64 16
705 128 16
706 512 512
707 16 4
708 4 4
709 8 64
710 2048 256
711 16 64
712 32 64
713 4 8
714 128 16
715 256 2048
716 128 64
717 64 4
718 32 128
719 64 64
720 64 64
721 32 128
722 8 8
723 2048 2048
724 1024 2048
725 8 64
726 32 32
727 4 16
728 2048 2048
729 512 1024
730 2048 2048
731 32 128
732 128 64
733 4 128
734 64 128
735 32 16
736 64 8
737 256 256
738 1024 256
739 256 1024
740 32 16
741 64 128
742 4 64
743 32 64
744 8 16
745 2048 2048
746 1024 256
747 128 64
748 512 1024
749 8 32
750 512 2048
751 4 128
752 128 32
753 128 64
754 2048 1024
755 2048 1024
756 128 32
757 32 4
758 8 4
759 8 8
760 4 128
761 128 32
762 8 16
763 128 128
764 2048 1024
765 32 4
766 512 1024
767 128 32
768 256 1024
769 32 128
770 1024 2048
771 64 128
772 64 64
773 1024 256
774 512 256
775 32 64
776 8 4
777 256 256
778 4 64
779 32 16
780 16 16
781 128 4
782 1024 1024
783 32 8
784 16 128
785 64 32
786 8 4
787 256 2048
788 16 64
789 512 512
790 16 32
791 32 32
792 256 256
793 64 16
794 1024 1024
795 4 8
796 1024 256
797 4 4
798 32 16
799 4 32
800 256 2048
801 8 4
802 2048 2048
803 32 32
804 64 64
805 512 256
806 16 4
807 8 8
808 32 64
809 1024 2048
810 256 1024
811 2048 2048
812 4 4
813 4 32
814 32 128
815 2048 2048
816 2048 512
817 16 8
818 8 16
819 128 8
820 512 1024
821 2048 256
822 4 64
823 1024 256
824 32 16
825 32 8
826 32 8
827 64 128
828 4 64
829 256 512
830 64 32
831 2048 2048
832 64 32
833 512 1024
834 16 32
835 32 4
836 64 64
837 64 128
838 4 16
839 16 128
840 16 8
841 16 128
842 16 32
843 16 16
844 128 4
845 256 512
846 4 16
847 8 16
848 64 4
1 65
1 698
548 0
0 1
724 378
657 11
540 202
495 2
378 657
202 657
2 657
4 268
491 3
3 4
6 231
6 762
6 81
197 5
5 6
725 8
284 7
75 589
75 167
7 75
8 75
10 835
10 317
147 9
9 10
53 33
688 185
556 13
33 556
185 556
243 355
243 613
243 507
243 245
243 336
243 481
436 286
672 270
286 243
270 243
480 77
520 12
13 480
11 480
12 480
249 447
14 627
14 320
447 14
22 759
250 179
759 250
16 826
303 15
15 16
177 17
18 102
17 18
357 649
357 591
436 392
154 109
109 357
392 357
576 99
671 19
445 25
445 176
19 445
99 445
373 757
20 182
757 20
22 70
22 384
22 269
22 259
813 21
21 22
318 687
323 24
731 23
23 318
24 318
597 26
484 771
25 484
26 484
361 51
296 27
485 78
51 485
27 485
29 419
162 696
174 28
136 433
433 29
835 29
696 29
28 29
132 665
132 148
705 30
644 530
530 132
30 132
469 32
123 389
348 306
553 31
32 123
31 123
306 123
420 229
34 153
34 483
34 379
229 34
48 37
38 847
285 35
705 36
605 178
178 38
37 38
35 38
36 38
252 521
829 325
325 252
87 542
198 39
551 488
542 551
39 551
95 40
502 41
169 545
40 169
41 169
43 517
43 155
576 42
355 43
42 43
45 377
785 44
275 800
44 45
800 45
48 422
48 527
48 562
499 46
215 47
46 48
47 48
496 49
63 374
613 63
49 63
760 186
241 140
50 57
140 50
186 50
465 52
367 316
528 566
52 528
316 528
315 106
430 143
143 53
106 53
56 628
56 441
499 54
583 55
54 56
55 56
307 748
307 468
273 205
205 307
709 406
406 605
57 605
251 160
60 584
60 819
60 126
60 702
90 58
373 61
61 58
61 59
61 60
725 62
546 691
62 546
473 641
168 538
64 324
641 64
538 64
328 486
600 676
676 328
65 328
539 100
775 337
100 775
315 68
69 115
449 67
601 66
68 69
66 69
67 69
71 647
589 71
70 71
297 72
73 506
73 302
72 73
717 459
548 74
74 717
617 76
548 814
548 457
76 548
516 667
77 516
78 516
848 719
436 79
138 80
79 848
80 848
423 798
845 371
847 845
798 845
339 84
92 695
164 843
678 475
842 335
84 842
475 842
695 842
843 842
256 112
150 526
639 193
414 841
841 639
526 639
112 639
825 623
354 133
840 364
623 840
133 840
293 352
293 555
499 98
832 838
838 293
98 293
249 836
836 177
184 834
833 763
833 575
834 833
525 571
832 461
832 827
832 190
832 726
571 832
212 831
830 703
831 830
829 289
436 816
486 829
816 829
297 471
247 828
646 770
828 646
471 646
707 385
385 825
826 825
645 754
725 740
780 659
780 515
754 780
740 780
89 312
807 727
282 438
606 219
219 282
727 282
312 282
824 435
610 529
168 701
529 824
701 824
679 818
235 721
88 820
699 822
137 108
818 235
820 235
822 235
108 235
725 535
540 817
285 633
285 103
535 285
817 285
541 329
668 428
277 753
753 541
428 541
499 141
813 773
141 813
274 811
810 729
811 810
776 747
634 487
500 404
404 634
747 634
289 634
678 522
499 407
147 808
808 678
407 678
805 237
558 806
806 805
420 804
275 578
275 192
804 275
628 275
751 383
383 87
719 87
439 803
195 454
741 350
741 311
454 741
803 741
363 758
363 117
363 451
540 802
802 363
799 358
583 622
622 799
797 161
797 101
439 750
750 797
796 501
649 796
554 793
246 781
647 246
793 246
159 792
790 745
511 791
791 790
435 790
792 790
705 712
705 380
705 310
705 504
152 543
543 705
706 789
213 654
569 207
654 569
789 569
576 299
766 669
788 744
669 788
299 788
784 458
688 787
787 784
175 782
604 196
448 783
253 431
781 604
782 604
783 604
431 604
464 359
645 340
645 91
359 645
231 645
233 718
287 685
718 807
685 807
570 260
226 839
839 570
751 661
837 779
779 751
777 608
777 116
170 651
651 777
774 716
774 322
774 298
774 666
774 119
774 489
774 772
774 510
725 376
376 774
343 254
138 809
418 111
254 418
809 418
341 714
341 417
341 319
341 218
167 341
416 614
768 151
794 372
614 768
770 768
771 768
372 768
308 450
767 204
767 105
450 767
352 767
682 812
812 766
398 764
408 765
125 393
765 125
764 125
399 440
763 399
682 674
674 398
762 398
760 710
760 121
760 466
583 761
761 760
756 225
758 756
563 472
644 261
261 563
244 629
629 553
716 553
752 86
461 752
523 145
182 523
592 206
322 592
748 592
462 742
743 720
742 743
744 743
745 743
667 743
118 739
737 338
739 737
564 735
326 734
412 512
733 755
512 733
735 733
734 733
731 432
731 266
655 732
422 731
732 731
568 397
729 568
136 728
238 413
728 238
600 291
725 675
725 257
291 725
590 201
688 559
724 158
201 724
559 724
294 722
722 706
251 690
499 697
499 120
499 467
677 626
626 720
626 482
626 499
576 664
576 596
468 576
175 680
714 175
712 175
360 711
711 709
710 709
436 708
212 625
212 210
708 212
459 212
704 144
368 199
533 736
199 704
736 704
632 658
632 429
703 632
384 632
496 351
648 700
351 699
700 699
671 846
671 149
671 166
698 671
697 671
558 694
430 236
694 430
691 430
394 689
345 130
221 581
823 405
581 823
130 823
689 823
412 203
612 723
203 612
687 612
419 612
540 795
343 490
661 343
795 343
554 769
769 465
117 465
142 681
439 683
680 679
683 679
681 679
337 677
675 672
129 670
304 444
444 668
670 668
577 452
248 347
664 577
347 577
665 577
846 644
200 663
449 640
269 449
663 449
656 470
659 656
658 656
308 390
814 655
390 655
436 653
152 574
152 124
653 152
652 616
417 652
369 650
650 648
643 693
455 815
815 643
297 230
134 730
479 519
340 479
230 479
730 479
642 686
102 642
636 262
640 636
610 635
362 426
426 92
635 92
374 92
273 603
610 425
610 223
610 208
603 610
633 610
464 621
625 558
621 558
251 619
263 615
615 721
615 618
615 617
313 609
531 356
821 611
402 271
609 531
271 531
611 531
294 607
608 606
607 606
251 602
600 738
305 281
281 151
281 346
281 600
170 599
260 150
599 150
597 518
369 598
598 597
233 595
595 368
436 593
197 594
594 590
593 590
540 187
147 330
682 503
682 353
330 682
187 682
502 585
234 588
331 258
585 89
258 89
588 89
319 326
148 326
583 82
584 583
300 582
540 264
582 315
264 315
288 437
776 579
579 288
492 497
660 139
214 172
172 660
497 660
578 660
284 572
442 194
442 228
572 442
773 442
574 442
369 561
547 778
566 547
561 547
200 560
560 496
225 496
153 821
297 97
297 477
297 456
297 801
200 557
557 297
554 505
555 554
342 209
209 423
298 423
91 423
233 453
354 552
222 514
552 222
453 222
342 550
544 349
550 544
545 544
145 539
715 513
116 715
314 534
746 537
537 533
534 533
345 532
524 749
532 524
527 524
540 476
522 520
476 520
239 127
191 279
364 239
507 239
490 239
279 239
81 244
82 308
323 388
255 844
220 276
276 345
844 345
388 345
441 154
136 395
195 173
173 136
200 240
240 168
586 638
666 586
193 586
163 366
196 163
452 163
778 163
474 85
85 88
161 88
248 434
375 620
409 382
620 409
434 409
131 508
827 131
662 630
251 93
627 630
627 94
627 525
107 567
567 95
96 224
344 494
494 96
220 122
562 469
122 469
391 624
425 391
587 309
194 587
119 587
156 549
101 156
97 156
323 400
323 267
369 333
333 323
439 509
380 253
509 253
104 410
350 104
103 104
227 427
402 280
280 227
403 157
128 216
371 662
216 662
157 662
284 401
401 195
446 110
144 462
110 462
111 462
214 637
565 334
334 304
637 304
361 292
489 129
292 129
249 113
113 118
197 536
120 197
819 197
464 460
460 500
242 181
517 137
181 137
303 411
124 191
411 191
126 464
467 464
127 128
115 128
686 263
255 146
242 684
684 255
369 114
114 134
436 135
358 300
135 300
218 142
477 142
245 455
438 455
272 786
146 272
688 713
738 147
713 147
149 159
310 159
395 159
688 573
573 200
155 348
501 348
549 348
786 348
295 321
321 360
121 273
837 183
86 837
536 837
158 164
772 164
493 290
268 90
410 90
223 90
290 90
313 165
165 170
166 170
176 564
317 564
217 692
180 421
692 180
179 180
420 478
478 233
183 233
483 540
424 463
463 184
313 188
188 367
190 215
192 198
379 361
204 361
320 274
248 327
515 416
327 416
518 416
673 631
506 673
287 365
365 314
688 381
688 189
726 688
377 256
356 256
514 256
429 162
302 162
502 171
265 332
591 265
171 265
421 491
309 491
488 491
259 439
702 313
508 313
624 394
631 394
105 565
336 446
505 446
332 375
206 375
504 369
262 174
400 174
382 493
519 493
470 362
456 362
487 473
139 473
616 408
267 408
472 408
458 284
466 284
457 420
448 387
451 448
251 396
498 443
443 251
440 249
277 580
224 296
580 296
437 414
432 414
236 412
386 278
481 386
311 221
521 221
301 370
638 403
370 403
693 403
513 511
207 511
210 342
381 342
107 415
502 211
211 495
415 495
436 283
283 214
242 232
387 242
349 217
503 217
596 220
208 474
353 474
324 301
329 301
228 794
232 794
801 248
237 247
510 247
257 707
266 234
427 785
189 785
575 373
278 339
413 339
397 305
338 366
338 83
338 436
