851 1036
0 32 128
1 4 128
2 16 128
3 16 16
4 32 64
5 256 256
6 4 4
7 16 128
8 8 128
9 128 128
10 256 2048
11 64 4
12 2048 256
13 16 32
14 128 32
15 8 128
16 64 8
17 1024 2048
18 128 4
19 256 1024
20 32 64
21 16 4
22 128 8
23 32 64
24 8 128
25 8 16
26 8 16
27 128 128
28 64 8
29 4 16
30 4 4
31 1024 2048
32 16 4
33 512 512
34 4 32
35 256 512
36 4 64
37 64 8
38 16 8
39 128 4
40 512 1024
41 128 16
42 1024 256
43 64 8
44 16 16
45 256 1024
46 64 16
47 16 4
48 1024 512
49 16 4
50 8 128
51 128 32
52 16 128
53 64 64
54 512 2048
55 32 128
56 64 32
57 512 2048
58 64 32
59 1024 256
60 128 16
61 4 32
62 4 16
63 4 16
64 1024 256
65 128 8
66 16 16
67 32 128
68 64 4
69 8 8
70 128 4
71 8 16
72 2048 2048
73 4 128
74 2048 256
75 4 128
76 32 64
77 16 16
78 512 256
79 64 64
80 4 16
81 128 32
82 256 512
83 16 64
84 16 4
85 32 16
86 16 32
87 16 32
88 256 1024
89 64 16
90 8 16
91 2048 512
92 4 8
93 32 32
94 256 1024
95 128 16
96 32 8
97 1024 256
98 2048 256
99 512 1024
100 32 16
101 16 32
102 2048 1024
103 1024 2048
104 16 32
105 64 16
106 64 16
107 512 512
108 512 512
109 1024 512
110 32 32
111 32 128
112 64 64
113 16 4
114 16 32
115 4 16
116 8 32
117 128 128
118 32 32
119 8 32
120 128 4
121 4 64
122 512 1024
123 8 4
124 512 512
125 16 64
126 16 8
127 64 128
128 32 4
129 128 64
130 8 4
131 1024 1024
132 4 8
133 512 512
134 2048 1024
135 64 64
136 16 8
137 256 256
138 4 8
139 32 8
140 32 64
141 4 128
142 2048 512
143 64 16
144 8 128
145 32 64
146 8 16
147 512 256
148 1024 2048
149 2048 1024
150 256 1024
151 1024 512
152 2048 1024
153 4 64
154 1024 2048
155 128 8
156 512 256
157 4 128
158 128 4
159 4 64
160 512 256
161 16 128
162 512 2048
163 512 2048
164 16 64
165 64 4
166 512 256
167 32 8
168 8 4
169 8 32
170 64 128
171 32 8
172 2048 2048
173 128 16
174 8 64
175 4 8
176 4 128
177 32 8
178 16 8
179 128 32
180 16 128
181 512 2048
182 128 16
183 16 4
184 256 1024
185 128 128
186 128 4
187 4 128
188 16 128
189 512 2048
190 64 64
191 8 4
192 4 64
193 2048 512
194 512 512
195 8 8
196 1024 256
197 512 512
198 4 16
199 16 128
200 128 4
201 128 8
202 4 16
203 64 8
204 16 8
205 32 128
206 64 8
207 64 8
208 256 1024
209 64 4
210 32 8
211 64 8
212 512 2048
213 2048 256
214 32 128
215 4 16
216 512 1024
217 16 8
218 2048 512
219 64 128
220 32 4
221 8 64
222 16 8
223 16 64
224 1024 2048
225 64 16
226 64 16
227 2048 256
228 1024 2048
229 8 4
230 4 8
231 2048 256
232 16 16
233 32 128
234 256 512
235 4 128
236 4 8
237 128 128
238 256 256
239 16 32
240 32 128
241 16 64
242 256 512
243 4 128
244 2048 256
245 32 16
246 4 64
247 32 32
248 8 8
249 8 16
250 8 64
251 1024 256
252 2048 1024
253 1024 2048
254 128 4
255 4 32
256 32 16
257 8 128
258 1024 256
259 16 32
260 32 16
261 128 4
262 8 32
263 8 8
264 512 512
265 512 2048
266 8 16
267 64 8
268 128 64
269 32 8
270 32 16
271 1024 512
272 4 8
273 16 16
274 8 32
275 256 512
276 1024 256
277 8 32
278 8 64
279 256 512
280 2048 512
281 16 64
282 512 512
283 32 4
284 1024 256
285 1024 256
286 128 32
287 128 64
288 1024 512
289 2048 1024
290 4 4
291 32 64
292 32 16
293 8 32
294 256 1024
295 4 32
296 16 64
297 2048 1024
298 64 64
299 32 64
300 2048 512
301 2048 256
302 256 512
303 128 16
304 512 512
305 512 1024
306 256 1024
307 8 64
308 32 32
309 512 1024
310 128 4
311 64 32
312 128 128
313 128 16
314 64 32
315 1024 512
316 4 4
317 8 64
318 64 4
319 16 16
320 256 512
321 4 4
322 128 128
323 128 16
324 256 256
325 512 256
326 64 32
327 4 8
328 16 64
329 16 4
330 64 64
331 128 32
332 8 128
333 2048 256
334 512 256
335 64 128
336 64 16
337 64 128
338 4 16
339 128 32
340 16 128
341 8 128
342 4 32
343 16 4
344 16 128
345 256 512
346 128 128
347 1024 512
348 2048 1024
349 16 8
350 32 4
351 64 4
352 16 128
353 32 64
354 512 256
355 128 128
356 16 16
357 16 4
358 16 64
359 16 64
360 128 16
361 8 128
362 2048 1024
363 32 128
364 1024 512
365 8 128
366 16 8
367 32 8
368 2048 1024
369 128 64
370 256 1024
371 64 4
372 64 4
373 8 128
374 16 4
375 128 32
376 256 1024
377 1024 1024
378 64 32
379 32 64
380 16 32
381 512 1024
382 16 32
383 4 64
384 16 16
385 32 4
386 512 1024
387 4 4
388 8 128
389 512 2048
390 512 512
391 16 16
392 2048 2048
393 2048 2048
394 256 1024
395 512 2048
396 128 64
397 2048 2048
398 16 8
399 4 8
400 4 16
401 256 2048
402 128 4
403 64 32
404 8 128
405 4 8
406 64 128
407 16 128
408 16 4
409 16 16
410 128 4
411 64 4
412 64 4
413 2048 512
414 4 32
415 512 512
416 512 512
417 16 4
418 4 64
419 32 8
420 512 512
421 32 8
422 1024 2048
423 32 8
424 128 32
425 1024 512
426 1024 512
427 64 64
428 64 32
429 16 4
430 128 16
431 64 4
432 128 16
433 128 128
434 128 64
435 32 64
436 16 8
437 256 256
438 64 128
439 64 32
440 4 8
441 1024 1024
442 16 8
443 64 128
444 32 64
445 16 4
446 4 4
447 2048 512
448 2048 256
449 2048 1024
450 32 128
451 4 32
452 32 8
453 512 1024
454 16 4
455 2048 2048
456 128 4
457 32 32
458 16 4
459 32 64
460 256 256
461 8 8
462 128 64
463 4 8
464 4 32
465 2048 1024
466 512 512
467 32 16
468 8 4
469 32 128
470 16 16
471 8 16
472 64 64
473 32 8
474 32 8
475 512 512
476 128 8
477 2048 512
478 64 16
479 32 16
480 32 16
481 1024 2048
482 512 2048
483 512 1024
484 4 16
485 8 128
486 8 4
487 4 32
488 1024 256
489 32 128
490 1024 256
491 256 256
492 128 128
493 8 32
494 32 64
495 2048 1024
496 128 4
497 1024 256
498 32 64
499 128 16
500 256 512
501 512 2048
502 16 8
503 512 1024
504 16 16
505 4 16
506 512 2048
507 64 8
508 128 32
509 16 8
510 128 32
511 256 512
512 128 8
513 16 32
514 2048 512
515 64 32
516 16 16
517 8 128
518 64 64
519 1024 256
520 256 256
521 16 64
522 128 64
523 128 4
524 4 32
525 16 32
526 256 256
527 16 32
528 256 256
529 64 16
530 4 8
531 2048 256
532 256 1024
533 16 16
534 8 32
535 4 4
536 256 256
537 16 4
538 16 8
539 1024 256
540 1024 2048
541 64 64
542 32 4
543 2048 1024
544 512 256
545 512 1024
546 512 512
547 4 16
548 8 4
549 64 16
550 512 256
551 512 1024
552 64 8
553 256 2048
554 1024 512
555 256 512
556 128 4
557 64 4
558 8 4
559 64 64
560 64 128
561 256 2048
562 256 256
563 8 16
564 2048 512
565 4 16
566 32 4
567 32 128
568 512 2048
569 64 4
570 16 64
571 64 8
572 8 16
573 8 32
574 16 16
575 16 16
576 64 4
577 8 128
578 16 4
579 8 128
580 256 512
581 512 256
582 32 64
583 512 2048
584 1024 1024
585 32 128
586 128 8
587 8 64
588 2048 1024
589 64 32
590 256 512
591 512 256
592 128 64
593 16 64
594 8 16
595 4 64
596 256 512
597 4 32
598 1024 2048
599 64 8
600 256 256
601 1024 256
602 128 16
603 2048 1024
604 16 8
605 8 64
606 64 128
607 128 8
608 16 64
609 16 64
610 512 2048
611 16 128
612 16 64
613 512 512
614 1024 1024
615 4 64
616 64 32
617 16 16
618 64 16
619 32 4
620 1024 2048
621 4 64
622 256 1024
623 8 32
624 128 4
625 128 32
626 512 1024
627 64 16
628 64 64
629 128 8
630 16 64
631 64 16
632 128 128
633 128 16
634 256 2048
635 32 128
636 128 32
637 128 8
638 256 2048
639 4 64
640 16 64
641 1024 256
642 16 16
643 16 8
644 64 32
645 16 32
646 32 4
647 4 64
648 128 32
649 8 32
650 32 64
651 32 64
652 2048 2048
653 128 8
654 8 4
655 512 1024
656 1024 1024
657 256 2048
658 64 16
659 128 128
660 16 64
661 8 4
662 32 4
663 64 16
664 16 64
665 128 32
666 8 4
667 128 128
668 2048 512
669 128 16
670 128 32
671 1024 512
672 128 128
673 16 8
674 64 64
675 4 4
676 128 32
677 16 64
678 128 128
679 4 128
680 16 128
681 32 128
682 4 8
683 64 16
684 64 32
685 1024 512
686 32 8
687 64 64
688 4 64
689 8 8
690 8 4
691 128 8
692 512 512
693 16 4
694 32 16
695 16 8
696 256 2048
697 32 128
698 128 8
699 256 256
700 128 16
701 4 128
702 2048 256
703 8 32
704 64 4
705 64 128
706 32 64
707 4 16
708 16 32
709 8 128
710 16 8
711 8 64
712 4 16
713 512 256
714 8 64
715 8 16
716 64 4
717 4 16
718 64 64
719 512 512
720 4 16
721 8 32
722 512 512
723 8 16
724 2048 1024
725 4 4
726 128 16
727 8 8
728 8 16
729 8 16
730 32 8
731 4 128
732 64 4
733 1024 1024
734 16 64
735 512 1024
736 512 512
737 2048 1024
738 32 128
739 8 64
740 16 64
741 1024 2048
742 32 128
743 128 64
744 256 1024
745 8 8
746 8 16
747 16 8
748 4 4
749 4 8
750 4 64
751 64 8
752 4 32
753 512 256
754 2048 256
755 16 8
756 8 32
757 16 4
758 1024 1024
759 32 8
760 8 8
761 128 32
762 512 512
763 128 16
764 16 16
765 128 8
766 1024 1024
767 8 8
768 64 8
769 8 32
770 64 4
771 64 8
772 256 256
773 32 8
774 4 4
775 16 16
776 128 16
777 128 8
778 1024 2048
779 1024 256
780 512 2048
781 1024 512
782 1024 1024
783 4 8
784 16 8
785 16 8
786 16 8
787 128 16
788 4 4
789 512 1024
790 2048 512
791 512 1024
792 128 4
793 2048 2048
794 128 4
795 128 4
796 4 128
797 16 64
798 256 2048
799 32 8
800 128 128
801 8 16
802 1024 256
803 8 16
804 128 16
805 256 512
806 64 64
807 128 64
808 4 64
809 2048 512
810 4 16
811 8 16
812 32 4
813 4 64
814 128 32
815 512 256
816 256 2048
817 128 8
818 4 16
819 16 128
820 2048 1024
821 8 16
822 1024 512
823 64 8
824 1024 256
825 4 8
826 256 256
827 4 8
828 64 4
829 16 32
830 8 8
831 8 64
832 2048 256
833 8 64
834 4 4
835 128 16
836 512 1024
837 512 512
838 64 8
839 8 16
840 1024 2048
841 32 16
842 8 128
843 16 8
844 512 512
845 2048 1024
846 4 128
847 16 32
848 16 8
849 2048 1024
850 1024 1024
1 35
1 767
1 720
754 0
0 1
647 503
399 389
550 2
652 3
389 647
2 647
3 647
667 253
613 773
122 794
196 4
4 253
4 679
4 122
6 684
469 563
754 5
5 6
563 6
70 187
70 529
246 371
538 7
7 70
371 70
9 68
277 8
8 9
515 10
11 651
10 11
120 12
13 444
12 13
290 14
688 845
14 688
697 558
656 411
759 677
411 759
558 759
397 15
16 360
15 16
17 657
775 753
753 17
572 19
797 18
20 633
20 432
18 20
19 20
175 21
22 100
21 22
113 39
113 345
113 561
113 368
384 219
219 113
37 236
479 695
236 479
793 446
319 226
446 319
295 23
24 180
23 24
168 442
25 502
25 199
442 25
182 28
812 27
497 631
419 26
42 471
28 497
27 497
26 497
471 497
705 29
568 30
86 212
29 86
30 86
415 31
225 38
31 225
33 248
812 837
351 32
433 682
837 33
682 33
32 33
581 34
457 540
842 149
540 842
34 842
127 517
461 159
35 127
159 127
569 629
36 500
629 36
354 417
37 273
417 37
332 594
275 823
594 275
231 459
38 231
171 440
129 40
39 171
40 171
469 41
528 425
425 42
41 42
45 765
501 43
145 44
43 45
44 45
506 103
103 120
58 736
58 130
58 804
337 46
46 58
50 453
153 465
47 233
453 47
465 47
538 49
538 610
538 663
797 204
204 538
768 365
48 369
48 330
48 146
48 162
48 750
48 358
48 297
48 728
365 48
455 377
50 218
49 50
377 50
484 195
51 206
195 51
96 52
613 53
54 462
807 55
55 52
55 761
55 54
616 512
584 56
156 815
815 616
56 616
798 254
254 196
574 76
574 671
574 282
513 57
57 574
59 693
59 723
59 271
678 66
66 59
61 94
61 128
768 665
183 60
665 61
60 61
333 98
511 669
98 511
77 62
64 527
747 63
63 64
767 64
62 64
67 766
67 466
67 583
67 95
67 132
469 65
65 67
613 348
69 746
69 292
69 487
313 260
260 68
260 189
260 69
501 174
501 668
704 281
281 501
691 71
71 153
74 741
800 73
237 72
72 74
73 74
460 75
75 77
76 77
79 694
790 78
262 366
366 79
78 79
151 352
846 481
229 192
308 850
352 846
192 846
850 846
129 534
200 597
642 844
536 654
844 536
534 536
597 536
754 843
237 408
783 222
408 783
843 783
809 359
438 841
351 826
351 191
841 351
359 351
833 838
175 325
838 175
354 836
468 250
836 468
835 649
693 835
363 834
833 80
833 431
834 833
832 816
495 87
676 645
87 832
645 832
777 385
787 686
787 435
385 787
830 493
830 114
223 261
183 831
261 830
831 830
692 475
357 681
475 357
741 357
768 721
168 234
507 285
507 618
721 507
234 507
607 829
142 539
539 568
829 568
182 209
374 300
793 828
209 374
828 374
345 374
291 615
776 644
519 546
546 291
644 291
776 748
551 177
748 551
369 551
824 148
776 303
826 824
303 824
313 136
822 727
136 822
820 595
567 216
480 586
216 820
746 820
586 820
541 818
818 667
816 667
760 814
726 269
814 726
384 414
642 407
337 813
813 384
407 384
812 109
812 772
812 117
285 812
461 585
742 621
585 742
336 811
613 810
572 376
572 304
572 284
738 456
456 811
456 312
456 572
183 405
405 809
409 689
613 714
797 600
690 808
808 689
808 152
808 797
590 806
803 194
803 458
806 803
800 606
800 390
515 685
685 800
795 115
279 796
495 799
715 268
796 795
268 795
799 795
699 163
699 322
794 699
179 641
678 792
691 537
641 691
792 691
791 355
109 791
246 316
316 790
423 788
617 680
346 789
788 697
789 697
680 697
582 116
786 383
116 786
631 786
263 158
845 263
817 381
330 817
543 784
702 849
692 422
784 692
849 692
332 356
648 396
356 648
613 781
777 548
777 735
777 220
777 426
628 782
626 762
762 782
762 779
762 777
775 450
300 775
520 821
772 279
821 279
613 490
625 256
256 383
256 770
256 768
763 729
241 764
764 763
766 763
765 763
92 93
447 102
317 190
190 92
102 92
760 724
823 760
129 755
129 716
129 547
302 758
758 129
666 756
327 429
756 327
302 238
326 732
651 326
238 326
755 754
452 228
613 752
751 252
749 296
296 228
296 478
296 751
84 780
780 749
555 118
567 406
454 211
406 555
211 555
229 307
307 747
531 552
180 531
605 386
519 757
500 605
757 605
776 745
298 659
567 744
743 516
744 743
745 743
659 743
343 740
738 674
740 738
734 703
400 244
736 734
244 734
730 722
599 731
732 730
731 730
727 690
559 185
724 559
719 259
719 653
719 380
723 719
717 451
584 570
703 717
570 717
460 713
700 104
543 712
712 700
716 700
713 700
270 711
710 139
710 123
711 710
613 709
708 387
708 392
184 707
707 115
707 418
707 708
486 510
486 214
462 486
84 848
848 415
515 305
302 706
706 704
305 704
532 701
320 737
698 470
701 698
737 698
695 484
687 604
218 687
259 687
611 505
610 611
172 683
437 83
681 437
684 437
683 437
510 678
567 672
567 197
567 522
248 567
677 567
623 696
623 126
623 161
286 280
339 675
675 623
280 623
404 733
194 404
230 533
230 421
119 673
673 230
461 306
672 461
302 601
670 181
670 441
601 670
671 670
669 666
664 660
664 494
591 650
650 664
661 379
663 661
399 655
655 581
660 581
657 581
793 367
785 530
367 785
188 323
379 188
653 188
646 434
646 344
505 646
649 646
340 643
311 413
642 525
642 318
643 642
413 642
155 542
286 639
639 155
363 278
637 135
278 637
613 636
613 614
613 622
613 565
613 309
613 378
613 165
613 592
613 514
613 217
613 144
613 169
324 805
805 613
634 410
436 202
202 83
202 321
202 634
157 630
470 628
630 628
729 628
100 626
333 445
625 662
445 625
624 443
273 624
620 554
696 620
686 620
793 403
569 638
381 569
403 569
227 314
518 482
314 518
596 619
619 541
146 541
621 541
618 617
396 227
493 151
615 151
612 840
207 524
524 451
524 847
524 612
245 299
608 81
458 299
458 609
458 608
603 395
440 603
606 603
602 258
93 602
466 602
176 769
769 340
600 340
147 498
498 596
148 596
519 593
591 257
593 591
793 588
827 589
162 454
589 454
588 454
399 587
584 774
584 267
584 232
587 584
750 582
481 582
583 582
430 140
521 578
477 580
578 430
774 430
580 430
576 627
515 577
577 576
485 573
776 331
573 480
331 480
827 575
252 827
240 347
564 276
150 562
562 347
562 301
562 564
560 801
560 492
561 560
363 557
557 313
513 198
554 241
198 241
438 553
793 89
553 793
549 111
549 499
552 549
310 556
556 333
286 545
548 543
545 543
532 108
633 532
542 532
537 532
528 99
530 528
257 528
200 287
264 97
97 521
287 521
525 521
412 106
80 412
160 88
160 394
81 160
433 131
372 82
131 156
82 156
431 84
183 778
183 427
183 491
370 725
725 149
725 401
725 183
382 166
166 140
166 221
166 119
607 658
598 125
658 598
88 598
158 207
167 526
167 535
197 167
355 167
337 640
640 339
825 424
483 402
402 825
267 825
89 447
139 354
776 91
94 607
91 607
380 96
95 96
223 242
502 223
270 364
364 370
599 154
735 599
205 210
99 205
358 205
420 224
387 420
141 391
771 439
391 771
503 771
504 101
105 293
654 105
101 105
104 105
247 107
107 409
323 409
434 409
132 409
494 652
450 652
111 293
111 110
111 302
715 121
121 452
117 452
118 452
286 243
533 286
362 350
393 289
289 247
350 247
123 343
705 208
526 245
125 245
208 245
306 483
176 266
276 176
474 488
128 474
292 474
416 272
130 460
272 460
265 472
733 265
469 124
133 496
801 133
124 133
674 150
134 143
135 134
203 467
398 819
819 512
819 508
819 203
399 138
229 137
308 335
335 141
138 141
114 141
137 141
509 186
142 334
186 142
200 635
804 200
112 315
143 112
715 739
739 147
163 147
694 336
232 336
432 336
702 571
237 579
579 702
635 157
154 157
318 157
715 388
199 715
778 715
126 145
839 328
220 839
547 839
718 164
164 168
477 239
90 170
239 90
328 90
722 90
170 172
395 172
523 178
178 457
177 457
174 457
496 457
179 201
266 179
182 361
627 182
181 182
776 85
85 550
459 184
191 523
282 523
522 495
332 476
476 310
353 489
392 520
489 520
499 382
516 277
595 277
517 277
215 473
444 473
444 464
444 509
438 373
427 423
373 423
720 676
213 274
274 398
428 632
632 807
426 513
421 513
840 337
362 173
338 566
604 338
173 338
161 477
108 477
492 419
436 448
448 506
346 349
349 433
106 332
668 320
435 320
386 298
488 298
255 802
487 255
297 485
449 251
258 449
527 449
491 519
467 346
376 311
214 311
246 249
304 246
271 246
362 329
201 362
443 251
443 342
443 438
315 436
429 397
193 294
294 428
329 416
187 416
414 308
441 308
341 375
185 341
206 213
472 193
455 544
344 262
544 262
469 463
566 240
463 240
233 240
529 240
535 215
210 215
212 215
422 504
222 504
226 229
390 229
469 235
235 399
243 264
269 439
269 288
269 718
242 776
662 270
728 353
284 455
410 515
360 424
360 283
360 656
249 393
388 705
638 705
375 590
368 317
361 317
250 295
571 469
325 290
482 798
