851 1036
0 20 30
1 20 20
2 20 50
3 5 6
4 7 7
5 8 10
6 9 7
7 9 9
8 7 7
9 8 6
10 7 7
11 6 7
12 5 10
13 6 8
14 8 8
15 40 40
16 30 40
17 10 7
18 40 40
19 6 9
20 40 50
21 10 7
22 40 30
23 40 50
24 5 5
25 7 5
26 5 7
27 5 10
28 6 5
29 5 6
30 8 7
31 7 5
32 8 9
33 30 40
34 8 7
35 7 9
36 10 7
37 10 10
38 7 6
39 6 7
40 8 6
41 7 7
42 8 9
43 6 5
44 20 40
45 6 10
46 6 8
47 6 7
48 7 9
49 7 9
50 5 6
51 50 30
52 6 5
53 30 30
54 50 40
55 9 7
56 10 6
57 6 7
58 8 5
59 5 8
60 40 50
61 7 7
62 7 6
63 5 5
64 9 7
65 8 5
66 7 6
67 5 6
68 50 30
69 8 5
70 6 7
71 9 5
72 30 40
73 30 20
74 7 5
75 10 7
76 6 8
77 9 10
78 30 30
79 9 7
80 6 8
81 7 5
82 5 5
83 50 50
84 50 20
85 5 9
86 40 30
87 10 5
88 10 5
89 10 6
90 20 50
91 9 7
92 6 7
93 8 7
94 10 10
95 8 10
96 7 6
97 5 9
98 5 8
99 5 9
100 50 50
101 50 30
102 7 8
103 40 40
104 5 6
105 20 20
106 20 20
107 40 40
108 9 6
109 9 7
110 5 7
111 7 6
112 50 50
113 50 40
114 20 50
115 6 7
116 10 10
117 8 8
118 5 10
119 50 30
120 10 9
121 5 7
122 9 9
123 7 6
124 9 8
125 9 5
126 7 10
127 20 50
128 30 20
129 40 50
130 50 20
131 9 5
132 7 7
133 7 10
134 9 8
135 5 5
136 9 5
137 8 8
138 9 10
139 9 5
140 10 6
141 10 6
142 30 20
143 8 9
144 50 50
145 6 10
146 10 10
147 5 9
148 8 10
149 5 6
150 20 20
151 8 7
152 50 40
153 20 50
154 7 7
155 50 50
156 7 7
157 9 8
158 20 30
159 6 6
160 40 40
161 30 20
162 6 7
163 20 50
164 5 10
165 9 9
166 7 6
167 8 8
168 7 7
169 10 5
170 5 8
171 5 5
172 6 10
173 5 8
174 5 10
175 40 30
176 50 30
177 6 8
178 40 30
179 9 6
180 5 10
181 8 9
182 40 30
183 7 7
184 50 40
185 6 7
186 9 6
187 50 40
188 8 7
189 6 6
190 6 8
191 30 30
192 40 20
193 30 20
194 5 7
195 20 30
196 50 30
197 5 6
198 5 7
199 10 7
200 9 10
201 40 30
202 8 7
203 6 9
204 30 20
205 9 7
206 9 6
207 50 30
208 30 40
209 10 5
210 8 10
211 40 30
212 30 40
213 5 9
214 7 8
215 10 7
216 40 30
217 9 6
218 8 6
219 10 5
220 10 9
221 10 10
222 7 9
223 50 20
224 30 40
225 10 8
226 50 30
227 8 9
228 10 9
229 8 10
230 7 10
231 10 5
232 7 7
233 30 30
234 7 10
235 40 40
236 6 9
237 10 5
238 40 30
239 7 9
240 6 7
241 40 50
242 8 7
243 10 8
244 9 7
245 40 30
246 6 5
247 50 30
248 10 9
249 9 9
250 6 8
251 10 6
252 5 8
253 7 9
254 6 5
255 6 7
256 10 9
257 40 30
258 7 5
259 7 5
260 40 20
261 50 20
262 10 9
263 6 5
264 6 5
265 8 9
266 8 9
267 9 10
268 5 5
269 40 20
270 6 10
271 7 7
272 5 9
273 9 6
274 10 5
275 50 20
276 40 30
277 7 7
278 20 20
279 20 30
280 20 30
281 9 6
282 8 8
283 8 7
284 10 8
285 9 8
286 5 6
287 10 10
288 7 8
289 5 6
290 10 8
291 6 7
292 8 7
293 10 5
294 30 40
295 8 6
296 20 20
297 8 10
298 5 10
299 10 6
300 9 9
301 5 9
302 5 10
303 6 8
304 40 20
305 8 6
306 8 8
307 7 7
308 20 50
309 7 6
310 40 40
311 9 5
312 7 10
313 20 30
314 9 5
315 20 50
316 40 30
317 10 5
318 40 30
319 50 30
320 7 6
321 30 50
322 10 10
323 5 8
324 8 5
325 8 9
326 9 7
327 9 5
328 6 5
329 9 6
330 5 6
331 40 30
332 7 8
333 9 7
334 9 8
335 8 7
336 40 50
337 40 50
338 9 5
339 50 30
340 10 5
341 40 30
342 6 5
343 7 9
344 10 9
345 8 8
346 5 7
347 8 8
348 10 6
349 7 6
350 6 8
351 5 6
352 50 40
353 9 9
354 40 40
355 50 20
356 50 40
357 7 9
358 7 8
359 7 10
360 8 9
361 5 6
362 5 8
363 50 40
364 5 9
365 5 7
366 6 8
367 7 10
368 5 5
369 7 8
370 5 5
371 8 7
372 7 7
373 40 30
374 50 20
375 6 9
376 6 7
377 30 50
378 7 8
379 8 5
380 30 50
381 40 40
382 7 10
383 8 10
384 7 10
385 20 40
386 9 5
387 40 20
388 30 20
389 40 20
390 10 7
391 6 8
392 9 5
393 8 5
394 9 6
395 9 9
396 6 9
397 9 8
398 20 40
399 8 6
400 9 9
401 8 6
402 5 6
403 6 10
404 10 10
405 30 50
406 5 9
407 7 7
408 7 9
409 8 7
410 7 8
411 30 30
412 50 50
413 8 6
414 8 10
415 7 6
416 5 7
417 10 8
418 10 10
419 8 8
420 50 30
421 7 8
422 30 40
423 10 7
424 10 8
425 9 5
426 5 6
427 8 6
428 7 7
429 7 5
430 10 7
431 30 20
432 20 20
433 7 7
434 10 6
435 20 40
436 7 8
437 6 10
438 10 7
439 9 8
440 7 7
441 20 30
442 9 9
443 10 7
444 30 20
445 10 9
446 5 9
447 10 10
448 5 10
449 6 9
450 7 8
451 9 10
452 30 50
453 9 10
454 8 8
455 8 8
456 10 10
457 7 10
458 20 40
459 40 50
460 5 7
461 9 9
462 30 50
463 6 10
464 10 5
465 8 6
466 7 7
467 9 5
468 8 9
469 9 9
470 6 7
471 8 6
472 9 8
473 7 7
474 6 9
475 6 5
476 8 9
477 7 5
478 30 30
479 40 20
480 7 8
481 5 10
482 8 6
483 7 9
484 9 9
485 9 5
486 9 5
487 5 8
488 9 9
489 10 5
490 7 9
491 40 40
492 20 30
493 7 8
494 9 5
495 8 10
496 50 40
497 8 5
498 9 9
499 10 10
500 9 9
501 7 9
502 40 50
503 50 40
504 50 50
505 20 30
506 9 8
507 30 20
508 50 20
509 40 50
510 10 10
511 6 8
512 5 10
513 10 9
514 40 30
515 30 30
516 9 6
517 40 40
518 9 8
519 6 6
520 20 20
521 30 50
522 5 10
523 6 5
524 30 40
525 50 40
526 10 9
527 7 10
528 40 20
529 50 20
530 10 7
531 8 8
532 7 5
533 9 5
534 5 10
535 10 10
536 20 20
537 50 40
538 8 10
539 9 8
540 9 6
541 40 30
542 10 9
543 7 10
544 50 40
545 20 30
546 10 8
547 9 6
548 40 30
549 30 30
550 8 10
551 50 50
552 20 30
553 10 7
554 40 50
555 8 10
556 40 50
557 5 5
558 8 9
559 8 7
560 10 5
561 30 50
562 10 7
563 8 10
564 7 5
565 5 7
566 6 6
567 6 10
568 5 7
569 9 9
570 30 20
571 10 6
572 8 8
573 8 5
574 50 50
575 6 5
576 8 6
577 7 5
578 6 6
579 6 7
580 8 7
581 6 6
582 30 30
583 50 30
584 7 8
585 10 7
586 10 7
587 9 8
588 50 40
589 30 40
590 8 8
591 7 9
592 9 8
593 8 7
594 5 10
595 8 8
596 9 7
597 7 10
598 30 20
599 8 9
600 9 10
601 7 10
602 5 9
603 7 7
604 20 50
605 6 5
606 5 8
607 5 7
608 10 9
609 6 8
610 40 40
611 8 7
612 9 6
613 6 5
614 9 7
615 5 5
616 30 30
617 9 5
618 8 7
619 7 7
620 50 50
621 20 30
622 9 10
623 8 6
624 9 5
625 20 20
626 30 40
627 9 5
628 6 6
629 50 20
630 7 5
631 9 10
632 7 7
633 9 5
634 5 8
635 6 10
636 40 20
637 5 5
638 40 40
639 6 7
640 10 7
641 10 8
642 5 9
643 9 8
644 6 6
645 5 5
646 5 7
647 7 7
648 10 8
649 5 10
650 5 5
651 9 9
652 30 20
653 5 5
654 10 10
655 50 50
656 6 7
657 20 20
658 10 9
659 30 20
660 40 50
661 7 9
662 40 50
663 30 50
664 6 7
665 30 40
666 7 6
667 5 9
668 10 5
669 10 5
670 20 30
671 10 5
672 30 40
673 40 20
674 10 5
675 40 20
676 5 6
677 50 20
678 5 8
679 8 6
680 40 50
681 8 5
682 9 9
683 7 8
684 6 10
685 8 10
686 40 20
687 50 40
688 8 10
689 10 10
690 8 5
691 30 30
692 20 20
693 10 9
694 10 9
695 50 30
696 20 30
697 6 6
698 8 7
699 5 6
700 8 5
701 7 10
702 9 8
703 50 50
704 9 5
705 50 40
706 20 30
707 8 5
708 30 40
709 9 7
710 50 20
711 7 7
712 8 5
713 9 6
714 7 7
715 40 30
716 10 5
717 30 30
718 30 30
719 50 30
720 8 10
721 6 10
722 9 9
723 8 9
724 20 40
725 7 5
726 50 40
727 5 6
728 40 20
729 50 40
730 40 40
731 10 6
732 9 8
733 50 40
734 10 6
735 30 50
736 20 50
737 10 9
738 50 20
739 7 7
740 40 40
741 10 8
742 7 9
743 8 8
744 40 40
745 8 7
746 40 20
747 9 10
748 40 30
749 50 50
750 8 5
751 5 7
752 7 8
753 6 9
754 10 6
755 5 9
756 9 10
757 10 7
758 8 8
759 40 50
760 10 5
761 8 5
762 9 9
763 10 8
764 9 6
765 20 20
766 8 8
767 40 30
768 30 30
769 7 6
770 20 30
771 7 7
772 8 8
773 9 7
774 9 5
775 9 9
776 50 40
777 6 7
778 50 50
779 10 5
780 9 10
781 7 7
782 10 10
783 20 30
784 40 30
785 30 50
786 10 5
787 7 5
788 7 7
789 10 7
790 50 50
791 9 8
792 8 10
793 9 9
794 5 6
795 30 50
796 40 40
797 6 6
798 40 50
799 8 8
800 10 5
801 7 10
802 8 7
803 10 8
804 50 30
805 9 9
806 8 9
807 8 9
808 20 20
809 6 10
810 9 8
811 8 10
812 30 40
813 40 30
814 6 6
815 8 7
816 5 5
817 9 7
818 7 5
819 10 10
820 5 7
821 7 10
822 20 20
823 9 6
824 7 10
825 50 40
826 9 8
827 6 6
828 6 9
829 10 5
830 5 7
831 7 10
832 10 5
833 40 50
834 7 7
835 30 20
836 50 20
837 40 50
838 7 9
839 9 10
840 7 9
841 30 20
842 7 9
843 5 7
844 40 30
845 6 8
846 10 10
847 5 5
848 9 7
849 6 5
850 8 6
1 35
1 767
1 720
754 0
0 1
647 503
399 389
550 2
652 3
389 647
2 647
3 647
667 253
613 773
122 794
196 4
4 253
4 679
4 122
6 684
469 563
754 5
5 6
563 6
70 187
70 529
246 371
538 7
7 70
371 70
9 68
277 8
8 9
515 10
11 651
10 11
120 12
13 444
12 13
290 14
688 845
14 688
697 558
656 411
759 677
411 759
558 759
397 15
16 360
15 16
17 657
775 753
753 17
572 19
797 18
20 633
20 432
18 20
19 20
175 21
22 100
21 22
113 39
113 345
113 561
113 368
384 219
219 113
37 236
479 695
236 479
793 446
319 226
446 319
295 23
24 180
23 24
168 442
25 502
25 199
442 25
182 28
812 27
497 631
419 26
42 471
28 497
27 497
26 497
471 497
705 29
568 30
86 212
29 86
30 86
415 31
225 38
31 225
33 248
812 837
351 32
433 682
837 33
682 33
32 33
581 34
457 540
842 149
540 842
34 842
127 517
461 159
35 127
159 127
569 629
36 500
629 36
354 417
37 273
417 37
332 594
275 823
594 275
231 459
38 231
171 440
129 40
39 171
40 171
469 41
528 425
425 42
41 42
45 765
501 43
145 44
43 45
44 45
506 103
103 120
58 736
58 130
58 804
337 46
46 58
50 453
153 465
47 233
453 47
465 47
538 49
538 610
538 663
797 204
204 538
768 365
48 369
48 330
48 146
48 162
48 750
48 358
48 297
48 728
365 48
455 377
50 218
49 50
377 50
484 195
51 206
195 51
96 52
613 53
54 462
807 55
55 52
55 761
55 54
616 512
584 56
156 815
815 616
56 616
798 254
254 196
574 76
574 671
574 282
513 57
57 574
59 693
59 723
59 271
678 66
66 59
61 94
61 128
768 665
183 60
665 61
60 61
333 98
511 669
98 511
77 62
64 527
747 63
63 64
767 64
62 64
67 766
67 466
67 583
67 95
67 132
469 65
65 67
613 348
69 746
69 292
69 487
313 260
260 68
260 189
260 69
501 174
501 668
704 281
281 501
691 71
71 153
74 741
800 73
237 72
72 74
73 74
460 75
75 77
76 77
79 694
790 78
262 366
366 79
78 79
151 352
846 481
229 192
308 850
352 846
192 846
850 846
129 534
200 597
642 844
536 654
844 536
534 536
597 536
754 843
237 408
783 222
408 783
843 783
809 359
438 841
351 826
351 191
841 351
359 351
833 838
175 325
838 175
354 836
468 250
836 468
835 649
693 835
363 834
833 80
833 431
834 833
832 816
495 87
676 645
87 832
645 832
777 385
787 686
787 435
385 787
830 493
830 114
223 261
183 831
261 830
831 830
692 475
357 681
475 357
741 357
768 721
168 234
507 285
507 618
721 507
234 507
607 829
142 539
539 568
829 568
182 209
374 300
793 828
209 374
828 374
345 374
291 615
776 644
519 546
546 291
644 291
776 748
551 177
748 551
369 551
824 148
776 303
826 824
303 824
313 136
822 727
136 822
820 595
567 216
480 586
216 820
746 820
586 820
541 818
818 667
816 667
760 814
726 269
814 726
384 414
642 407
337 813
813 384
407 384
812 109
812 772
812 117
285 812
461 585
742 621
585 742
336 811
613 810
572 376
572 304
572 284
738 456
456 811
456 312
456 572
183 405
405 809
409 689
613 714
797 600
690 808
808 689
808 152
808 797
590 806
803 194
803 458
806 803
800 606
800 390
515 685
685 800
795 115
279 796
495 799
715 268
796 795
268 795
799 795
699 163
699 322
794 699
179 641
678 792
691 537
641 691
792 691
791 355
109 791
246 316
316 790
423 788
617 680
346 789
788 697
789 697
680 697
582 116
786 383
116 786
631 786
263 158
845 263
817 381
330 817
543 784
702 849
692 422
784 692
849 692
332 356
648 396
356 648
613 781
777 548
777 735
777 220
777 426
628 782
626 762
762 782
762 779
762 777
775 450
300 775
520 821
772 279
821 279
613 490
625 256
256 383
256 770
256 768
763 729
241 764
764 763
766 763
765 763
92 93
447 102
317 190
190 92
102 92
760 724
823 760
129 755
129 716
129 547
302 758
758 129
666 756
327 429
756 327
302 238
326 732
651 326
238 326
755 754
452 228
613 752
751 252
749 296
296 228
296 478
296 751
84 780
780 749
555 118
567 406
454 211
406 555
211 555
229 307
307 747
531 552
180 531
605 386
519 757
500 605
757 605
776 745
298 659
567 744
743 516
744 743
745 743
659 743
343 740
738 674
740 738
734 703
400 244
736 734
244 734
730 722
599 731
732 730
731 730
727 690
559 185
724 559
719 259
719 653
719 380
723 719
717 451
584 570
703 717
570 717
460 713
700 104
543 712
712 700
716 700
713 700
270 711
710 139
710 123
711 710
613 709
708 387
708 392
184 707
707 115
707 418
707 708
486 510
486 214
462 486
84 848
848 415
515 305
302 706
706 704
305 704
532 701
320 737
698 470
701 698
737 698
695 484
687 604
218 687
259 687
611 505
610 611
172 683
437 83
681 437
684 437
683 437
510 678
567 672
567 197
567 522
248 567
677 567
623 696
623 126
623 161
286 280
339 675
675 623
280 623
404 733
194 404
230 533
230 421
119 673
673 230
461 306
672 461
302 601
670 181
670 441
601 670
671 670
669 666
664 660
664 494
591 650
650 664
661 379
663 661
399 655
655 581
660 581
657 581
793 367
785 530
367 785
188 323
379 188
653 188
646 434
646 344
505 646
649 646
340 643
311 413
642 525
642 318
643 642
413 642
155 542
286 639
639 155
363 278
637 135
278 637
613 636
613 614
613 622
613 565
613 309
613 378
613 165
613 592
613 514
613 217
613 144
613 169
324 805
805 613
634 410
436 202
202 83
202 321
202 634
157 630
470 628
630 628
729 628
100 626
333 445
625 662
445 625
624 443
273 624
620 554
696 620
686 620
793 403
569 638
381 569
403 569
227 314
518 482
314 518
596 619
619 541
146 541
621 541
618 617
396 227
493 151
615 151
612 840
207 524
524 451
524 847
524 612
245 299
608 81
458 299
458 609
458 608
603 395
440 603
606 603
602 258
93 602
466 602
176 769
769 340
600 340
147 498
498 596
148 596
519 593
591 257
593 591
793 588
827 589
162 454
589 454
588 454
399 587
584 774
584 267
584 232
587 584
750 582
481 582
583 582
430 140
521 578
477 580
578 430
774 430
580 430
576 627
515 577
577 576
485 573
776 331
573 480
331 480
827 575
252 827
240 347
564 276
150 562
562 347
562 301
562 564
560 801
560 492
561 560
363 557
557 313
513 198
554 241
198 241
438 553
793 89
553 793
549 111
549 499
552 549
310 556
556 333
286 545
548 543
545 543
532 108
633 532
542 532
537 532
528 99
530 528
257 528
200 287
264 97
97 521
287 521
525 521
412 106
80 412
160 88
160 394
81 160
433 131
372 82
131 156
82 156
431 84
183 778
183 427
183 491
370 725
725 149
725 401
725 183
382 166
166 140
166 221
166 119
607 658
598 125
658 598
88 598
158 207
167 526
167 535
197 167
355 167
337 640
640 339
825 424
483 402
402 825
267 825
89 447
139 354
776 91
94 607
91 607
380 96
95 96
223 242
502 223
270 364
364 370
599 154
735 599
205 210
99 205
358 205
420 224
387 420
141 391
771 439
391 771
503 771
504 101
105 293
654 105
101 105
104 105
247 107
107 409
323 409
434 409
132 409
494 652
450 652
111 293
111 110
111 302
715 121
121 452
117 452
118 452
286 243
533 286
362 350
393 289
289 247
350 247
123 343
705 208
526 245
125 245
208 245
306 483
176 266
276 176
474 488
128 474
292 474
416 272
130 460
272 460
265 472
733 265
469 124
133 496
801 133
124 133
674 150
134 143
135 134
203 467
398 819
819 512
819 508
819 203
399 138
229 137
308 335
335 141
138 141
114 141
137 141
509 186
142 334
186 142
200 635
804 200
112 315
143 112
715 739
739 147
163 147
694 336
232 336
432 336
702 571
237 579
579 702
635 157
154 157
318 157
715 388
199 715
778 715
126 145
839 328
220 839
547 839
718 164
164 168
477 239
90 170
239 90
328 90
722 90
170 172
395 172
523 178
178 457
177 457
174 457
496 457
179 201
266 179
182 361
627 182
181 182
776 85
85 550
459 184
191 523
282 523
522 495
332 476
476 310
353 489
392 520
489 520
499 382
516 277
595 277
517 277
215 473
444 473
444 464
444 509
438 373
427 423
373 423
720 676
213 274
274 398
428 632
632 807
426 513
421 513
840 337
362 173
338 566
604 338
173 338
161 477
108 477
492 419
436 448
448 506
346 349
349 433
106 332
668 320
435 320
386 298
488 298
255 802
487 255
297 485
449 251
258 449
527 449
491 519
467 346
376 311
214 311
246 249
304 246
271 246
362 329
201 362
443 251
443 342
443 438
315 436
429 397
193 294
294 428
329 416
187 416
414 308
441 308
341 375
185 341
206 213
472 193
455 544
344 262
544 262
469 463
566 240
463 240
233 240
529 240
535 215
210 215
212 215
422 504
222 504
226 229
390 229
469 235
235 399
243 264
269 439
269 288
269 718
242 776
662 270
728 353
284 455
410 515
360 424
360 283
360 656
249 393
388 705
638 705
375 590
368 317
361 317
250 295
571 469
325 290
482 798
