2447 2999
0 8 64
1 8 32
2 2048 512
3 4 128
4 64 4
5 512 1024
6 4 64
7 64 128
8 128 8
9 64 128
10 4 128
11 8 4
12 64 32
13 32 128
14 4 128
15 1024 256
16 2048 1024
17 128 8
18 64 8
19 2048 2048
20 16 16
21 32 128
22 8 64
23 64 8
24 16 64
25 2048 1024
26 4 64
27 16 4
28 256 256
29 32 32
30 8 4
31 4 32
32 128 16
33 32 8
34 128 64
35 2048 2048
36 128 4
37 32 16
38 4 64
39 16 128
40 256 1024
41 1024 1024
42 512 512
43 1024 512
44 512 512
45 256 2048
46 32 32
47 2048 1024
48 32 8
49 64 4
50 32 4
51 64 64
52 8 32
53 4 128
54 256 256
55 1024 256
56 16 4
57 8 4
58 64 128
59 2048 1024
60 32 32
61 16 8
62 256 1024
63 256 512
64 1024 1024
65 4 4
66 64 8
67 2048 512
68 64 4
69 64 128
70 1024 256
71 128 4
72 64 32
73 256 1024
74 128 128
75 16 64
76 256 256
77 16 128
78 128 4
79 1024 2048
80 256 512
81 256 2048
82 512 256
83 64 16
84 64 16
85 16 16
86 8 4
87 8 32
88 128 32
89 1024 2048
90 1024 1024
91 64 64
92 8 4
93 128 64
94 16 128
95 8 16
96 32 8
97 16 4
98 1024 1024
99 32 64
100 8 64
101 4 16
102 16 8
103 4 64
104 8 64
105 256 512
106 128 64
107 4 16
108 64 16
109 64 16
110 16 128
111 256 2048
112 128 8
113 32 64
114 4 16
115 2048 512
116 64 128
117 16 8
118 128 16
119 128 4
120 256 2048
121 4 4
122 8 32
123 8 8
124 128 16
125 4 4
126 8 4
127 512 256
128 4 32
129 1024 256
130 16 64
131 2048 2048
132 1024 512
133 4 64
134 16 4
135 16 4
136 16 32
137 32 8
138 1024 512
139 2048 512
140 8 32
141 512 256
142 32 4
143 2048 1024
144 32 32
145 1024 2048
146 512 512
147 16 128
148 4 64
149 8 16
150 256 2048
151 16 128
152 4 128
153 32 64
154 64 32
155 4 64
156 128 32
157 32 64
158 1024 1024
159 8 64
160 512 2048
161 64 64
162 2048 512
163 8 8
164 4 128
165 256 1024
166 16 8
167 256 1024
168 128 128
169 8 8
170 4 64
171 16 64
172 128 64
173 16 64
174 128 32
175 128 16
176 64 128
177 16 16
178 32 32
179 16 64
180 8 16
181 8 128
182 1024 512
183 16 8
184 128 4
185 16 64
186 64 4
187 32 4
188 32 8
189 2048 1024
190 32 4
191 16 128
192 8 64
193 8 16
194 128 64
195 128 16
196 128 32
197 32 64
198 512 512
199 64 8
200 4 4
201 2048 256
202 512 256
203 4 16
204 256 2048
205 2048 2048
206 8 32
207 2048 512
208 4 32
209 32 4
210 8 32
211 32 128
212 64 16
213 2048 1024
214 8 32
215 128 128
216 4 4
217 1024 1024
218 32 16
219 32 4
220 4 128
221 256 256
222 32 8
223 128 64
224 16 8
225 1024 256
226 128 32
227 64 32
228 128 8
229 4 8
230 64 64
231 32 32
232 16 64
233 4 32
234 8 16
235 128 128
236 1024 1024
237 8 8
238 512 2048
239 128 64
240 16 16
241 2048 1024
242 8 16
243 32 64
244 8 128
245 64 128
246 8 64
247 32 16
248 128 32
249 8 8
250 128 128
251 32 16
252 2048 256
253 16 4
254 16 128
255 16 32
256 8 8
257 128 4
258 2048 256
259 16 16
260 32 128
261 256 1024
262 64 16
263 256 1024
264 256 1024
265 128 32
266 32 4
267 16 32
268 256 1024
269 256 2048
270 16 128
271 512 512
272 512 512
273 16 4
274 1024 2048
275 64 32
276 2048 1024
277 2048 1024
278 16 64
279 16 128
280 128 32
281 128 8
282 64 16
283 1024 512
284 4 16
285 4 4
286 256 256
287 32 128
288 64 16
289 16 32
290 2048 256
291 512 512
292 64 8
293 4 8
294 128 16
295 128 128
296 512 1024
297 4 128
298 2048 1024
299 64 128
300 4 128
301 64 128
302 64 4
303 128 64
304 1024 1024
305 128 128
306 16 128
307 32 32
308 64 8
309 256 512
310 32 64
311 16 16
312 8 8
313 32 128
314 128 32
315 2048 512
316 8 8
317 16 64
318 512 1024
319 4 16
320 64 32
321 32 64
322 1024 1024
323 2048 2048
324 256 512
325 4 8
326 64 4
327 16 32
328 16 16
329 128 32
330 4 128
331 128 8
332 4 4
333 1024 512
334 16 4
335 128 8
336 4 4
337 8 128
338 4 4
339 4 16
340 16 4
341 64 128
342 4 16
343 1024 512
344 8 32
345 1024 256
346 64 32
347 128 32
348 512 1024
349 16 64
350 64 128
351 64 128
352 128 16
353 128 8
354 8 32
355 8 64
356 256 256
357 4 16
358 1024 2048
359 4 4
360 512 2048
361 1024 1024
362 256 1024
363 16 128
364 64 32
365 512 1024
366 64 64
367 128 16
368 4 4
369 512 256
370 16 4
371 256 256
372 16 32
373 4 32
374 128 8
375 512 2048
376 512 1024
377 256 1024
378 256 512
379 256 2048
380 16 8
381 4 4
382 32 64
383 64 32
384 32 32
385 16 4
386 8 4
387 4 4
388 2048 2048
389 8 16
390 32 128
391 2048 512
392 2048 1024
393 4 32
394 16 8
395 16 8
396 64 64
397 64 8
398 256 1024
399 64 16
400 8 64
401 32 128
402 8 32
403 8 8
404 32 16
405 1024 2048
406 512 2048
407 4 64
408 32 64
409 8 32
410 256 2048
411 256 2048
412 32 128
413 512 256
414 128 4
415 256 1024
416 64 64
417 512 512
418 1024 256
419 8 128
420 16 4
421 128 8
422 64 16
423 512 512
424 8 32
425 1024 1024
426 4 64
427 32 128
428 8 16
429 16 16
430 128 8
431 16 16
432 128 8
433 8 64
434 64 16
435 16 4
436 4 16
437 32 16
438 512 512
439 8 8
440 16 4
441 16 4
442 512 2048
443 256 256
444 512 256
445 256 1024
446 2048 256
447 4 32
448 16 8
449 128 64
450 256 1024
451 8 32
452 64 64
453 512 512
454 8 64
455 8 16
456 8 4
457 4 16
458 64 16
459 128 16
460 64 8
461 128 128
462 64 64
463 256 1024
464 256 1024
465 16 4
466 4 32
467 2048 512
468 2048 256
469 16 16
470 64 8
471 128 4
472 128 128
473 16 64
474 512 2048
475 4 128
476 256 256
477 8 16
478 512 1024
479 1024 2048
480 512 512
481 32 8
482 512 512
483 32 128
484 4 16
485 32 32
486 1024 2048
487 64 4
488 2048 1024
489 32 128
490 32 32
491 32 128
492 8 32
493 16 64
494 64 64
495 16 4
496 512 256
497 1024 2048
498 8 8
499 1024 512
500 32 4
501 2048 2048
502 4 16
503 1024 512
504 16 32
505 8 16
506 128 64
507 8 16
508 1024 2048
509 4 16
510 512 512
511 128 64
512 512 512
513 8 128
514 8 32
515 512 2048
516 32 8
517 1024 2048
518 4 8
519 256 1024
520 256 1024
521 16 4
522 8 32
523 128 32
524 8 16
525 128 128
526 2048 256
527 32 4
528 32 4
529 128 16
530 2048 512
531 8 8
532 32 64
533 256 2048
534 128 128
535 16 4
536 4 4
537 32 128
538 2048 256
539 8 16
540 4 8
541 8 64
542 64 128
543 2048 512
544 32 64
545 2048 256
546 8 8
547 64 64
548 64 32
549 1024 1024
550 512 256
551 64 64
552 16 32
553 16 128
554 256 2048
555 8 4
556 512 1024
557 256 1024
558 64 8
559 128 32
560 128 8
561 64 16
562 128 128
563 4 8
564 16 8
565 128 4
566 32 128
567 16 4
568 512 256
569 512 512
570 1024 1024
571 128 32
572 512 1024
573 256 512
574 1024 256
575 256 2048
576 64 16
577 64 64
578 16 128
579 64 4
580 16 128
581 256 512
582 256 1024
583 2048 512
584 128 32
585 128 64
586 1024 256
587 256 1024
588 16 4
589 256 2048
590 4 32
591 16 128
592 8 64
593 8 128
594 512 256
595 16 8
596 8 32
597 1024 256
598 4 64
599 16 16
600 8 32
601 16 32
602 2048 1024
603 4 64
604 128 128
605 1024 1024
606 16 128
607 16 16
608 4 4
609 8 128
610 64 4
611 512 2048
612 32 32
613 16 64
614 64 64
615 32 4
616 8 8
617 8 32
618 16 32
619 4 16
620 1024 2048
621 128 8
622 1024 256
623 4 8
624 16 8
625 2048 512
626 1024 256
627 1024 2048
628 128 64
629 16 4
630 32 128
631 64 8
632 4 8
633 8 32
634 1024 256
635 4 64
636 16 16
637 512 256
638 512 512
639 8 128
640 1024 2048
641 32 4
642 2048 1024
643 4 128
644 64 64
645 256 1024
646 8 128
647 64 4
648 128 32
649 512 2048
650 8 16
651 256 1024
652 1024 256
653 128 16
654 128 8
655 4 8
656 64 8
657 4 32
658 64 4
659 8 16
660 128 64
661 8 64
662 512 2048
663 512 2048
664 4 64
665 4 64
666 4 8
667 4 8
668 16 4
669 4 4
670 8 64
671 64 128
672 8 8
673 2048 2048
674 4 16
675 8 32
676 128 16
677 32 8
678 128 128
679 4 8
680 16 128
681 64 4
682 128 4
683 32 32
684 16 4
685 128 16
686 1024 512
687 8 32
688 64 4
689 1024 256
690 2048 2048
691 64 128
692 4 64
693 64 128
694 16 8
695 128 32
696 8 4
697 128 128
698 32 16
699 32 64
700 16 128
701 32 64
702 128 4
703 512 1024
704 128 4
705 16 4
706 256 256
707 128 128
708 64 32
709 4 32
710 4 8
711 16 16
712 256 1024
713 16 16
714 128 16
715 1024 256
716 2048 256
717 256 512
718 32 64
719 1024 512
720 1024 2048
721 16 4
722 8 128
723 8 16
724 8 32
725 256 512
726 16 8
727 16 32
728 32 4
729 4 128
730 16 8
731 16 32
732 128 4
733 512 1024
734 512 512
735 8 16
736 64 4
737 64 8
738 4 32
739 1024 512
740 512 512
741 4 64
742 64 64
743 1024 2048
744 128 16
745 512 256
746 2048 256
747 32 32
748 256 1024
749 4 4
750 2048 2048
751 4 64
752 64 4
753 2048 512
754 128 8
755 4 32
756 64 64
757 64 32
758 2048 512
759 16 16
760 128 16
761 8 128
762 16 16
763 2048 256
764 256 256
765 8 4
766 64 128
767 4 16
768 64 64
769 16 4
770 1024 1024
771 4 16
772 2048 512
773 128 128
774 64 32
775 64 8
776 32 128
777 512 512
778 128 16
779 64 128
780 2048 2048
781 1024 2048
782 8 64
783 64 16
784 128 64
785 64 8
786 64 64
787 16 128
788 32 128
789 128 128
790 4 32
791 4 4
792 32 16
793 512 1024
794 4 4
795 8 4
796 32 4
797 256 256
798 8 64
799 512 1024
800 64 64
801 512 256
802 16 16
803 4 4
804 32 32
805 4 32
806 4 16
807 8 64
808 8 16
809 8 8
810 128 8
811 4 32
812 16 128
813 1024 512
814 16 16
815 1024 512
816 512 256
817 128 8
818 64 64
819 2048 256
820 2048 2048
821 16 16
822 1024 256
823 16 4
824 16 8
825 2048 1024
826 64 4
827 128 16
828 32 128
829 8 128
830 16 16
831 256 2048
832 1024 2048
833 128 16
834 512 1024
835 16 16
836 32 4
837 4 32
838 8 16
839 32 128
840 8 16
841 1024 256
842 256 2048
843 1024 256
844 8 64
845 64 64
846 1024 256
847 4 16
848 32 4
849 128 32
850 256 256
851 4 64
852 64 64
853 512 1024
854 32 32
855 256 2048
856 256 512
857 4 32
858 512 512
859 64 128
860 256 256
861 128 128
862 8 16
863 16 4
864 256 2048
865 2048 2048
866 16 128
867 16 16
868 32 4
869 4 32
870 128 64
871 64 4
872 8 8
873 4 4
874 16 8
875 64 64
876 64 32
877 32 32
878 4 4
879 512 256
880 8 16
881 128 32
882 1024 1024
883 4 32
884 8 32
885 64 64
886 512 256
887 8 32
888 2048 256
889 8 128
890 128 128
891 32 32
892 128 128
893 128 32
894 4 16
895 32 128
896 2048 1024
897 1024 256
898 64 32
899 512 512
900 32 32
901 512 2048
902 256 512
903 4 4
904 64 128
905 64 8
906 2048 512
907 32 16
908 4 64
909 128 16
910 64 128
911 32 8
912 16 32
913 8 32
914 4 16
915 8 8
916 1024 2048
917 128 128
918 32 4
919 64 64
920 512 256
921 32 4
922 64 64
923 8 4
924 8 8
925 32 4
926 16 8
927 256 256
928 32 16
929 2048 512
930 4 64
931 128 4
932 256 256
933 128 64
934 2048 512
935 8 16
936 64 4
937 16 16
938 512 2048
939 4 64
940 256 1024
941 128 64
942 128 4
943 512 256
944 512 256
945 128 8
946 256 1024
947 8 32
948 32 16
949 16 128
950 128 64
951 16 16
952 16 4
953 128 64
954 512 256
955 128 32
956 8 128
957 32 16
958 1024 1024
959 512 2048
960 256 2048
961 4 128
962 16 8
963 64 32
964 64 32
965 4 4
966 16 4
967 2048 256
968 16 64
969 16 128
970 32 64
971 8 16
972 2048 512
973 4 64
974 256 2048
975 16 16
976 256 256
977 256 512
978 64 4
979 2048 1024
980 256 512
981 16 4
982 256 1024
983 2048 1024
984 4 128
985 32 8
986 256 1024
987 256 256
988 64 64
989 16 8
990 4 64
991 8 4
992 128 128
993 4 32
994 16 4
995 512 512
996 64 4
997 16 32
998 2048 1024
999 8 4
1000 16 128
1001 512 512
1002 128 64
1003 1024 1024
1004 256 1024
1005 1024 2048
1006 8 4
1007 64 64
1008 8 8
1009 2048 2048
1010 8 16
1011 256 2048
1012 256 1024
1013 256 1024
1014 64 64
1015 512 512
1016 8 64
1017 256 256
1018 64 32
1019 64 128
1020 4 64
1021 128 16
1022 32 8
1023 2048 2048
1024 1024 512
1025 16 8
1026 32 8
1027 4 4
1028 256 2048
1029 2048 1024
1030 1024 256
1031 2048 256
1032 256 1024
1033 8 128
1034 2048 256
1035 8 4
1036 256 256
1037 256 2048
1038 4 32
1039 256 1024
1040 16 32
1041 8 16
1042 256 256
1043 16 8
1044 64 128
1045 512 512
1046 8 64
1047 128 16
1048 16 128
1049 512 2048
1050 4 32
1051 512 512
1052 8 32
1053 128 128
1054 4 8
1055 16 64
1056 256 256
1057 8 32
1058 1024 512
1059 16 64
1060 16 8
1061 4 128
1062 512 512
1063 1024 2048
1064 4 64
1065 256 256
1066 128 32
1067 32 4
1068 16 32
1069 8 4
1070 32 8
1071 32 4
1072 64 4
1073 64 128
1074 256 2048
1075 64 64
1076 1024 256
1077 8 8
1078 2048 256
1079 64 16
1080 4 32
1081 4 128
1082 4 64
1083 8 16
1084 512 256
1085 32 32
1086 32 4
1087 64 8
1088 512 256
1089 64 8
1090 8 8
1091 32 4
1092 64 128
1093 256 512
1094 256 512
1095 4 16
1096 32 128
1097 8 4
1098 32 16
1099 32 4
1100 1024 2048
1101 16 128
1102 16 64
1103 64 64
1104 64 8
1105 128 64
1106 32 8
1107 2048 1024
1108 8 32
1109 512 2048
1110 4 128
1111 2048 1024
1112 16 128
1113 16 8
1114 2048 1024
1115 1024 1024
1116 2048 2048
1117 2048 2048
1118 128 128
1119 32 128
1120 4 64
1121 64 32
1122 4 4
1123 256 512
1124 8 4
1125 128 16
1126 128 4
1127 32 8
1128 64 4
1129 16 16
1130 32 64
1131 256 512
1132 16 128
1133 128 8
1134 32 4
1135 2048 2048
1136 4 16
1137 32 64
1138 4 8
1139 16 4
1140 32 16
1141 128 8
1142 4 8
1143 1024 2048
1144 4 64
1145 16 16
1146 16 16
1147 4 128
1148 4 64
1149 32 4
1150 4 16
1151 2048 2048
1152 16 128
1153 8 4
1154 4 32
1155 1024 1024
1156 4 32
1157 2048 512
1158 8 16
1159 256 2048
1160 16 32
1161 64 16
1162 1024 512
1163 4 8
1164 4 8
1165 256 2048
1166 16 8
1167 16 8
1168 64 64
1169 32 16
1170 128 8
1171 4 4
1172 32 16
1173 1024 2048
1174 2048 512
1175 4 4
1176 128 128
1177 512 2048
1178 128 8
1179 1024 2048
1180 1024 256
1181 64 16
1182 2048 512
1183 512 2048
1184 1024 512
1185 256 256
1186 2048 1024
1187 16 4
1188 2048 2048
1189 1024 512
1190 64 8
1191 8 16
1192 128 128
1193 16 32
1194 64 16
1195 32 64
1196 128 32
1197 256 256
1198 32 16
1199 64 8
1200 64 4
1201 8 8
1202 1024 1024
1203 16 16
1204 4 32
1205 64 128
1206 8 4
1207 4 8
1208 16 16
1209 128 128
1210 256 2048
1211 256 512
1212 128 8
1213 1024 256
1214 64 128
1215 4 32
1216 16 128
1217 128 32
1218 64 32
1219 256 1024
1220 8 32
1221 32 128
1222 256 256
1223 4 8
1224 4 4
1225 8 64
1226 2048 1024
1227 64 16
1228 4 16
1229 64 64
1230 128 4
1231 64 16
1232 1024 2048
1233 2048 512
1234 1024 2048
1235 16 64
1236 1024 512
1237 1024 256
1238 512 256
1239 32 32
1240 64 64
1241 64 4
1242 128 16
1243 4 32
1244 64 8
1245 64 16
1246 16 16
1247 64 128
1248 4 64
1249 16 128
1250 128 128
1251 32 64
1252 2048 256
1253 8 8
1254 512 1024
1255 64 32
1256 256 2048
1257 16 128
1258 4 4
1259 32 64
1260 128 128
1261 512 512
1262 16 128
1263 8 64
1264 8 128
1265 2048 1024
1266 8 8
1267 64 32
1268 32 128
1269 1024 512
1270 256 1024
1271 16 64
1272 16 32
1273 128 128
1274 8 8
1275 128 128
1276 64 8
1277 256 512
1278 16 64
1279 8 4
1280 2048 256
1281 4 4
1282 128 64
1283 4 8
1284 4 8
1285 16 128
1286 16 16
1287 2048 2048
1288 32 32
1289 32 16
1290 256 256
1291 4 16
1292 128 128
1293 4 4
1294 8 16
1295 8 8
1296 8 4
1297 2048 1024
1298 8 8
1299 64 32
1300 8 32
1301 64 8
1302 1024 2048
1303 2048 2048
1304 128 16
1305 32 128
1306 32 16
1307 4 128
1308 32 4
1309 8 4
1310 64 8
1311 8 64
1312 1024 1024
1313 2048 2048
1314 4 8
1315 32 64
1316 4 32
1317 32 4
1318 512 2048
1319 256 512
1320 2048 256
1321 64 32
1322 2048 256
1323 128 32
1324 128 4
1325 64 16
1326 64 128
1327 16 64
1328 32 8
1329 4 16
1330 256 1024
1331 1024 2048
1332 128 8
1333 32 64
1334 256 2048
1335 32 4
1336 512 2048
1337 256 2048
1338 256 256
1339 1024 256
1340 128 4
1341 128 4
1342 512 256
1343 4 128
1344 8 16
1345 8 4
1346 128 8
1347 32 16
1348 64 64
1349 8 4
1350 32 128
1351 256 1024
1352 512 2048
1353 8 32
1354 128 32
1355 8 128
1356 512 256
1357 16 64
1358 32 128
1359 512 2048
1360 64 16
1361 64 32
1362 4 32
1363 64 16
1364 512 1024
1365 8 32
1366 256 256
1367 64 8
1368 64 32
1369 128 64
1370 128 16
1371 8 64
1372 128 128
1373 2048 256
1374 32 8
1375 16 128
1376 32 4
1377 8 64
1378 128 128
1379 16 4
1380 128 8
1381 1024 1024
1382 32 32
1383 32 4
1384 128 32
1385 128 8
1386 32 16
1387 8 32
1388 16 16
1389 64 8
1390 128 32
1391 512 256
1392 16 64
1393 4 8
1394 128 128
1395 128 16
1396 256 1024
1397 16 128
1398 64 16
1399 16 128
1400 32 8
1401 4 4
1402 256 512
1403 16 32
1404 64 4
1405 512 512
1406 4 128
1407 1024 2048
1408 32 8
1409 512 512
1410 64 32
1411 64 8
1412 16 128
1413 32 32
1414 128 16
1415 8 16
1416 2048 256
1417 32 4
1418 1024 1024
1419 256 1024
1420 128 8
1421 2048 2048
1422 4 4
1423 64 64
1424 4 128
1425 128 8
1426 512 2048
1427 4 4
1428 8 8
1429 64 32
1430 16 16
1431 1024 1024
1432 4 16
1433 64 64
1434 1024 2048
1435 32 16
1436 16 32
1437 256 2048
1438 128 4
1439 32 16
1440 2048 256
1441 1024 1024
1442 1024 512
1443 128 64
1444 1024 256
1445 256 256
1446 128 64
1447 256 512
1448 1024 512
1449 8 32
1450 16 8
1451 64 32
1452 2048 256
1453 512 1024
1454 128 8
1455 4 4
1456 8 64
1457 16 4
1458 1024 512
1459 256 1024
1460 128 4
1461 256 1024
1462 32 128
1463 2048 1024
1464 256 1024
1465 512 2048
1466 1024 1024
1467 16 8
1468 4 32
1469 16 64
1470 32 4
1471 128 4
1472 4 8
1473 4 128
1474 256 2048
1475 16 8
1476 64 8
1477 128 4
1478 64 4
1479 4 128
1480 2048 1024
1481 128 4
1482 32 64
1483 8 32
1484 32 16
1485 2048 1024
1486 4 128
1487 512 256
1488 256 2048
1489 8 16
1490 2048 256
1491 32 8
1492 256 512
1493 64 64
1494 32 4
1495 128 128
1496 2048 2048
1497 128 128
1498 32 32
1499 8 4
1500 64 16
1501 32 8
1502 4 128
1503 4 128
1504 64 128
1505 128 4
1506 16 64
1507 256 1024
1508 16 16
1509 32 128
1510 1024 256
1511 128 8
1512 256 512
1513 2048 256
1514 256 256
1515 4 128
1516 32 128
1517 1024 1024
1518 64 32
1519 128 32
1520 8 64
1521 32 16
1522 64 32
1523 16 4
1524 16 8
1525 128 64
1526 128 8
1527 2048 1024
1528 4 64
1529 512 2048
1530 512 512
1531 256 1024
1532 128 8
1533 64 64
1534 256 2048
1535 4 64
1536 2048 512
1537 64 32
1538 512 512
1539 128 64
1540 1024 256
1541 64 32
1542 64 8
1543 16 128
1544 4 64
1545 4 64
1546 16 64
1547 32 8
1548 8 128
1549 8 32
1550 16 4
1551 16 8
1552 64 64
1553 128 32
1554 4 8
1555 8 4
1556 512 1024
1557 64 64
1558 8 64
1559 128 128
1560 32 8
1561 8 4
1562 256 512
1563 4 8
1564 256 256
1565 8 32
1566 128 8
1567 16 16
1568 128 64
1569 16 64
1570 32 32
1571 64 64
1572 4 4
1573 2048 1024
1574 8 64
1575 4 16
1576 64 128
1577 128 8
1578 4 64
1579 16 128
1580 1024 2048
1581 1024 2048
1582 4 16
1583 128 64
1584 8 64
1585 64 128
1586 2048 512
1587 128 64
1588 64 8
1589 64 4
1590 16 8
1591 32 16
1592 128 64
1593 8 4
1594 1024 2048
1595 8 128
1596 64 128
1597 16 32
1598 512 1024
1599 128 64
1600 32 8
1601 32 8
1602 16 16
1603 32 16
1604 4 32
1605 64 16
1606 4 8
1607 16 128
1608 8 4
1609 64 64
1610 512 2048
1611 32 32
1612 8 8
1613 512 2048
1614 4 32
1615 32 16
1616 32 64
1617 32 64
1618 32 32
1619 8 128
1620 1024 2048
1621 16 64
1622 512 2048
1623 8 128
1624 256 1024
1625 32 4
1626 8 8
1627 256 512
1628 1024 2048
1629 64 128
1630 128 4
1631 4 16
1632 128 128
1633 16 128
1634 2048 1024
1635 32 16
1636 8 64
1637 32 16
1638 128 32
1639 32 8
1640 4 16
1641 128 128
1642 1024 1024
1643 128 8
1644 64 128
1645 64 64
1646 16 32
1647 64 16
1648 512 256
1649 128 4
1650 16 4
1651 8 32
1652 1024 512
1653 2048 256
1654 8 4
1655 16 4
1656 64 8
1657 512 512
1658 128 64
1659 2048 1024
1660 16 32
1661 32 16
1662 16 4
1663 16 64
1664 256 256
1665 128 8
1666 64 4
1667 128 128
1668 16 16
1669 128 128
1670 16 8
1671 64 64
1672 2048 1024
1673 256 256
1674 512 2048
1675 128 4
1676 256 256
1677 16 64
1678 32 16
1679 16 128
1680 4 4
1681 64 8
1682 8 8
1683 64 8
1684 256 1024
1685 512 256
1686 4 32
1687 4 8
1688 4 64
1689 16 32
1690 128 4
1691 4 32
1692 32 64
1693 32 8
1694 16 16
1695 512 2048
1696 16 4
1697 32 4
1698 256 1024
1699 8 128
1700 4 4
1701 4 8
1702 16 8
1703 16 32
1704 8 4
1705 128 128
1706 128 64
1707 8 8
1708 4 128
1709 16 32
1710 64 4
1711 64 16
1712 256 2048
1713 16 8
1714 64 16
1715 32 4
1716 64 4
1717 4 128
1718 4 4
1719 16 64
1720 8 16
1721 2048 256
1722 16 8
1723 128 64
1724 1024 2048
1725 128 4
1726 4 64
1727 128 8
1728 16 32
1729 512 256
1730 4 128
1731 2048 2048
1732 512 2048
1733 4 4
1734 32 16
1735 128 64
1736 8 128
1737 64 64
1738 8 4
1739 256 256
1740 256 1024
1741 32 8
1742 256 256
1743 512 1024
1744 4 32
1745 4 128
1746 4 32
1747 16 16
1748 16 32
1749 16 32
1750 4 128
1751 16 32
1752 64 32
1753 512 512
1754 16 8
1755 2048 2048
1756 256 2048
1757 512 512
1758 64 32
1759 32 32
1760 32 8
1761 8 4
1762 4 128
1763 256 1024
1764 128 16
1765 64 16
1766 4 8
1767 512 1024
1768 8 128
1769 32 16
1770 8 4
1771 128 128
1772 512 1024
1773 64 128
1774 32 16
1775 8 16
1776 4 128
1777 1024 256
1778 256 1024
1779 64 16
1780 8 16
1781 64 4
1782 32 8
1783 2048 512
1784 512 1024
1785 8 128
1786 256 256
1787 16 64
1788 1024 256
1789 32 8
1790 128 4
1791 64 8
1792 512 256
1793 4 4
1794 8 8
1795 32 64
1796 32 16
1797 1024 1024
1798 256 512
1799 4 64
1800 4 32
1801 256 2048
1802 32 16
1803 256 1024
1804 32 4
1805 64 8
1806 32 8
1807 32 16
1808 64 32
1809 4 64
1810 512 512
1811 2048 256
1812 2048 256
1813 4 128
1814 16 8
1815 512 512
1816 64 4
1817 16 128
1818 64 64
1819 256 512
1820 4 32
1821 64 32
1822 4 128
1823 64 8
1824 256 256
1825 64 64
1826 32 16
1827 16 64
1828 64 32
1829 16 16
1830 16 8
1831 8 128
1832 16 16
1833 4 32
1834 16 128
1835 8 16
1836 16 128
1837 4 128
1838 512 1024
1839 4 16
1840 32 4
1841 512 2048
1842 32 128
1843 128 64
1844 8 16
1845 64 16
1846 64 8
1847 16 128
1848 128 8
1849 64 64
1850 64 32
1851 16 16
1852 8 16
1853 4 16
1854 1024 1024
1855 8 8
1856 32 16
1857 2048 256
1858 4 16
1859 2048 2048
1860 256 2048
1861 128 64
1862 128 16
1863 128 32
1864 8 8
1865 1024 1024
1866 32 8
1867 64 128
1868 128 16
1869 256 1024
1870 8 64
1871 32 32
1872 512 2048
1873 64 32
1874 512 2048
1875 2048 1024
1876 32 4
1877 16 128
1878 32 128
1879 64 16
1880 512 256
1881 512 512
1882 128 128
1883 1024 512
1884 32 64
1885 1024 512
1886 16 128
1887 16 16
1888 256 256
1889 8 128
1890 32 64
1891 256 256
1892 8 128
1893 16 32
1894 32 128
1895 4 8
1896 8 32
1897 256 256
1898 4 8
1899 128 64
1900 256 256
1901 8 128
1902 4 8
1903 8 128
1904 8 4
1905 2048 1024
1906 8 32
1907 256 1024
1908 2048 2048
1909 1024 2048
1910 256 256
1911 32 32
1912 2048 256
1913 64 8
1914 32 128
1915 4 8
1916 32 16
1917 1024 2048
1918 128 128
1919 8 64
1920 8 8
1921 8 16
1922 16 32
1923 8 4
1924 1024 512
1925 256 512
1926 512 1024
1927 1024 2048
1928 16 4
1929 128 4
1930 256 2048
1931 64 4
1932 1024 512
1933 512 2048
1934 4 64
1935 128 8
1936 128 16
1937 1024 512
1938 256 512
1939 32 32
1940 512 2048
1941 4 4
1942 1024 256
1943 64 128
1944 2048 512
1945 16 128
1946 512 512
1947 8 64
1948 128 8
1949 8 128
1950 128 128
1951 4 8
1952 64 8
1953 32 4
1954 32 64
1955 4 16
1956 8 32
1957 32 32
1958 64 32
1959 2048 1024
1960 32 32
1961 4 8
1962 1024 256
1963 1024 512
1964 128 64
1965 4 8
1966 2048 1024
1967 256 1024
1968 128 128
1969 64 64
1970 2048 2048
1971 8 64
1972 1024 2048
1973 64 32
1974 8 128
1975 1024 1024
1976 64 64
1977 512 512
1978 16 8
1979 64 32
1980 512 256
1981 4 128
1982 8 8
1983 2048 1024
1984 16 128
1985 256 1024
1986 8 64
1987 64 4
1988 512 256
1989 4 16
1990 128 128
1991 128 32
1992 8 128
1993 4 128
1994 8 64
1995 8 128
1996 16 8
1997 1024 256
1998 32 64
1999 512 1024
2000 32 16
2001 16 32
2002 1024 512
2003 8 32
2004 32 16
2005 32 32
2006 512 1024
2007 256 256
2008 256 256
2009 64 16
2010 512 512
2011 16 16
2012 512 512
2013 128 128
2014 4 4
2015 128 128
2016 64 128
2017 256 2048
2018 128 128
2019 4 16
2020 16 8
2021 64 4
2022 64 4
2023 4 4
2024 8 32
2025 4 64
2026 4 8
2027 64 128
2028 4 32
2029 1024 1024
2030 2048 1024
2031 16 64
2032 512 512
2033 2048 256
2034 128 32
2035 128 4
2036 128 4
2037 128 64
2038 512 1024
2039 8 128
2040 16 4
2041 8 8
2042 16 8
2043 128 32
2044 2048 1024
2045 4 4
2046 8 16
2047 8 128
2048 2048 1024
2049 8 64
2050 32 128
2051 4 64
2052 64 64
2053 4 64
2054 16 128
2055 1024 256
2056 512 512
2057 1024 1024
2058 16 4
2059 2048 256
2060 32 16
2061 4 64
2062 1024 1024
2063 64 128
2064 32 32
2065 128 8
2066 1024 256
2067 1024 2048
2068 8 128
2069 128 32
2070 4 16
2071 2048 256
2072 32 32
2073 2048 2048
2074 32 8
2075 256 2048
2076 512 2048
2077 512 1024
2078 2048 1024
2079 2048 256
2080 16 16
2081 2048 256
2082 64 128
2083 32 8
2084 64 8
2085 512 2048
2086 512 1024
2087 2048 1024
2088 8 8
2089 64 128
2090 2048 2048
2091 16 8
2092 64 4
2093 8 8
2094 512 256
2095 8 8
2096 2048 1024
2097 512 1024
2098 4 16
2099 1024 512
2100 256 2048
2101 2048 512
2102 8 8
2103 2048 2048
2104 1024 512
2105 8 16
2106 4 4
2107 8 64
2108 512 1024
2109 32 16
2110 4 16
2111 32 8
2112 8 16
2113 128 128
2114 512 256
2115 8 128
2116 16 128
2117 256 2048
2118 32 16
2119 1024 2048
2120 8 64
2121 128 4
2122 64 128
2123 16 32
2124 4 128
2125 64 128
2126 32 4
2127 512 256
2128 32 16
2129 2048 256
2130 8 4
2131 64 128
2132 64 64
2133 128 128
2134 2048 2048
2135 32 64
2136 128 8
2137 2048 256
2138 1024 256
2139 32 16
2140 128 4
2141 512 512
2142 32 32
2143 512 256
2144 16 4
2145 16 128
2146 32 64
2147 32 64
2148 64 8
2149 1024 1024
2150 8 64
2151 64 4
2152 16 32
2153 4 64
2154 1024 2048
2155 16 64
2156 32 128
2157 128 4
2158 512 512
2159 4 32
2160 8 128
2161 4 16
2162 4 64
2163 64 128
2164 16 16
2165 64 16
2166 1024 2048
2167 8 16
2168 8 128
2169 64 32
2170 8 8
2171 32 4
2172 4 32
2173 32 64
2174 4 16
2175 16 4
2176 32 32
2177 64 16
2178 128 8
2179 16 8
2180 16 16
2181 8 16
2182 16 4
2183 8 4
2184 64 128
2185 8 8
2186 32 32
2187 128 4
2188 32 4
2189 8 16
2190 128 16
2191 512 256
2192 16 16
2193 128 32
2194 64 16
2195 16 8
2196 16 16
2197 4 16
2198 256 1024
2199 256 512
2200 512 1024
2201 4 32
2202 8 64
2203 128 128
2204 512 256
2205 64 32
2206 1024 256
2207 256 2048
2208 1024 512
2209 256 2048
2210 4 128
2211 512 256
2212 2048 1024
2213 512 512
2214 256 2048
2215 32 4
2216 256 512
2217 64 64
2218 32 64
2219 4 16
2220 256 512
2221 128 16
2222 8 8
2223 2048 1024
2224 8 4
2225 64 8
2226 128 8
2227 4 64
2228 16 32
2229 1024 512
2230 256 1024
2231 64 128
2232 32 16
2233 64 16
2234 16 64
2235 64 128
2236 1024 256
2237 2048 2048
2238 8 128
2239 128 32
2240 64 8
2241 32 4
2242 2048 1024
2243 16 16
2244 8 4
2245 4 8
2246 32 8
2247 8 32
2248 1024 2048
2249 16 16
2250 8 8
2251 2048 1024
2252 64 64
2253 16 128
2254 4 128
2255 8 64
2256 64 8
2257 1024 2048
2258 1024 1024
2259 8 32
2260 64 8
2261 512 2048
2262 128 4
2263 128 4
2264 128 64
2265 64 64
2266 4 16
2267 16 64
2268 32 32
2269 16 4
2270 2048 1024
2271 128 16
2272 64 8
2273 16 16
2274 512 1024
2275 64 4
2276 16 8
2277 32 128
2278 1024 512
2279 4 8
2280 16 4
2281 32 64
2282 512 1024
2283 1024 1024
2284 32 32
2285 8 16
2286 4 8
2287 4 8
2288 128 4
2289 128 32
2290 1024 256
2291 256 512
2292 64 32
2293 64 32
2294 1024 512
2295 1024 1024
2296 256 2048
2297 16 64
2298 32 8
2299 16 8
2300 2048 512
2301 256 1024
2302 512 1024
2303 4 64
2304 512 1024
2305 8 32
2306 4 32
2307 256 1024
2308 2048 1024
2309 128 4
2310 256 256
2311 16 128
2312 1024 2048
2313 8 64
2314 64 32
2315 64 32
2316 128 128
2317 32 16
2318 128 32
2319 16 8
2320 16 128
2321 256 512
2322 32 32
2323 64 128
2324 8 8
2325 16 16
2326 4 64
2327 1024 1024
2328 256 2048
2329 128 4
2330 32 128
2331 128 32
2332 8 4
2333 512 256
2334 64 32
2335 64 4
2336 512 256
2337 1024 512
2338 32 8
2339 8 128
2340 8 128
2341 64 128
2342 64 64
2343 64 128
2344 8 128
2345 16 16
2346 8 128
2347 1024 1024
2348 512 256
2349 1024 512
2350 128 32
2351 64 32
2352 2048 2048
2353 4 16
2354 2048 1024
2355 8 8
2356 1024 512
2357 2048 2048
2358 32 16
2359 32 4
2360 128 8
2361 16 64
2362 8 64
2363 64 32
2364 256 2048
2365 1024 256
2366 64 16
2367 2048 2048
2368 4 8
2369 16 64
2370 4 128
2371 8 128
2372 128 8
2373 128 32
2374 4 32
2375 8 16
2376 256 2048
2377 64 32
2378 64 4
2379 8 8
2380 64 4
2381 256 1024
2382 16 64
2383 2048 2048
2384 16 128
2385 4 16
2386 512 2048
2387 2048 1024
2388 32 16
2389 1024 256
2390 128 64
2391 4 16
2392 64 128
2393 8 128
2394 128 128
2395 1024 256
2396 32 16
2397 32 4
2398 1024 1024
2399 128 16
2400 16 64
2401 16 128
2402 16 32
2403 2048 2048
2404 1024 512
2405 32 8
2406 4 64
2407 256 256
2408 1024 256
2409 1024 2048
2410 4 32
2411 32 8
2412 2048 1024
2413 64 4
2414 128 32
2415 16 8
2416 16 4
2417 32 8
2418 8 4
2419 32 4
2420 256 1024
2421 2048 2048
2422 128 16
2423 32 4
2424 64 64
2425 128 32
2426 4 32
2427 64 128
2428 32 128
2429 256 512
2430 32 64
2431 2048 256
2432 16 32
2433 128 32
2434 512 256
2435 256 512
2436 2048 512
2437 128 32
2438 16 16
2439 32 8
2440 16 64
2441 256 256
2442 64 16
2443 2048 2048
2444 128 4
2445 256 1024
2446 128 4
156 1906
1074 1275
0 20
1906 0
1275 0
1304 136
1345 1
2 1429
2 2112
2 1458
1 2
1 136
563 4
1992 1862
3 174
3 666
3 924
1862 3
1862 4
2150 5
78 2206
5 78
822 1289
6 1982
6 954
1289 6
2303 8
555 7
1331 1083
8 1331
7 1331
1095 1853
1113 10
9 1909
10 9
1853 9
1982 9
933 12
1410 11
1169 500
12 1169
11 1169
299 14
13 236
13 2004
14 13
1828 190
804 15
190 555
15 555
307 944
16 2351
944 16
462 18
17 2291
18 17
641 1306
1827 2402
19 943
1306 19
2402 19
2303 1356
1158 979
1356 1158
20 1158
199 21
267 1029
21 267
1988 467
22 2002
467 22
330 24
2115 509
23 2191
24 23
509 23
719 718
25 552
25 1914
718 25
171 27
26 1683
27 26
2338 591
1559 1365
591 804
1365 804
1395 1566
1240 988
1240 1586
1566 1240
2221 532
1819 1677
765 110
532 765
1677 765
977 225
811 28
1679 1764
1679 1653
225 1679
28 1679
1403 30
29 1936
29 1886
29 1803
30 29
1225 32
31 838
32 31
1447 493
520 1711
493 520
1258 34
33 145
34 33
1442 282
227 35
36 1004
35 36
35 282
2096 888
1715 375
1715 1453
1715 300
1715 346
1715 382
1715 2249
1715 900
1715 627
1715 745
888 1715
1259 1343
700 37
2043 38
1479 1642
38 1479
1343 1479
37 1479
2108 39
1144 286
39 1144
1849 40
1216 2157
40 1216
2298 42
2127 634
341 43
41 1688
43 41
42 41
634 41
825 44
958 1352
1813 121
1813 428
1813 1889
1813 600
1813 739
44 1813
1352 1813
1751 45
1799 502
273 1741
1280 1968
1741 1280
45 1280
502 1280
1908 2407
46 221
46 1232
2407 46
909 47
512 2263
47 512
910 49
48 1166
49 48
2348 232
2436 1700
1320 2359
372 1413
2359 372
232 372
1700 372
1983 938
219 50
51 2187
938 51
50 51
2161 1221
52 2294
1221 52
766 1572
53 2361
1572 53
326 1950
2144 54
1925 158
54 1925
54 1950
1178 2080
2394 1564
2080 2394
2419 901
541 1640
209 1558
1640 209
1640 901
2303 846
664 55
56 460
846 56
55 56
759 412
144 112
144 1664
144 1273
412 144
2268 58
57 551
58 57
1688 57
450 60
2440 59
457 2029
60 457
59 457
1390 61
351 685
61 351
2277 2237
62 180
62 629
2237 62
1926 64
2344 1106
63 2257
63 844
63 1408
1106 63
1106 64
230 66
65 349
66 65
275 68
485 67
699 1670
68 699
67 699
2444 70
847 570
69 2171
70 69
570 69
329 1506
463 71
1147 648
1147 756
1147 2045
71 1147
71 1506
360 101
1799 1495
1208 1650
72 2332
1650 72
101 72
1495 72
542 74
128 73
1163 740
73 1163
73 74
1499 77
431 75
76 167
77 76
75 76
892 80
1255 79
1656 2149
1656 798
1656 852
79 1656
79 80
1604 279
229 2069
279 229
1672 82
1799 81
788 83
201 311
83 201
82 201
81 201
1956 409
1045 2267
409 1045
1327 84
240 315
588 1264
84 588
315 588
1872 234
1705 748
375 1705
234 1705
1008 85
1332 2333
85 1332
1570 87
86 1955
87 86
1635 339
754 1894
339 766
1894 766
446 1864
2035 88
2038 2173
2038 2300
2038 1844
88 2038
88 1864
322 454
250 89
90 1952
90 1248
89 90
89 454
2428 91
1268 1569
1268 2215
1268 2195
91 1268
2251 2280
453 92
1614 807
93 2111
1453 93
807 93
2280 93
92 93
2000 688
2400 1282
688 2400
1266 95
94 1845
95 94
1698 96
1829 451
96 1829
2158 97
2403 389
97 2403
1328 835
1212 183
1212 1478
1212 1334
835 1212
818 99
98 381
99 98
2139 100
2051 370
2051 784
100 2051
2099 103
102 2129
103 102
1223 2238
2371 396
2238 1304
396 1304
1130 2180
927 1107
1689 2288
1575 104
194 366
1107 194
104 194
2180 194
2288 194
1923 106
105 147
105 151
106 105
1606 108
107 1176
108 107
342 898
593 2281
1134 109
1903 312
109 1903
898 1903
2281 1903
1819 1007
2221 1073
945 272
1073 945
1007 945
110 945
1744 165
1195 1153
111 1297
1153 111
1153 165
1603 113
1614 247
1614 301
1614 437
112 1614
112 113
1165 2142
952 2003
1983 2209
1983 623
1983 1371
2003 1983
2003 2142
834 1175
114 313
114 2269
1175 114
2424 115
1060 414
1060 574
1060 2062
1060 2360
115 1060
1561 117
2303 116
2270 118
872 214
118 872
117 872
116 872
2410 1401
831 2075
1960 495
119 1115
495 119
1401 119
2075 119
120 1811
121 120
143 377
1744 122
123 1101
377 123
122 123
1201 125
1560 124
2301 126
911 1418
126 911
125 911
124 911
1722 127
1954 1233
543 1841
1233 543
1233 127
1690 129
128 2273
129 128
504 2066
130 2085
2066 130
1203 1416
645 1594
1416 645
235 132
131 1833
132 131
1898 2304
463 1694
2304 463
1509 1651
685 1509
1835 134
927 2282
1129 443
1524 135
133 357
2282 133
135 133
134 133
443 133
288 138
137 2071
138 137
257 603
2436 139
2441 1837
140 1981
1837 140
603 140
139 140
774 141
1951 1538
141 1951
1632 142
1706 243
142 1706
2251 415
415 143
1260 146
1926 842
145 1926
145 146
1148 302
147 1148
2347 148
148 774
1501 149
1325 554
1325 871
1325 1227
149 1325
1460 421
2440 150
1215 1869
1562 1102
1562 1676
1869 1562
421 1562
150 1562
152 800
152 1927
151 152
151 1909
1992 154
153 565
154 153
2122 155
2221 2017
2221 1546
381 2221
381 155
1988 2126
2432 735
2126 156
735 156
1223 157
1445 1592
1374 749
157 1374
1592 1374
262 337
262 837
158 262
469 1185
1185 1259
1488 159
676 836
159 676
2265 161
160 289
161 160
1826 162
162 1992
163 393
500 163
864 164
164 299
1339 166
2436 1675
1346 429
167 1346
166 1346
1675 1346
793 170
380 168
169 886
170 169
168 169
218 2006
2006 171
2251 172
173 564
174 173
172 173
1150 176
1978 802
175 1544
175 1969
175 1866
176 175
802 175
2292 178
1291 1056
177 936
178 177
1056 177
977 562
1814 179
2076 1062
562 2076
1544 2076
180 2076
179 2076
1701 181
182 1657
182 972
183 182
181 182
208 1430
2121 184
2166 1567
1430 2166
184 2166
1267 1854
185 2445
185 2385
185 1880
1854 185
1490 646
646 199
1830 187
1555 1034
633 188
186 2183
188 186
187 186
1034 186
1937 2056
585 189
191 1434
2056 191
189 191
795 193
192 1177
193 192
2096 1308
195 498
1308 195
451 195
342 1217
342 592
370 342
1008 556
347 265
556 347
622 639
196 1079
639 196
1995 197
854 968
197 854
2008 200
198 1199
198 1036
200 198
729 204
985 202
203 775
204 203
202 203
878 205
2176 1762
205 2176
1055 206
958 785
337 958
206 958
244 559
1797 207
559 208
207 208
485 254
275 1231
1410 210
1223 711
1001 255
1231 1001
711 1001
254 1001
210 1001
1312 1022
1569 1312
1046 2219
211 531
2219 211
693 212
1246 970
2331 420
212 2331
970 2331
1389 213
612 2411
612 2310
213 612
213 214
1179 216
215 1777
216 215
1571 1742
1978 217
1085 1655
1742 1085
217 1085
1986 392
218 1336
392 218
314 220
219 2077
219 1500
220 219
1940 472
221 1940
2408 1421
222 891
1421 222
1409 324
223 438
223 2369
324 223
940 1300
224 2248
1300 224
226 832
2267 226
1375 228
228 227
2091 231
1138 2107
2163 233
233 230
231 230
2107 230
236 235
1409 238
237 1262
237 2125
237 1756
237 1206
237 1999
237 1588
237 1578
237 976
238 237
1931 239
310 260
239 1672
260 1672
1573 241
241 240
242 1534
2263 242
2263 243
513 245
244 763
244 1740
244 1347
244 823
245 244
1597 271
271 719
1042 2328
246 2130
2328 246
822 635
1359 2439
1223 689
464 1798
247 464
689 464
635 464
2439 464
684 2118
352 248
321 1187
321 997
248 321
248 2118
1870 249
249 541
2205 251
251 250
252 424
1936 252
1361 253
2182 514
2182 2330
2182 906
253 2182
1425 506
2225 939
255 2225
506 2225
1962 258
1663 256
258 257
256 257
404 799
548 681
1108 259
259 1129
799 1129
681 1129
2096 263
951 261
1499 861
263 1499
261 1499
1321 931
2265 343
1054 986
343 1054
343 931
504 1485
400 2391
1485 400
264 1002
265 264
1409 266
2188 1496
266 2188
391 268
1945 743
594 1387
268 594
743 594
2073 269
526 914
269 526
1362 2156
270 1759
270 1530
2156 270
1765 274
274 273
272 273
905 2297
1077 868
275 2119
2297 275
868 275
1252 677
276 2145
677 276
1859 278
277 598
277 1665
278 277
330 1379
341 1277
1051 1749
1379 1051
1277 1051
2229 1838
2363 839
1838 2363
2353 283
1598 280
281 2417
283 281
280 281
2070 1482
1651 2070
534 285
284 456
285 284
1265 1167
1265 815
1265 1463
286 1265
631 2235
287 964
2235 287
289 288
362 291
290 1879
290 1184
291 290
795 292
573 1274
292 573
1381 1124
1124 1195
1718 294
293 2357
294 293
1171 1660
363 295
296 1027
295 296
295 1660
362 418
1012 1357
1012 2143
1012 1963
418 1012
2096 345
822 297
298 642
345 298
301 298
300 298
297 298
302 1597
2096 304
665 305
1055 303
2186 2404
847 1473
305 847
2404 847
304 847
303 847
1323 545
942 712
306 483
545 306
712 306
1042 308
307 2153
308 307
560 309
310 2030
310 1423
310 995
309 310
309 311
1765 550
550 360
312 360
1361 373
314 1790
373 314
313 314
1276 316
2355 1261
316 2355
793 318
317 941
318 317
954 317
729 1804
1804 1323
1235 320
319 1839
320 319
1013 323
1472 445
322 1514
445 322
445 323
1182 327
793 325
2382 328
328 326
327 326
325 326
730 1789
1548 1038
1977 340
340 329
1789 329
1038 329
771 331
331 330
2028 333
1709 332
1136 1805
332 1136
332 333
1641 335
1555 2350
633 336
334 661
336 334
335 334
2350 334
1172 344
1150 338
1616 1414
341 1536
341 1778
341 1370
1414 341
344 341
338 341
1223 350
348 1579
350 348
349 348
346 348
1984 1109
352 1019
1109 352
1410 355
2228 353
354 1392
355 354
353 354
356 1735
357 356
1328 359
1335 358
1529 769
359 1529
358 1529
1498 361
1971 2388
665 426
665 439
665 494
665 2089
665 880
665 1487
665 1037
2388 665
2388 361
1326 2415
362 2364
362 1585
362 2370
2415 362
1088 364
363 1028
364 363
1988 365
1948 1707
365 1948
1988 2033
2033 693
1223 615
615 1632
366 1632
575 789
367 1617
367 1181
789 367
368 1737
2215 368
1970 971
640 737
971 640
581 369
1015 2398
369 1015
876 371
371 1945
1609 374
1328 376
376 1113
1418 1113
374 1113
2211 378
1628 1065
378 1074
1065 1074
2096 488
1817 379
1239 383
488 380
383 380
382 380
379 380
480 398
1799 384
385 486
1392 385
398 385
384 385
850 1959
386 1448
386 697
1959 386
2401 387
1988 2329
1988 2279
1988 2105
1988 1026
1988 2055
1988 2044
1988 965
1988 1787
1988 1581
1988 1712
1988 1474
1988 2048
387 1988
388 620
389 388
1213 390
474 2117
390 474
1496 474
751 2178
391 1739
2178 391
2178 393
1009 397
2168 394
395 992
397 395
394 395
1223 401
1646 399
700 1680
700 1020
401 700
399 700
2198 403
402 1773
402 1207
1022 402
1022 403
2444 747
404 1449
747 404
583 2189
405 2358
2189 405
2442 407
406 723
407 406
662 408
408 1870
1380 411
410 1141
410 2097
410 870
411 410
2053 413
2233 960
413 2233
1276 537
1701 1874
1701 1432
537 1701
414 1701
501 2098
416 553
2098 416
2423 419
417 1446
417 1605
419 417
1806 423
422 862
423 422
420 422
425 432
425 1519
425 704
425 2437
424 425
424 429
427 2322
428 427
426 427
576 430
1958 433
433 431
432 431
430 431
1241 1010
1355 434
434 513
434 1010
1678 701
974 435
2132 2253
701 2132
435 2132
453 436
1733 1368
438 1733
437 1733
436 1733
2186 441
1055 442
440 1669
440 2446
440 630
440 1794
442 440
441 440
439 440
505 447
2436 444
669 448
448 446
447 446
444 446
1157 449
1895 1142
1895 1123
449 1895
2412 1976
450 1979
450 1114
1976 450
1956 452
2164 1076
452 2164
2110 455
891 453
891 455
2059 458
1213 571
1213 1097
1213 2063
1213 1078
1213 1350
456 1213
456 458
459 2378
460 459
1594 1826
670 465
1830 461
462 716
465 462
461 462
1916 2039
1409 468
466 1307
468 466
2039 466
748 466
2146 1075
469 530
469 1922
1075 469
1075 1642
2421 1120
470 1218
1120 470
1217 1208
1262 1208
1923 471
1815 2356
471 1815
521 865
472 521
1521 473
1907 882
1094 2399
1669 1094
473 1094
882 1094
1452 476
475 589
476 475
2317 478
477 1851
478 477
1931 946
485 479
946 480
479 480
1820 702
1399 481
1437 863
863 1689
702 1689
481 1689
482 1021
483 482
1807 484
485 707
485 2065
484 485
484 486
729 1875
2316 487
489 2354
1875 489
487 489
721 492
1437 490
2314 496
491 1006
494 491
496 491
492 491
490 491
1601 1302
1218 1601
497 2431
497 1110
498 497
2303 503
1643 499
503 501
499 501
850 2196
504 1627
2196 504
1663 1319
2173 505
1319 505
1295 956
1512 507
703 1792
956 703
507 703
1543 963
508 780
508 2306
508 2104
508 797
508 903
1482 508
1482 963
776 2054
510 568
510 1919
510 746
2054 510
1228 511
2061 1717
514 2061
511 2061
2027 516
515 2262
516 515
1502 518
517 1933
518 517
2246 1285
519 2414
1285 519
751 2418
522 1867
2418 522
750 1298
1481 523
1333 877
1298 1333
523 1333
1743 1697
1554 524
525 1431
525 1310
524 525
524 1697
1736 1404
850 1637
1404 850
993 527
648 1395
527 1395
1243 529
1137 528
767 1834
529 767
528 767
1552 918
2089 1552
530 1552
533 1465
531 533
1994 535
535 534
1341 1547
1684 536
1547 2059
536 2059
538 2326
1027 538
567 2395
974 1565
2395 974
2405 540
539 1607
539 758
539 1475
540 539
1441 544
2159 1542
542 1832
1542 542
1542 544
2397 821
546 1720
821 546
2432 547
805 913
728 656
913 728
913 547
2379 725
856 1229
725 856
2303 1016
1016 548
549 1405
1199 549
1199 551
1171 2200
552 1171
552 553
771 558
557 1860
557 1118
558 557
554 557
1193 2386
998 1272
2210 764
2386 2210
1272 2210
1093 561
561 560
1822 1873
564 563
1873 563
934 1492
565 934
1797 643
1802 1131
763 1802
643 1802
1768 566
935 2036
566 935
568 567
1889 567
1872 569
1526 607
571 1526
569 1526
1507 848
572 1924
572 777
589 572
589 848
1276 1491
1491 575
574 575
1958 577
577 576
1519 576
1635 578
2353 2260
893 1858
578 893
2260 893
1861 579
580 2046
580 1788
579 580
579 2378
1055 582
2186 1821
582 581
1821 581
1422 584
584 583
2115 586
585 1769
586 585
783 1160
587 2321
1160 587
1501 1287
1242 590
670 2101
1287 670
590 670
1134 595
595 593
592 593
1128 596
596 1252
1636 597
2216 1470
597 2216
598 1970
599 1040
599 2243
785 599
776 602
601 1471
602 601
600 601
1548 605
1533 604
809 1893
605 809
604 809
2068 2090
606 1850
607 606
2090 606
757 610
1923 608
609 1433
608 609
608 610
2389 611
655 1354
655 1204
611 655
2043 614
1399 613
1063 2179
614 1063
613 1063
1928 1882
616 1311
1882 616
1434 616
1362 619
1228 617
618 1550
619 618
617 618
1269 1917
1328 1303
1328 2181
1328 690
1328 1244
620 1328
620 1917
2446 1137
1409 2425
2096 2197
2096 1972
2096 671
2096 1324
2425 2096
2375 2230
2445 1134
2230 1134
2116 1946
1918 2324
1946 1918
2115 2438
2442 2155
2442 714
2442 1111
2438 2442
2436 2337
2436 2094
2436 1151
941 2436
2047 921
1382 1427
1382 2102
921 1382
1214 2435
1309 1702
2435 1309
1801 1795
790 814
1795 790
2431 790
1354 1908
1219 1091
1228 1299
2240 1358
1091 2240
1299 2240
2384 2429
1721 1067
2429 1721
1412 2362
2428 2231
2362 2428
1596 1456
1954 2427
1456 1954
2424 1774
1446 2424
1446 1981
1188 1633
1633 2423
1518 2420
2420 2421
1420 2224
867 1372
2224 867
2417 867
2206 1381
2084 2272
2414 2084
1055 2148
1820 741
2148 1820
1477 1731
2413 1658
1303 2413
1617 2413
1731 2413
932 1455
1150 675
2368 959
1455 2368
675 2368
1215 2140
1460 2236
2140 2412
2236 2412
2329 2270
2411 2270
1179 1836
637 2217
637 1618
1836 637
1033 817
817 2410
1426 2409
1234 2124
2030 1234
780 1234
2409 1234
2408 884
1448 2408
692 2406
2406 2108
770 1770
860 1322
1770 860
1157 1612
1612 2401
1612 2399
1243 2131
1437 2377
2398 1437
2131 1437
1228 2393
1191 650
1327 2392
2392 2316
2393 2316
650 2316
1980 1317
1990 2434
1317 1990
1422 2319
2390 2147
2319 2390
787 1438
1438 2389
1501 1386
2296 1494
2296 713
1386 2296
2387 1681
2351 2387
1819 1484
2385 1819
994 2383
1043 1897
2383 1043
1419 2007
2028 2026
2007 2028
2186 2381
998 1159
1159 2382
2381 2382
2377 2382
1978 2295
1483 2040
1483 1394
2295 1483
959 1483
1108 1619
1619 2379
1449 2379
1930 2380
1842 1397
2380 1842
1080 1729
2376 1881
2376 2372
1729 2376
2279 2292
2375 2256
2375 1600
2017 2375
2373 695
1405 2373
2085 2027
2251 2022
1429 2371
2022 2371
1368 2371
1409 2323
1239 858
1138 1466
1576 644
2369 1576
1466 1576
2323 1576
858 1576
1223 1226
1548 2087
1548 1985
1548 1888
1548 923
1548 1753
1548 1126
1548 991
1226 1548
2366 1081
2364 2366
1598 1890
2227 710
2183 2227
1890 2227
2361 2227
2358 1502
1763 1939
1763 1668
1427 1763
2357 1763
1327 883
2356 1327
2356 2354
1069 1738
2213 1776
1738 2353
1776 2353
1125 1480
1881 1125
875 841
1585 875
1008 2345
2349 2309
2345 2349
1681 2344
1896 2342
2342 2091
1205 1301
1104 2341
1767 2339
727 1052
2341 727
2339 727
1301 727
2322 727
768 2325
1439 2335
2335 757
2325 757
2337 757
1830 1825
1830 1796
1830 2334
756 1830
2333 2139
2333 2332
1219 2327
1599 1904
2327 1599
2330 1599
2105 2338
796 1278
1470 796
1470 2324
1583 2320
1638 1090
2320 1638
1563 2318
1937 1467
1467 1684
1769 1684
2318 1684
1131 2121
2313 2443
1465 2313
621 2311
754 1608
2123 2192
2311 2123
1608 2123
977 1868
953 855
2128 624
2128 1183
855 2128
855 1868
2309 1235
1801 1723
857 652
1149 1194
1723 1149
652 1149
1931 1929
2305 1025
1929 2305
2306 2305
825 2169
1646 2302
2303 2081
2303 866
2303 1779
2303 2252
2302 2303
2169 2303
1040 2303
2301 2208
2301 1402
2300 2301
2062 2301
1913 2308
1877 2299
2291 2298
2308 2298
2299 2298
1412 2287
2290 1117
2290 1734
2287 2290
1973 1703
2001 1610
2001 1745
1703 2001
1170 2284
1223 668
2286 632
2284 2286
668 2286
649 773
1204 649
1204 2310
2434 1203
1941 694
2277 806
694 2277
2100 2275
1464 2276
1460 2285
2276 1460
2276 2275
2272 1898
1219 1901
1219 672
2269 1219
1928 2266
2266 2268
2155 2268
1179 1824
1357 1179
2262 2265
2430 1100
1205 1719
1100 1205
1214 1602
1879 1214
731 1921
1921 1178
1128 1800
2261 1011
1800 2261
1663 2258
1662 2259
889 778
2181 889
2258 889
2259 889
782 2190
811 1949
811 881
2256 811
2190 811
1345 2255
2255 1422
779 1876
1052 779
2253 779
2251 1775
2251 1451
2251 1353
2251 957
2249 2251
1989 1378
2248 1989
786 2239
2239 2146
2246 1784
1081 2246
1808 2232
2031 2244
2234 1791
2232 2234
2244 2234
2119 2228
707 2228
1670 2228
698 2222
2405 1290
2226 1220
2222 2226
1290 2226
722 2218
1174 1271
2220 706
2220 826
2220 659
1271 2220
1271 2218
2217 2000
1409 1396
2214 1049
1396 2214
2213 1535
2213 1023
1536 2213
1695 2212
2245 1400
2212 2245
1031 1947
2209 1031
2077 1031
2187 1031
783 2207
968 878
968 2207
1296 2202
2202 2205
825 1761
2315 2312
1761 2315
2243 2315
663 1059
1026 663
2200 663
1698 2199
1411 715
2197 1411
2199 1411
2195 631
1831 2194
2336 1991
2194 2336
2115 1846
2193 762
2192 2193
1846 2193
1122 1754
2191 1122
2186 2170
2186 2092
2186 1017
837 2186
793 1900
2184 683
2081 2184
2179 2184
1900 2184
1777 770
1602 1380
1375 2177
1236 1373
2177 1236
1974 2041
2175 1435
2041 2175
1378 2159
1531 1058
1388 2352
2352 1609
1058 1609
1658 1609
1980 1407
1407 1188
1980 2367
2367 2347
2163 1121
1716 1885
1121 1716
814 1716
764 1716
1399 2174
1409 1855
895 1932
2174 895
1855 895
1223 2172
827 912
729 1724
729 1082
2172 729
912 729
2170 1182
2171 1182
1229 1182
1388 2052
2422 937
2326 2422
2052 2422
2254 2167
1311 1822
2167 1822
2083 752
2094 2083
720 2165
2165 2158
1399 1444
2163 709
2163 1428
1444 2163
1490 2025
2162 1728
2162 1525
2025 2162
1867 2161
2157 1709
724 2154
658 2416
2154 1419
2416 1419
753 1468
1468 1849
1342 2151
2152 2138
2151 2152
2147 2150
1069 628
2101 1069
2102 1069
2143 2144
2141 949
2138 2141
962 2137
1223 2136
2374 2009
2136 2374
1102 2374
2137 2374
1768 2346
2134 708
2346 2134
2346 2046
1242 742
1242 1967
1242 1625
1242 916
1278 1242
2133 2278
2130 2133
1993 1942
1993 926
2040 1993
2125 1751
1484 1751
1410 1746
2426 1164
1746 2426
2124 2426
2433 1648
1372 2433
1916 1417
2115 808
1417 2115
1969 2115
2117 2115
633 1099
2114 1878
2114 1823
2114 1785
1099 2114
1690 1730
1141 1690
793 2106
2106 2110
2111 2110
1750 2103
853 1315
2103 853
2097 2099
1610 1258
1786 2093
2204 1286
2204 1119
2204 1406
2093 2204
1055 2020
825 2088
2444 1084
2088 2444
2092 2444
2020 2444
1809 966
927 2079
2082 1812
2079 2082
966 2082
2087 2082
1116 2078
2078 1916
2024 2072
2074 1000
2072 2074
2208 2074
1616 1686
932 678
932 2135
1686 932
2071 994
2065 2068
2104 2068
2069 2068
1532 2060
733 2042
2042 1477
2042 2060
1687 2058
2055 1806
2058 1806
1247 2050
2050 2053
2047 1748
2047 1631
2047 2271
2047 1454
2045 2047
2044 2211
1732 2037
2037 1390
810 1173
1173 1554
720 2032
2032 2035
1068 761
761 1507
2026 2031
740 2024
1962 929
2360 1962
909 1251
1345 829
1251 1345
2011 967
1752 1245
967 1752
1150 2019
2019 1571
933 2015
1931 2016
1223 2013
2013 1425
2015 1425
2016 1425
2289 1630
1232 2289
1330 2010
2005 961
2002 2005
2010 2005
1971 984
1998 2242
984 1998
864 1996
1997 849
1996 1997
1117 1995
1991 1994
1340 1987
1527 1549
1987 1527
1047 1523
2073 1146
1523 2073
1626 1661
1986 1314
1661 1986
1979 2100
1676 2100
1985 2100
1172 1975
1975 1978
1036 1973
1699 1966
1966 1971
1964 1152
1167 1964
2405 1957
1957 1958
1286 1958
1274 1956
1743 1520
1955 1743
1955 1952
732 1580
1784 732
1949 1814
1228 1943
1944 2095
1943 1944
1947 1944
1939 1635
1942 1635
1042 1938
1938 1831
2049 1935
1935 1937
1115 1937
1532 791
1933 1532
1933 1435
1932 1108
2372 1930
2372 1924
1919 2430
1922 2430
1757 1048
1914 1757
857 1032
1801 2365
1911 1139
2365 1911
1032 1911
1194 1911
1415 1910
1905 1211
1707 1905
1910 1905
1606 1780
1780 622
1902 1096
1901 1902
906 1902
1904 1902
820 1611
1611 1215
626 1818
1818 834
1818 775
1886 1375
1897 1172
1897 1791
1896 1385
2443 1896
2443 1893
1892 1459
1892 1344
1892 1133
2370 1892
658 1891
724 1595
724 1155
1152 724
1152 1891
647 1887
1885 2198
1887 2198
1888 2198
996 1883
1884 801
1883 1884
1668 1877
1878 1877
2067 1316
1478 2067
1874 2067
1872 1961
1872 1127
1866 1872
1584 1281
1863 894
1281 1863
1963 1861
2008 1857
1857 1859
1693 1852
1513 636
1097 1513
1852 1513
923 1513
1851 1583
1851 1850
1848 890
737 1848
1683 1342
1263 1847
793 1351
760 657
1845 760
1847 760
1351 760
1839 953
1834 1835
965 1828
1832 1828
1555 1593
1726 744
1823 1726
1593 1726
1825 1726
1613 803
1817 1810
803 1817
803 1812
1811 1907
630 1907
1719 1907
2014 772
772 1809
1810 1809
1805 1808
2397 1053
1803 2397
1801 1168
1801 1337
894 1801
894 1798
1297 1797
1340 1704
1920 2034
1920 1230
1704 1920
1796 1920
820 873
917 1510
873 917
2285 917
1767 1793
1793 1575
1794 1575
1488 1760
1488 1098
1790 1488
1792 1488
1140 915
1787 1140
1788 1140
1249 840
1314 1249
1050 1782
1783 1551
1778 1783
2034 1783
1782 1783
1785 1783
1773 647
1775 647
908 2307
2307 759
1321 1772
1771 1329
1581 1771
1772 1771
1490 1766
1766 1768
1764 1765
1972 1765
1590 1070
1762 1590
2321 1590
1759 684
1760 684
1786 1758
1756 2348
1758 2348
1006 1498
1735 1498
1753 1498
1138 1105
1105 2014
1745 1750
1245 1472
904 792
1730 904
1549 621
1748 621
1749 621
1744 1965
1744 1912
1740 1744
1824 1736
1728 1732
1295 1725
1573 1652
1727 2250
1725 1727
1652 1727
1537 1714
1714 1722
1717 1722
1724 1722
1151 1269
778 1269
1238 1545
2334 1238
1713 1348
1712 1713
1711 820
1711 2009
1708 833
1605 1708
1086 2021
734 660
1961 734
2021 734
1377 1145
1702 1377
1047 1696
1696 1699
1694 1695
977 1692
2203 2160
1692 1693
806 1693
629 1693
2160 1693
1553 1685
1540 705
1687 1180
705 1687
705 1685
1682 1024
1206 1682
1546 1682
1243 1674
1767 1673
1673 1678
1674 1678
1680 1678
1671 1461
2242 1671
1667 679
1667 1953
1664 1667
1710 1497
1663 1659
1657 1662
1497 1662
1659 1662
1033 1654
988 2049
1654 2049
1655 2049
1634 1840
1653 1634
1629 1649
1648 2116
1649 2116
687 1647
951 1369
800 951
1647 951
1228 1189
2340 755
623 2340
1189 2340
2095 2340
899 1041
1041 626
845 1197
845 1489
632 845
1394 633
2145 977
2145 636
1103 638
638 1540
1098 641
1530 641
1363 1376
1126 1363
644 1363
1490 879
1691 920
879 1691
926 1960
1370 1960
793 654
1515 651
653 925
654 653
651 653
981 1539
861 1439
1539 1439
983 2109
857 885
2109 857
2109 877
691 978
656 691
1114 2419
832 1501
832 657
1223 1755
1755 1341
2063 1341
660 1341
2273 662
1223 736
1799 1156
1799 1313
736 1799
666 1799
1062 1442
1276 625
2343 2396
625 669
2396 669
1409 1393
2043 673
822 2086
671 1515
2086 1515
1393 1515
673 1515
983 1621
1621 787
1899 1915
1474 1899
791 1899
1362 674
836 1827
674 1827
1517 812
678 1517
1567 1517
679 983
1273 818
1193 1589
715 1193
680 1623
808 680
1283 682
769 1095
682 1095
880 825
815 2043
815 683
1088 973
973 795
1071 1161
1161 1046
1598 1591
686 987
661 686
1591 686
692 1556
697 692
704 698
1871 1440
1965 1871
706 1871
708 1335
1181 1335
1000 1335
1020 1104
714 1977
710 1977
1747 717
1002 658
1002 717
720 2064
2036 720
744 2127
1551 2127
1545 730
723 730
1228 982
2250 1191
1264 1191
982 1191
1222 1112
1112 733
964 1128
738 1528
801 738
801 1180
746 1130
741 1130
739 1130
762 1420
1243 1367
1487 1243
1486 930
930 1464
1463 786
1409 1816
1999 1359
1168 1359
1816 1359
1139 1359
1786 2247
2264 980
2247 2264
1607 2264
1288 1198
1288 1014
2278 1288
2278 749
742 771
1055 1294
1534 1055
2343 1092
752 750
1927 750
1092 750
1734 753
1503 2274
2274 2008
1072 1615
1048 1072
843 1624
1624 783
1588 768
758 768
1535 754
1230 754
1843 1781
690 1843
773 1843
1432 1843
1013 1196
838 1013
838 624
1595 827
2257 827
776 969
777 776
1397 776
993 781
1631 1033
781 1033
784 782
1880 782
978 1283
972 1283
1781 1283
792 1636
797 905
1088 1364
2018 1192
1364 2018
1336 805
1457 851
1915 1457
936 1457
2440 1508
812 2440
1318 990
1228 948
1228 1210
990 1228
841 1042
1584 830
1584 1143
1737 1584
1018 819
816 1135
1615 816
1615 819
1282 822
1282 925
1644 667
1347 2203
2149 2203
667 2203
824 1349
865 824
865 826
915 664
992 664
1019 1570
828 1035
829 828
830 1980
1586 831
1292 896
1451 1292
798 1292
833 1518
1469 1493
839 1469
840 2011
2048 1009
1029 952
844 843
842 843
1666 859
998 1005
998 2113
998 1620
849 998
849 859
864 1568
1568 1984
1322 1080
1934 1253
866 1934
862 1934
1066 869
989 1574
869 989
869 1558
1967 1340
871 1340
1170 1003
1086 874
1003 876
874 876
883 1295
960 1239
960 886
1145 1447
2201 919
1017 2201
969 2201
887 1383
890 887
896 892
1101 892
897 1254
1369 897
900 1533
709 1533
1353 1533
1385 1533
1398 2012
1564 1086
1564 2012
902 1224
627 902
1600 902
1840 902
793 1360
2135 1563
1360 1563
1409 1087
687 1338
1087 1663
1338 1663
1223 907
793 1284
907 793
1494 1718
1625 1718
1450 1209
2427 1450
1035 908
914 910
1200 1504
1504 1807
1767 726
919 927
918 927
726 927
1410 922
1541 1154
924 1541
922 1541
2120 928
928 933
928 939
1142 940
948 942
943 942
1550 942
955 1557
949 955
949 1876
996 813
1192 996
957 2254
1637 2229
947 2293
1461 947
975 1511
979 975
1786 1279
1279 981
1475 981
980 981
1779 1974
851 1974
2293 1267
2293 1968
1480 1103
672 985
1210 985
1358 985
1334 1531
986 1531
1028 2317
1089 1645
1579 1666
1645 1666
2271 1641
1257 1522
1665 1257
1639 794
2004 1639
1754 1629
991 1629
2241 1384
1630 2241
1627 1047
1720 1626
1492 1296
937 1560
2129 1321
2129 1067
813 909
794 2120
1623 1266
1227 1266
1618 899
920 1616
920 2112
1209 731
1833 1066
2064 1071
1186 1237
1084 1186
2312 1186
2153 1606
1023 1598
716 1598
1184 1596
1083 1441
1387 1398
1388 1587
2223 1462
1402 2223
1587 2223
1018 1202
1580 1018
1580 1431
1856 1366
1198 1445
1578 1445
1337 1445
1366 1445
1409 2185
1409 1391
1011 1409
1011 1574
1577 950
1373 1577
1928 2283
2283 1941
1049 1941
1384 1613
1565 1521
1250 2057
2057 1561
1348 1561
2231 1403
1253 1553
1316 1710
1164 1543
1025 1543
1156 1543
1428 1089
1197 1089
1318 1256
1256 1537
1096 1537
1528 1201
1525 1157
1516 2023
1329 1516
961 1516
1059 1643
1211 1643
999 1436
1349 999
1512 1030
1371 1512
1082 1165
755 1165
1508 962
1510 962
2029 962
2343 1505
1505 2441
1462 2441
1146 1222
885 1481
1489 1481
1170 1162
2185 1170
1471 2314
1473 2314
2391 1255
1079 2432
1079 1511
1860 1050
1454 1050
1302 1604
1302 1127
1293 1443
1436 1241
1440 1241
1443 1241
1459 1490
1841 1361
1433 2405
1953 1503
1423 1426
903 1426
745 1320
1119 1320
1254 1320
2294 1486
1858 1263
987 1263
1111 1263
884 1412
687 1039
1424 1865
1039 1424
1276 1305
1844 1276
1061 1044
1044 1150
713 993
916 993
1177 1362
1177 1021
1622 1476
1004 1622
1344 1923
1367 721
1005 721
1077 1057
995 1077
950 1138
950 1376
870 1247
2252 2384
2023 2384
1118 1555
687 696
1261 1068
1244 1068
929 1068
696 1068
1315 1008
1037 1524
1237 1524
1294 1767
976 1339
2437 1339
1284 1603
642 1603
1556 864
1522 1061
1522 1070
1452 1132
1132 1389
1076 810
1493 1174
1078 1928
1166 1116
1166 1307
1133 1088
1582 1064
1476 1582
695 1582
1090 1582
2113 1856
1110 1856
1589 1856
823 1644
852 1644
1912 1293
659 1293
1053 1786
1053 1413
1400 1200
1383 1355
1030 1573
1500 1573
1620 1399
1410 1190
1190 788
1057 788
1143 1452
1176 751
1305 1388
1774 1388
628 1913
1406 687
1220 687
1931 1270
1391 1931
881 1931
1224 2122
1024 2122
1313 2122
1270 1410
1538 1225
1162 2343
1865 2343
1187 1318
1324 1318
1123 1093
