2447 2999
0 8 7
1 10 5
2 20 20
3 7 9
4 9 9
5 6 9
6 5 8
7 7 5
8 7 9
9 20 40
10 50 40
11 6 9
12 5 5
13 20 20
14 40 30
15 9 6
16 5 9
17 8 7
18 8 5
19 40 40
20 6 5
21 8 5
22 20 30
23 6 7
24 20 50
25 5 10
26 6 6
27 8 8
28 40 50
29 20 20
30 50 40
31 8 9
32 50 40
33 20 20
34 10 5
35 9 8
36 7 6
37 9 9
38 5 9
39 40 40
40 30 20
41 8 10
42 9 7
43 9 10
44 8 6
45 8 6
46 8 7
47 7 7
48 40 50
49 30 40
50 6 9
51 30 20
52 40 30
53 40 50
54 9 10
55 20 50
56 7 9
57 50 30
58 9 10
59 50 50
60 10 5
61 6 5
62 30 50
63 20 20
64 9 10
65 6 10
66 6 6
67 7 7
68 9 8
69 50 30
70 10 10
71 9 7
72 40 40
73 30 40
74 10 8
75 8 5
76 6 6
77 10 7
78 5 5
79 6 9
80 50 30
81 5 8
82 8 5
83 10 7
84 10 8
85 8 9
86 50 40
87 5 8
88 20 30
89 7 9
90 9 9
91 30 40
92 10 5
93 40 30
94 9 10
95 30 50
96 10 8
97 10 7
98 10 8
99 50 20
100 8 9
101 20 20
102 20 30
103 30 30
104 6 5
105 10 8
106 10 8
107 10 7
108 10 10
109 8 10
110 10 10
111 10 6
112 6 5
113 5 6
114 9 9
115 30 30
116 30 50
117 30 30
118 30 40
119 6 6
120 30 20
121 7 8
122 7 5
123 40 50
124 9 9
125 8 9
126 9 10
127 40 50
128 50 30
129 50 20
130 10 7
131 9 5
132 50 20
133 8 7
134 8 9
135 20 20
136 7 6
137 7 8
138 9 7
139 40 40
140 5 10
141 10 6
142 9 10
143 9 9
144 20 50
145 5 5
146 30 50
147 10 10
148 7 7
149 10 9
150 6 10
151 5 7
152 7 7
153 8 6
154 8 8
155 5 7
156 9 9
157 5 5
158 10 8
159 8 9
160 10 6
161 20 50
162 5 8
163 50 40
164 7 6
165 30 30
166 9 6
167 9 7
168 9 9
169 5 10
170 5 10
171 9 10
172 50 20
173 20 30
174 10 9
175 10 9
176 30 40
177 5 5
178 10 8
179 8 9
180 7 9
181 30 20
182 10 9
183 8 6
184 5 6
185 8 5
186 8 10
187 10 7
188 7 7
189 7 5
190 9 8
191 10 5
192 9 10
193 6 10
194 8 5
195 50 30
196 10 7
197 8 6
198 50 20
199 6 5
200 30 40
201 10 8
202 5 6
203 9 7
204 20 50
205 30 20
206 5 8
207 30 50
208 7 8
209 20 40
210 10 6
211 5 6
212 9 5
213 5 8
214 9 8
215 8 10
216 6 9
217 8 6
218 5 10
219 6 6
220 9 7
221 6 8
222 6 5
223 30 40
224 5 6
225 10 6
226 9 5
227 5 9
228 30 40
229 6 6
230 50 20
231 8 6
232 40 20
233 6 7
234 50 50
235 9 5
236 7 10
237 20 40
238 9 5
239 10 9
240 9 9
241 5 10
242 40 40
243 8 8
244 9 7
245 50 20
246 7 5
247 50 20
248 7 6
249 8 5
250 6 5
251 7 6
252 5 9
253 7 9
254 40 20
255 5 10
256 8 5
257 30 20
258 9 7
259 50 20
260 50 40
261 8 8
262 5 6
263 7 6
264 6 5
265 30 40
266 50 40
267 10 8
268 6 10
269 8 10
270 8 5
271 10 6
272 40 40
273 6 5
274 9 10
275 20 50
276 9 7
277 10 5
278 6 6
279 30 50
280 6 6
281 6 7
282 7 7
283 30 30
284 7 7
285 20 40
286 7 9
287 10 8
288 30 20
289 10 5
290 8 9
291 40 20
292 6 5
293 10 7
294 10 10
295 5 9
296 10 10
297 7 7
298 30 40
299 30 20
300 40 20
301 10 7
302 30 30
303 20 40
304 10 8
305 40 30
306 6 5
307 40 20
308 7 5
309 5 9
310 40 30
311 6 8
312 9 8
313 6 7
314 10 7
315 6 9
316 50 50
317 9 6
318 7 9
319 6 8
320 10 7
321 9 5
322 40 50
323 30 30
324 9 7
325 7 5
326 5 5
327 40 50
328 6 9
329 40 50
330 40 50
331 10 7
332 9 10
333 10 6
334 20 50
335 10 6
336 6 5
337 8 5
338 50 40
339 30 30
340 50 20
341 8 8
342 7 7
343 9 8
344 9 9
345 9 8
346 10 10
347 9 10
348 10 6
349 7 6
350 10 9
351 7 6
352 10 8
353 9 5
354 20 50
355 7 10
356 5 7
357 9 9
358 7 9
359 6 6
360 50 40
361 10 8
362 5 6
363 10 10
364 9 7
365 7 9
366 50 20
367 5 10
368 8 6
369 7 6
370 7 6
371 30 50
372 40 50
373 9 7
374 10 10
375 30 20
376 40 30
377 7 7
378 10 9
379 8 6
380 20 30
381 40 40
382 7 5
383 10 8
384 10 5
385 5 10
386 8 7
387 30 20
388 10 6
389 20 40
390 6 8
391 9 8
392 6 7
393 30 20
394 10 5
395 8 6
396 10 5
397 9 7
398 5 8
399 9 8
400 30 50
401 5 6
402 8 7
403 5 6
404 50 20
405 6 5
406 8 8
407 7 6
408 8 8
409 8 9
410 9 8
411 40 50
412 40 40
413 7 9
414 10 6
415 10 7
416 5 5
417 5 6
418 40 30
419 20 30
420 10 10
421 10 6
422 9 10
423 9 9
424 7 7
425 5 7
426 10 9
427 20 50
428 7 5
429 5 8
430 9 5
431 40 40
432 20 30
433 9 7
434 8 6
435 50 20
436 6 6
437 6 10
438 9 10
439 6 5
440 40 40
441 10 6
442 6 5
443 8 7
444 40 40
445 9 7
446 5 6
447 30 40
448 6 5
449 10 5
450 5 9
451 40 20
452 6 9
453 40 40
454 40 20
455 10 8
456 5 7
457 10 6
458 6 9
459 10 5
460 6 10
461 6 5
462 50 40
463 5 9
464 20 30
465 40 20
466 9 5
467 30 50
468 5 7
469 7 5
470 7 7
471 6 8
472 7 5
473 9 5
474 50 50
475 6 10
476 9 8
477 9 8
478 8 7
479 20 30
480 8 8
481 6 10
482 20 30
483 20 30
484 8 5
485 10 5
486 50 30
487 30 30
488 20 50
489 9 9
490 6 8
491 8 10
492 9 9
493 6 9
494 30 50
495 30 30
496 20 40
497 9 10
498 10 5
499 8 7
500 6 7
501 9 9
502 30 30
503 6 6
504 20 30
505 40 20
506 40 20
507 10 6
508 5 9
509 5 8
510 6 5
511 30 40
512 5 5
513 50 20
514 40 30
515 9 5
516 9 9
517 5 8
518 10 6
519 20 40
520 10 7
521 10 9
522 30 50
523 8 10
524 9 7
525 7 6
526 7 9
527 40 40
528 10 7
529 20 20
530 9 9
531 50 40
532 40 40
533 40 30
534 50 50
535 30 40
536 30 20
537 5 5
538 6 9
539 5 6
540 30 30
541 9 5
542 50 30
543 7 6
544 5 6
545 9 8
546 6 8
547 6 5
548 9 10
549 7 9
550 40 40
551 6 10
552 8 8
553 30 20
554 9 6
555 6 10
556 7 6
557 8 10
558 10 5
559 9 5
560 8 8
561 30 30
562 40 50
563 9 10
564 40 50
565 6 9
566 30 30
567 9 10
568 50 40
569 5 5
570 7 6
571 50 30
572 5 8
573 6 9
574 10 6
575 30 50
576 20 30
577 50 40
578 7 5
579 40 50
580 20 40
581 9 7
582 40 50
583 6 9
584 7 6
585 5 5
586 10 10
587 20 40
588 30 50
589 10 9
590 5 10
591 5 7
592 9 5
593 50 30
594 20 40
595 6 9
596 9 7
597 7 10
598 5 8
599 40 20
600 9 5
601 8 7
602 5 10
603 8 8
604 8 6
605 5 6
606 10 7
607 9 10
608 20 30
609 9 8
610 9 8
611 30 50
612 8 10
613 9 6
614 9 6
615 40 20
616 30 50
617 40 30
618 5 9
619 50 40
620 6 6
621 10 7
622 10 7
623 9 5
624 10 8
625 10 7
626 8 8
627 10 8
628 9 6
629 6 6
630 5 5
631 9 10
632 6 5
633 7 6
634 10 6
635 6 7
636 40 20
637 10 10
638 20 40
639 9 10
640 8 8
641 20 40
642 40 40
643 9 10
644 10 8
645 8 7
646 7 7
647 40 30
648 8 5
649 20 30
650 20 30
651 8 5
652 30 20
653 30 20
654 30 30
655 6 7
656 8 6
657 9 5
658 30 30
659 8 5
660 10 8
661 6 5
662 7 8
663 40 30
664 8 9
665 10 9
666 9 9
667 7 6
668 10 9
669 50 40
670 20 30
671 6 8
672 10 5
673 10 9
674 5 7
675 10 10
676 7 8
677 5 6
678 5 6
679 9 8
680 8 5
681 50 20
682 50 30
683 10 10
684 6 10
685 40 30
686 6 5
687 9 7
688 7 5
689 50 50
690 30 40
691 40 40
692 8 7
693 5 5
694 5 8
695 7 10
696 6 8
697 50 30
698 6 5
699 7 8
700 10 8
701 6 6
702 8 7
703 50 40
704 9 7
705 10 7
706 9 9
707 5 9
708 40 50
709 9 9
710 5 8
711 6 8
712 50 30
713 30 40
714 7 8
715 40 40
716 6 8
717 6 6
718 8 6
719 8 7
720 7 5
721 50 30
722 40 20
723 6 6
724 5 6
725 10 10
726 6 8
727 30 30
728 8 9
729 9 6
730 5 5
731 6 8
732 7 6
733 50 20
734 6 8
735 9 5
736 9 5
737 9 10
738 40 20
739 6 8
740 50 50
741 6 10
742 10 8
743 9 6
744 9 8
745 9 5
746 10 10
747 10 9
748 10 10
749 7 5
750 8 7
751 6 10
752 5 5
753 20 20
754 5 10
755 10 8
756 10 7
757 20 20
758 5 5
759 20 40
760 6 5
761 8 7
762 8 10
763 30 30
764 5 9
765 20 20
766 9 5
767 30 20
768 9 5
769 7 10
770 7 7
771 9 9
772 50 30
773 30 20
774 5 6
775 40 20
776 8 9
777 50 30
778 10 5
779 9 7
780 9 9
781 5 6
782 8 7
783 50 40
784 40 30
785 9 10
786 7 10
787 10 7
788 5 8
789 7 10
790 50 20
791 5 7
792 6 9
793 9 5
794 6 6
795 30 30
796 10 8
797 10 8
798 8 7
799 8 5
800 5 7
801 7 7
802 8 8
803 20 50
804 9 6
805 30 40
806 10 10
807 9 10
808 9 8
809 9 10
810 10 8
811 20 30
812 6 8
813 8 8
814 6 7
815 50 20
816 50 40
817 5 9
818 9 10
819 20 30
820 10 7
821 8 5
822 6 5
823 6 10
824 6 5
825 10 7
826 10 7
827 9 8
828 40 20
829 6 8
830 10 10
831 8 9
832 9 8
833 5 7
834 10 6
835 9 10
836 9 7
837 10 10
838 6 9
839 10 5
840 8 10
841 30 50
842 50 20
843 50 50
844 5 9
845 40 20
846 10 10
847 8 6
848 20 20
849 10 6
850 9 9
851 8 8
852 40 50
853 20 40
854 6 5
855 40 40
856 6 5
857 6 5
858 10 9
859 40 20
860 7 6
861 20 20
862 50 20
863 6 10
864 6 6
865 10 9
866 7 8
867 30 30
868 10 9
869 9 6
870 30 50
871 9 5
872 9 9
873 10 7
874 8 9
875 9 9
876 20 20
877 5 9
878 5 10
879 10 8
880 9 6
881 5 6
882 10 5
883 6 7
884 5 7
885 40 50
886 7 10
887 10 6
888 5 7
889 20 20
890 9 9
891 10 7
892 10 9
893 10 7
894 9 7
895 10 9
896 7 6
897 5 7
898 5 9
899 5 10
900 8 9
901 5 10
902 8 8
903 5 9
904 10 7
905 8 8
906 5 8
907 5 9
908 5 7
909 6 10
910 30 40
911 20 50
912 9 10
913 5 10
914 9 10
915 40 50
916 10 8
917 50 50
918 50 50
919 8 8
920 6 6
921 8 6
922 8 6
923 40 20
924 6 8
925 40 40
926 6 5
927 8 8
928 5 5
929 7 8
930 9 10
931 6 8
932 7 10
933 9 9
934 5 9
935 50 50
936 7 10
937 20 40
938 9 7
939 8 6
940 7 9
941 20 40
942 30 50
943 40 20
944 5 7
945 9 7
946 7 9
947 50 50
948 7 7
949 7 9
950 5 10
951 20 30
952 30 50
953 8 8
954 7 8
955 5 7
956 40 40
957 30 30
958 7 8
959 30 50
960 9 9
961 5 9
962 6 10
963 9 7
964 9 7
965 8 8
966 30 30
967 6 6
968 20 50
969 8 7
970 6 5
971 8 6
972 5 5
973 6 7
974 50 20
975 40 40
976 40 50
977 50 30
978 50 40
979 40 30
980 50 30
981 5 8
982 8 7
983 9 9
984 7 10
985 8 5
986 10 10
987 30 50
988 30 30
989 10 6
990 7 9
991 6 5
992 10 6
993 40 20
994 10 7
995 9 6
996 9 9
997 50 30
998 20 50
999 50 30
1000 50 40
1001 20 20
1002 10 5
1003 9 5
1004 8 5
1005 10 8
1006 7 7
1007 10 10
1008 50 30
1009 50 20
1010 8 10
1011 5 7
1012 7 7
1013 6 6
1014 5 8
1015 10 9
1016 20 40
1017 20 30
1018 5 5
1019 9 10
1020 7 8
1021 6 5
1022 7 10
1023 9 7
1024 30 50
1025 6 5
1026 6 8
1027 20 20
1028 5 5
1029 5 5
1030 30 40
1031 5 7
1032 50 20
1033 5 5
1034 20 40
1035 20 40
1036 5 5
1037 20 40
1038 40 20
1039 8 10
1040 7 9
1041 9 9
1042 8 7
1043 50 40
1044 8 7
1045 5 6
1046 6 8
1047 6 6
1048 6 5
1049 20 30
1050 30 30
1051 20 50
1052 10 7
1053 20 40
1054 5 9
1055 50 30
1056 40 50
1057 9 10
1058 40 30
1059 50 40
1060 9 7
1061 20 50
1062 9 7
1063 10 10
1064 40 30
1065 6 6
1066 30 20
1067 7 10
1068 6 8
1069 10 9
1070 9 8
1071 10 6
1072 9 10
1073 7 5
1074 5 8
1075 6 9
1076 6 9
1077 6 5
1078 50 30
1079 50 20
1080 40 20
1081 30 40
1082 10 8
1083 10 9
1084 8 6
1085 7 6
1086 10 7
1087 5 8
1088 50 50
1089 30 20
1090 30 30
1091 5 6
1092 5 6
1093 30 50
1094 5 10
1095 6 8
1096 6 9
1097 8 8
1098 9 7
1099 50 20
1100 30 20
1101 50 30
1102 9 8
1103 6 9
1104 30 50
1105 50 40
1106 40 40
1107 8 6
1108 50 30
1109 40 20
1110 5 7
1111 8 9
1112 7 8
1113 5 10
1114 8 8
1115 6 5
1116 9 8
1117 50 40
1118 20 50
1119 7 9
1120 40 40
1121 9 8
1122 5 10
1123 20 40
1124 5 7
1125 5 5
1126 20 40
1127 8 8
1128 7 8
1129 8 9
1130 9 9
1131 30 30
1132 10 10
1133 20 40
1134 7 6
1135 40 50
1136 9 10
1137 20 50
1138 8 10
1139 10 9
1140 40 50
1141 6 8
1142 10 10
1143 6 10
1144 10 5
1145 6 7
1146 40 30
1147 10 5
1148 8 7
1149 6 7
1150 9 5
1151 5 10
1152 8 5
1153 10 9
1154 10 6
1155 40 20
1156 40 20
1157 9 8
1158 8 9
1159 20 30
1160 8 6
1161 10 8
1162 9 9
1163 7 6
1164 50 50
1165 50 50
1166 9 10
1167 30 40
1168 6 6
1169 5 6
1170 5 7
1171 8 8
1172 5 5
1173 9 10
1174 8 8
1175 8 7
1176 7 8
1177 10 9
1178 30 20
1179 50 20
1180 10 6
1181 7 10
1182 7 6
1183 50 20
1184 6 6
1185 8 8
1186 9 6
1187 9 6
1188 20 20
1189 30 50
1190 30 30
1191 20 30
1192 5 7
1193 30 40
1194 10 10
1195 6 7
1196 50 30
1197 7 5
1198 6 8
1199 8 6
1200 6 7
1201 8 9
1202 5 5
1203 5 9
1204 7 5
1205 50 50
1206 5 8
1207 9 8
1208 8 5
1209 8 10
1210 30 20
1211 6 9
1212 50 30
1213 10 6
1214 5 10
1215 5 7
1216 8 5
1217 5 6
1218 8 5
1219 9 6
1220 5 9
1221 9 8
1222 9 10
1223 9 8
1224 5 5
1225 50 40
1226 30 40
1227 7 5
1228 20 40
1229 7 7
1230 30 20
1231 6 7
1232 7 9
1233 5 5
1234 10 9
1235 6 10
1236 5 6
1237 5 7
1238 30 50
1239 8 6
1240 9 9
1241 8 5
1242 10 6
1243 50 20
1244 8 7
1245 8 10
1246 8 10
1247 30 20
1248 40 20
1249 10 10
1250 7 7
1251 9 8
1252 5 9
1253 9 8
1254 9 8
1255 10 8
1256 10 10
1257 50 50
1258 7 8
1259 8 5
1260 9 10
1261 7 5
1262 7 8
1263 30 50
1264 50 40
1265 50 30
1266 8 9
1267 5 9
1268 10 6
1269 30 20
1270 6 6
1271 30 30
1272 5 6
1273 6 8
1274 40 30
1275 9 10
1276 8 7
1277 8 9
1278 50 50
1279 20 40
1280 40 30
1281 8 7
1282 7 7
1283 30 20
1284 20 30
1285 7 10
1286 7 10
1287 7 6
1288 30 20
1289 10 5
1290 9 10
1291 50 30
1292 6 7
1293 6 7
1294 5 7
1295 50 40
1296 40 50
1297 7 10
1298 7 10
1299 50 50
1300 8 9
1301 20 20
1302 10 10
1303 9 10
1304 10 8
1305 7 9
1306 5 5
1307 20 40
1308 5 10
1309 5 7
1310 5 9
1311 10 7
1312 10 6
1313 20 20
1314 6 10
1315 8 8
1316 30 50
1317 10 7
1318 9 10
1319 9 6
1320 6 8
1321 40 50
1322 10 6
1323 7 6
1324 5 6
1325 10 8
1326 5 9
1327 50 30
1328 6 6
1329 7 5
1330 20 40
1331 6 7
1332 9 6
1333 5 8
1334 5 9
1335 7 8
1336 40 50
1337 20 40
1338 6 10
1339 9 10
1340 20 40
1341 7 6
1342 30 20
1343 40 50
1344 9 10
1345 40 30
1346 6 5
1347 20 30
1348 6 7
1349 40 40
1350 6 5
1351 20 40
1352 7 6
1353 9 8
1354 9 8
1355 50 20
1356 10 5
1357 20 30
1358 6 5
1359 6 6
1360 50 20
1361 10 8
1362 5 7
1363 7 10
1364 30 40
1365 20 50
1366 10 9
1367 8 10
1368 7 9
1369 9 5
1370 40 30
1371 20 30
1372 7 8
1373 6 5
1374 6 7
1375 30 20
1376 5 8
1377 5 6
1378 30 40
1379 5 9
1380 7 7
1381 8 9
1382 10 8
1383 8 7
1384 10 10
1385 7 6
1386 9 9
1387 30 50
1388 20 50
1389 9 10
1390 50 30
1391 50 20
1392 6 7
1393 7 7
1394 40 20
1395 5 6
1396 20 20
1397 20 30
1398 9 5
1399 8 10
1400 7 9
1401 5 7
1402 40 50
1403 50 30
1404 5 8
1405 50 30
1406 30 30
1407 7 10
1408 40 40
1409 30 20
1410 7 10
1411 7 6
1412 10 8
1413 40 20
1414 10 5
1415 8 6
1416 10 7
1417 6 10
1418 30 40
1419 10 9
1420 10 6
1421 50 30
1422 7 7
1423 30 50
1424 5 7
1425 8 9
1426 5 7
1427 10 9
1428 20 50
1429 5 6
1430 40 40
1431 10 8
1432 7 5
1433 9 9
1434 20 40
1435 6 7
1436 10 5
1437 6 10
1438 40 50
1439 6 10
1440 8 9
1441 50 20
1442 20 30
1443 10 9
1444 6 6
1445 10 8
1446 8 10
1447 5 8
1448 9 6
1449 40 50
1450 10 7
1451 5 6
1452 6 6
1453 40 20
1454 30 30
1455 9 6
1456 6 8
1457 5 5
1458 40 40
1459 5 9
1460 6 9
1461 7 6
1462 8 9
1463 7 8
1464 30 30
1465 7 7
1466 7 6
1467 7 7
1468 6 8
1469 10 9
1470 7 6
1471 20 40
1472 40 40
1473 5 6
1474 9 8
1475 6 10
1476 9 8
1477 9 10
1478 20 40
1479 50 50
1480 9 8
1481 5 8
1482 7 5
1483 30 40
1484 9 10
1485 5 5
1486 30 40
1487 10 7
1488 20 50
1489 6 8
1490 8 5
1491 10 9
1492 8 10
1493 40 30
1494 50 40
1495 9 8
1496 50 50
1497 10 6
1498 10 5
1499 6 10
1500 6 10
1501 7 5
1502 7 5
1503 30 30
1504 5 6
1505 40 40
1506 10 8
1507 50 20
1508 10 7
1509 8 10
1510 10 10
1511 30 50
1512 20 40
1513 9 10
1514 20 30
1515 10 8
1516 9 7
1517 8 10
1518 30 50
1519 50 50
1520 30 40
1521 10 8
1522 8 7
1523 30 20
1524 30 30
1525 50 20
1526 7 8
1527 50 30
1528 8 10
1529 8 7
1530 6 10
1531 30 30
1532 8 5
1533 20 40
1534 50 20
1535 30 40
1536 50 40
1537 20 40
1538 7 7
1539 50 50
1540 10 5
1541 6 5
1542 50 20
1543 7 10
1544 6 6
1545 7 8
1546 20 20
1547 5 7
1548 7 5
1549 7 10
1550 7 10
1551 8 9
1552 30 20
1553 20 50
1554 10 6
1555 40 50
1556 6 6
1557 6 7
1558 50 50
1559 50 20
1560 8 7
1561 9 6
1562 5 10
1563 8 9
1564 30 20
1565 5 8
1566 7 8
1567 8 5
1568 10 10
1569 9 6
1570 20 40
1571 9 7
1572 9 10
1573 20 20
1574 6 6
1575 5 7
1576 7 10
1577 9 7
1578 7 8
1579 8 10
1580 40 30
1581 9 8
1582 40 20
1583 6 9
1584 9 10
1585 5 5
1586 5 5
1587 9 10
1588 7 9
1589 8 8
1590 40 30
1591 8 10
1592 9 9
1593 10 9
1594 8 10
1595 30 30
1596 8 9
1597 20 50
1598 5 5
1599 50 20
1600 9 9
1601 5 8
1602 5 5
1603 50 20
1604 40 30
1605 20 20
1606 50 30
1607 5 8
1608 8 7
1609 50 30
1610 40 40
1611 9 10
1612 10 6
1613 7 6
1614 20 30
1615 9 10
1616 30 30
1617 10 5
1618 8 6
1619 20 50
1620 9 7
1621 30 50
1622 7 9
1623 6 7
1624 10 10
1625 50 20
1626 8 7
1627 5 9
1628 20 50
1629 20 30
1630 9 9
1631 50 30
1632 6 9
1633 20 50
1634 8 10
1635 8 10
1636 10 10
1637 40 20
1638 20 20
1639 8 8
1640 5 5
1641 50 40
1642 20 20
1643 6 10
1644 8 5
1645 50 20
1646 10 8
1647 6 6
1648 8 10
1649 6 8
1650 8 8
1651 9 6
1652 9 10
1653 20 50
1654 10 9
1655 30 20
1656 5 7
1657 20 20
1658 5 9
1659 9 6
1660 5 10
1661 10 5
1662 10 7
1663 10 6
1664 7 6
1665 40 50
1666 40 50
1667 40 40
1668 40 50
1669 7 7
1670 10 6
1671 9 9
1672 20 20
1673 9 5
1674 20 40
1675 10 5
1676 8 9
1677 8 9
1678 5 6
1679 6 5
1680 6 6
1681 20 40
1682 30 20
1683 40 40
1684 5 5
1685 40 40
1686 8 9
1687 7 10
1688 10 10
1689 20 30
1690 9 9
1691 40 20
1692 20 20
1693 30 20
1694 5 5
1695 8 7
1696 10 8
1697 20 40
1698 7 9
1699 6 10
1700 20 30
1701 40 40
1702 8 8
1703 10 7
1704 8 10
1705 5 9
1706 9 6
1707 30 50
1708 5 10
1709 40 30
1710 50 40
1711 8 6
1712 50 50
1713 50 50
1714 50 20
1715 6 10
1716 7 6
1717 9 8
1718 30 50
1719 40 30
1720 10 7
1721 6 6
1722 7 5
1723 7 9
1724 8 5
1725 40 40
1726 50 20
1727 8 6
1728 5 6
1729 8 7
1730 5 6
1731 30 40
1732 8 7
1733 5 5
1734 5 9
1735 7 8
1736 9 9
1737 5 10
1738 10 8
1739 10 10
1740 30 20
1741 6 7
1742 7 8
1743 7 10
1744 7 10
1745 40 50
1746 6 7
1747 6 9
1748 9 9
1749 7 9
1750 10 6
1751 50 30
1752 50 50
1753 7 9
1754 5 5
1755 5 6
1756 40 30
1757 5 10
1758 10 8
1759 9 7
1760 50 30
1761 10 7
1762 5 10
1763 20 30
1764 10 10
1765 8 9
1766 8 9
1767 7 8
1768 7 9
1769 50 30
1770 7 10
1771 20 40
1772 10 10
1773 9 9
1774 50 40
1775 8 7
1776 9 6
1777 9 6
1778 7 6
1779 8 10
1780 10 5
1781 9 7
1782 6 7
1783 30 40
1784 20 30
1785 30 30
1786 6 5
1787 30 30
1788 8 5
1789 8 7
1790 9 5
1791 50 30
1792 30 20
1793 5 9
1794 5 7
1795 10 10
1796 5 9
1797 10 7
1798 6 7
1799 7 10
1800 10 8
1801 20 20
1802 5 9
1803 20 20
1804 50 40
1805 8 6
1806 20 50
1807 30 30
1808 8 8
1809 7 9
1810 5 10
1811 9 5
1812 7 9
1813 30 20
1814 7 8
1815 30 50
1816 40 30
1817 6 10
1818 40 40
1819 9 5
1820 9 8
1821 8 9
1822 9 10
1823 50 50
1824 6 9
1825 5 8
1826 5 5
1827 20 30
1828 9 7
1829 8 5
1830 6 8
1831 5 6
1832 5 9
1833 9 6
1834 8 8
1835 5 6
1836 5 10
1837 5 10
1838 5 9
1839 50 50
1840 30 50
1841 9 9
1842 5 6
1843 5 9
1844 8 8
1845 8 5
1846 30 20
1847 30 20
1848 7 8
1849 6 10
1850 10 6
1851 7 10
1852 7 6
1853 6 6
1854 9 8
1855 10 5
1856 6 7
1857 6 5
1858 5 9
1859 20 50
1860 8 10
1861 9 8
1862 9 10
1863 30 40
1864 50 50
1865 6 7
1866 9 6
1867 20 50
1868 30 40
1869 8 6
1870 6 8
1871 6 8
1872 30 50
1873 40 20
1874 20 40
1875 50 40
1876 30 40
1877 10 9
1878 30 50
1879 40 50
1880 9 8
1881 7 6
1882 5 8
1883 50 40
1884 50 50
1885 6 10
1886 20 50
1887 30 40
1888 6 7
1889 7 8
1890 8 5
1891 5 10
1892 10 7
1893 30 50
1894 50 40
1895 50 40
1896 20 30
1897 5 5
1898 8 6
1899 7 10
1900 10 7
1901 9 5
1902 7 7
1903 7 5
1904 9 5
1905 6 10
1906 6 6
1907 8 9
1908 6 10
1909 5 10
1910 9 7
1911 40 40
1912 8 10
1913 9 7
1914 9 6
1915 9 7
1916 10 7
1917 8 8
1918 8 6
1919 9 7
1920 6 9
1921 6 5
1922 30 20
1923 10 8
1924 5 8
1925 7 8
1926 10 10
1927 5 8
1928 30 40
1929 9 6
1930 9 6
1931 20 20
1932 40 40
1933 10 6
1934 8 5
1935 20 40
1936 10 6
1937 8 10
1938 7 5
1939 30 40
1940 30 50
1941 9 9
1942 6 5
1943 9 8
1944 40 50
1945 9 10
1946 6 7
1947 40 30
1948 50 20
1949 9 7
1950 50 50
1951 9 9
1952 20 40
1953 50 40
1954 8 7
1955 50 50
1956 7 9
1957 40 40
1958 5 8
1959 8 9
1960 9 8
1961 10 5
1962 7 9
1963 7 8
1964 20 30
1965 6 9
1966 10 7
1967 40 50
1968 8 5
1969 10 5
1970 8 8
1971 9 5
1972 5 8
1973 20 20
1974 50 50
1975 5 8
1976 7 10
1977 50 20
1978 5 9
1979 6 6
1980 50 20
1981 7 8
1982 6 10
1983 30 50
1984 7 10
1985 5 10
1986 6 8
1987 20 40
1988 20 50
1989 20 50
1990 30 20
1991 6 7
1992 20 20
1993 10 5
1994 20 30
1995 7 9
1996 7 8
1997 8 10
1998 5 6
1999 20 40
2000 7 9
2001 6 6
2002 20 20
2003 40 40
2004 9 7
2005 5 5
2006 5 6
2007 20 20
2008 50 20
2009 9 5
2010 30 30
2011 7 7
2012 10 5
2013 8 5
2014 8 7
2015 20 30
2016 5 10
2017 10 5
2018 6 8
2019 6 7
2020 6 9
2021 50 40
2022 8 10
2023 7 6
2024 9 8
2025 5 5
2026 9 8
2027 50 40
2028 5 9
2029 7 9
2030 30 40
2031 50 50
2032 30 50
2033 5 8
2034 7 10
2035 8 5
2036 8 5
2037 6 10
2038 6 8
2039 40 30
2040 10 5
2041 8 5
2042 10 10
2043 6 9
2044 20 30
2045 40 30
2046 50 50
2047 9 8
2048 9 9
2049 9 5
2050 20 20
2051 10 9
2052 9 7
2053 50 40
2054 6 9
2055 8 8
2056 6 8
2057 30 20
2058 7 6
2059 20 50
2060 10 10
2061 7 10
2062 40 50
2063 10 9
2064 8 7
2065 8 6
2066 50 20
2067 5 6
2068 30 30
2069 7 8
2070 9 9
2071 8 10
2072 8 7
2073 10 7
2074 8 10
2075 5 9
2076 50 40
2077 10 10
2078 10 5
2079 50 30
2080 20 50
2081 40 40
2082 9 8
2083 50 50
2084 10 7
2085 5 5
2086 20 50
2087 5 10
2088 6 6
2089 50 20
2090 7 7
2091 8 10
2092 7 5
2093 8 10
2094 50 20
2095 5 8
2096 40 20
2097 6 5
2098 9 6
2099 7 7
2100 9 10
2101 10 6
2102 20 30
2103 7 6
2104 8 5
2105 7 8
2106 5 10
2107 7 10
2108 5 5
2109 9 8
2110 9 8
2111 50 30
2112 6 10
2113 8 9
2114 7 7
2115 5 8
2116 6 10
2117 9 7
2118 5 9
2119 50 50
2120 8 8
2121 5 10
2122 10 10
2123 7 10
2124 9 6
2125 7 9
2126 20 50
2127 9 6
2128 20 40
2129 40 20
2130 6 7
2131 7 6
2132 10 5
2133 8 5
2134 50 30
2135 30 50
2136 9 9
2137 7 9
2138 40 20
2139 5 9
2140 10 5
2141 20 50
2142 50 20
2143 20 20
2144 50 20
2145 8 6
2146 30 40
2147 6 9
2148 30 20
2149 10 7
2150 40 50
2151 50 20
2152 9 8
2153 6 9
2154 9 6
2155 5 6
2156 20 20
2157 20 20
2158 50 50
2159 30 30
2160 6 8
2161 5 7
2162 10 5
2163 7 5
2164 20 30
2165 9 5
2166 6 6
2167 8 8
2168 40 40
2169 6 10
2170 8 10
2171 30 20
2172 7 7
2173 8 7
2174 5 10
2175 20 20
2176 9 8
2177 50 20
2178 10 7
2179 30 20
2180 9 9
2181 9 7
2182 9 7
2183 8 7
2184 50 40
2185 10 7
2186 8 5
2187 20 20
2188 8 8
2189 50 50
2190 9 9
2191 20 50
2192 6 5
2193 7 5
2194 5 10
2195 7 9
2196 8 7
2197 9 5
2198 30 50
2199 9 8
2200 9 6
2201 8 10
2202 20 20
2203 10 10
2204 8 8
2205 6 5
2206 30 20
2207 8 5
2208 9 6
2209 10 5
2210 9 9
2211 7 5
2212 8 7
2213 7 7
2214 5 10
2215 10 6
2216 8 10
2217 5 6
2218 5 10
2219 40 30
2220 10 8
2221 6 10
2222 5 6
2223 9 10
2224 8 6
2225 9 7
2226 5 9
2227 50 50
2228 40 40
2229 6 9
2230 6 6
2231 8 8
2232 9 6
2233 7 7
2234 10 6
2235 8 8
2236 7 8
2237 5 6
2238 5 10
2239 8 8
2240 30 40
2241 5 6
2242 8 5
2243 10 7
2244 30 50
2245 30 30
2246 40 40
2247 5 6
2248 10 8
2249 40 50
2250 40 30
2251 8 5
2252 9 7
2253 10 7
2254 7 6
2255 30 50
2256 5 10
2257 50 30
2258 7 9
2259 8 8
2260 9 5
2261 6 7
2262 6 10
2263 6 8
2264 40 50
2265 10 5
2266 7 10
2267 30 20
2268 8 7
2269 7 9
2270 8 10
2271 10 9
2272 20 20
2273 6 10
2274 8 10
2275 5 10
2276 5 8
2277 6 7
2278 7 7
2279 8 7
2280 8 5
2281 5 8
2282 8 10
2283 9 5
2284 9 6
2285 8 10
2286 8 7
2287 20 50
2288 9 10
2289 20 50
2290 10 5
2291 5 5
2292 5 7
2293 8 8
2294 50 30
2295 5 10
2296 6 10
2297 30 40
2298 40 30
2299 9 6
2300 50 40
2301 10 9
2302 40 20
2303 5 8
2304 9 6
2305 10 6
2306 9 9
2307 20 30
2308 9 9
2309 50 20
2310 5 8
2311 30 50
2312 30 20
2313 40 40
2314 8 6
2315 5 10
2316 9 10
2317 10 8
2318 9 5
2319 7 5
2320 5 6
2321 10 5
2322 10 8
2323 7 10
2324 50 20
2325 30 30
2326 6 8
2327 5 5
2328 5 9
2329 5 10
2330 8 5
2331 40 40
2332 10 5
2333 8 8
2334 5 5
2335 50 40
2336 5 10
2337 50 20
2338 7 6
2339 9 9
2340 9 9
2341 8 10
2342 7 5
2343 9 7
2344 50 40
2345 40 40
2346 40 20
2347 9 9
2348 6 10
2349 5 9
2350 50 30
2351 5 8
2352 20 50
2353 50 50
2354 9 7
2355 20 40
2356 9 8
2357 7 10
2358 9 6
2359 30 20
2360 50 40
2361 6 8
2362 9 6
2363 40 20
2364 10 6
2365 9 5
2366 7 7
2367 7 8
2368 6 9
2369 8 6
2370 40 20
2371 6 6
2372 10 8
2373 9 9
2374 50 20
2375 8 7
2376 5 5
2377 8 7
2378 5 8
2379 6 10
2380 20 50
2381 6 10
2382 20 30
2383 10 5
2384 8 6
2385 8 5
2386 8 10
2387 10 5
2388 20 30
2389 30 40
2390 5 10
2391 50 40
2392 40 20
2393 9 9
2394 5 8
2395 6 8
2396 50 30
2397 40 20
2398 20 20
2399 6 8
2400 6 6
2401 40 30
2402 8 10
2403 6 8
2404 40 20
2405 10 5
2406 8 5
2407 9 8
2408 10 6
2409 8 10
2410 10 10
2411 10 10
2412 6 6
2413 40 40
2414 9 5
2415 10 5
2416 5 7
2417 10 5
2418 30 40
2419 8 9
2420 9 6
2421 6 9
2422 20 50
2423 10 10
2424 8 8
2425 6 6
2426 7 8
2427 30 40
2428 8 6
2429 30 50
2430 5 5
2431 50 20
2432 6 8
2433 6 6
2434 9 8
2435 40 40
2436 8 9
2437 10 10
2438 5 10
2439 10 6
2440 8 10
2441 7 6
2442 6 9
2443 6 6
2444 6 5
2445 7 7
2446 30 50
156 1906
1074 1275
0 20
1906 0
1275 0
1304 136
1345 1
2 1429
2 2112
2 1458
1 2
1 136
563 4
1992 1862
3 174
3 666
3 924
1862 3
1862 4
2150 5
78 2206
5 78
822 1289
6 1982
6 954
1289 6
2303 8
555 7
1331 1083
8 1331
7 1331
1095 1853
1113 10
9 1909
10 9
1853 9
1982 9
933 12
1410 11
1169 500
12 1169
11 1169
299 14
13 236
13 2004
14 13
1828 190
804 15
190 555
15 555
307 944
16 2351
944 16
462 18
17 2291
18 17
641 1306
1827 2402
19 943
1306 19
2402 19
2303 1356
1158 979
1356 1158
20 1158
199 21
267 1029
21 267
1988 467
22 2002
467 22
330 24
2115 509
23 2191
24 23
509 23
719 718
25 552
25 1914
718 25
171 27
26 1683
27 26
2338 591
1559 1365
591 804
1365 804
1395 1566
1240 988
1240 1586
1566 1240
2221 532
1819 1677
765 110
532 765
1677 765
977 225
811 28
1679 1764
1679 1653
225 1679
28 1679
1403 30
29 1936
29 1886
29 1803
30 29
1225 32
31 838
32 31
1447 493
520 1711
493 520
1258 34
33 145
34 33
1442 282
227 35
36 1004
35 36
35 282
2096 888
1715 375
1715 1453
1715 300
1715 346
1715 382
1715 2249
1715 900
1715 627
1715 745
888 1715
1259 1343
700 37
2043 38
1479 1642
38 1479
1343 1479
37 1479
2108 39
1144 286
39 1144
1849 40
1216 2157
40 1216
2298 42
2127 634
341 43
41 1688
43 41
42 41
634 41
825 44
958 1352
1813 121
1813 428
1813 1889
1813 600
1813 739
44 1813
1352 1813
1751 45
1799 502
273 1741
1280 1968
1741 1280
45 1280
502 1280
1908 2407
46 221
46 1232
2407 46
909 47
512 2263
47 512
910 49
48 1166
49 48
2348 232
2436 1700
1320 2359
372 1413
2359 372
232 372
1700 372
1983 938
219 50
51 2187
938 51
50 51
2161 1221
52 2294
1221 52
766 1572
53 2361
1572 53
326 1950
2144 54
1925 158
54 1925
54 1950
1178 2080
2394 1564
2080 2394
2419 901
541 1640
209 1558
1640 209
1640 901
2303 846
664 55
56 460
846 56
55 56
759 412
144 112
144 1664
144 1273
412 144
2268 58
57 551
58 57
1688 57
450 60
2440 59
457 2029
60 457
59 457
1390 61
351 685
61 351
2277 2237
62 180
62 629
2237 62
1926 64
2344 1106
63 2257
63 844
63 1408
1106 63
1106 64
230 66
65 349
66 65
275 68
485 67
699 1670
68 699
67 699
2444 70
847 570
69 2171
70 69
570 69
329 1506
463 71
1147 648
1147 756
1147 2045
71 1147
71 1506
360 101
1799 1495
1208 1650
72 2332
1650 72
101 72
1495 72
542 74
128 73
1163 740
73 1163
73 74
1499 77
431 75
76 167
77 76
75 76
892 80
1255 79
1656 2149
1656 798
1656 852
79 1656
79 80
1604 279
229 2069
279 229
1672 82
1799 81
788 83
201 311
83 201
82 201
81 201
1956 409
1045 2267
409 1045
1327 84
240 315
588 1264
84 588
315 588
1872 234
1705 748
375 1705
234 1705
1008 85
1332 2333
85 1332
1570 87
86 1955
87 86
1635 339
754 1894
339 766
1894 766
446 1864
2035 88
2038 2173
2038 2300
2038 1844
88 2038
88 1864
322 454
250 89
90 1952
90 1248
89 90
89 454
2428 91
1268 1569
1268 2215
1268 2195
91 1268
2251 2280
453 92
1614 807
93 2111
1453 93
807 93
2280 93
92 93
2000 688
2400 1282
688 2400
1266 95
94 1845
95 94
1698 96
1829 451
96 1829
2158 97
2403 389
97 2403
1328 835
1212 183
1212 1478
1212 1334
835 1212
818 99
98 381
99 98
2139 100
2051 370
2051 784
100 2051
2099 103
102 2129
103 102
1223 2238
2371 396
2238 1304
396 1304
1130 2180
927 1107
1689 2288
1575 104
194 366
1107 194
104 194
2180 194
2288 194
1923 106
105 147
105 151
106 105
1606 108
107 1176
108 107
342 898
593 2281
1134 109
1903 312
109 1903
898 1903
2281 1903
1819 1007
2221 1073
945 272
1073 945
1007 945
110 945
1744 165
1195 1153
111 1297
1153 111
1153 165
1603 113
1614 247
1614 301
1614 437
112 1614
112 113
1165 2142
952 2003
1983 2209
1983 623
1983 1371
2003 1983
2003 2142
834 1175
114 313
114 2269
1175 114
2424 115
1060 414
1060 574
1060 2062
1060 2360
115 1060
1561 117
2303 116
2270 118
872 214
118 872
117 872
116 872
2410 1401
831 2075
1960 495
119 1115
495 119
1401 119
2075 119
120 1811
121 120
143 377
1744 122
123 1101
377 123
122 123
1201 125
1560 124
2301 126
911 1418
126 911
125 911
124 911
1722 127
1954 1233
543 1841
1233 543
1233 127
1690 129
128 2273
129 128
504 2066
130 2085
2066 130
1203 1416
645 1594
1416 645
235 132
131 1833
132 131
1898 2304
463 1694
2304 463
1509 1651
685 1509
1835 134
927 2282
1129 443
1524 135
133 357
2282 133
135 133
134 133
443 133
288 138
137 2071
138 137
257 603
2436 139
2441 1837
140 1981
1837 140
603 140
139 140
774 141
1951 1538
141 1951
1632 142
1706 243
142 1706
2251 415
415 143
1260 146
1926 842
145 1926
145 146
1148 302
147 1148
2347 148
148 774
1501 149
1325 554
1325 871
1325 1227
149 1325
1460 421
2440 150
1215 1869
1562 1102
1562 1676
1869 1562
421 1562
150 1562
152 800
152 1927
151 152
151 1909
1992 154
153 565
154 153
2122 155
2221 2017
2221 1546
381 2221
381 155
1988 2126
2432 735
2126 156
735 156
1223 157
1445 1592
1374 749
157 1374
1592 1374
262 337
262 837
158 262
469 1185
1185 1259
1488 159
676 836
159 676
2265 161
160 289
161 160
1826 162
162 1992
163 393
500 163
864 164
164 299
1339 166
2436 1675
1346 429
167 1346
166 1346
1675 1346
793 170
380 168
169 886
170 169
168 169
218 2006
2006 171
2251 172
173 564
174 173
172 173
1150 176
1978 802
175 1544
175 1969
175 1866
176 175
802 175
2292 178
1291 1056
177 936
178 177
1056 177
977 562
1814 179
2076 1062
562 2076
1544 2076
180 2076
179 2076
1701 181
182 1657
182 972
183 182
181 182
208 1430
2121 184
2166 1567
1430 2166
184 2166
1267 1854
185 2445
185 2385
185 1880
1854 185
1490 646
646 199
1830 187
1555 1034
633 188
186 2183
188 186
187 186
1034 186
1937 2056
585 189
191 1434
2056 191
189 191
795 193
192 1177
193 192
2096 1308
195 498
1308 195
451 195
342 1217
342 592
370 342
1008 556
347 265
556 347
622 639
196 1079
639 196
1995 197
854 968
197 854
2008 200
198 1199
198 1036
200 198
729 204
985 202
203 775
204 203
202 203
878 205
2176 1762
205 2176
1055 206
958 785
337 958
206 958
244 559
1797 207
559 208
207 208
485 254
275 1231
1410 210
1223 711
1001 255
1231 1001
711 1001
254 1001
210 1001
1312 1022
1569 1312
1046 2219
211 531
2219 211
693 212
1246 970
2331 420
212 2331
970 2331
1389 213
612 2411
612 2310
213 612
213 214
1179 216
215 1777
216 215
1571 1742
1978 217
1085 1655
1742 1085
217 1085
1986 392
218 1336
392 218
314 220
219 2077
219 1500
220 219
1940 472
221 1940
2408 1421
222 891
1421 222
1409 324
223 438
223 2369
324 223
940 1300
224 2248
1300 224
226 832
2267 226
1375 228
228 227
2091 231
1138 2107
2163 233
233 230
231 230
2107 230
236 235
1409 238
237 1262
237 2125
237 1756
237 1206
237 1999
237 1588
237 1578
237 976
238 237
1931 239
310 260
239 1672
260 1672
1573 241
241 240
242 1534
2263 242
2263 243
513 245
244 763
244 1740
244 1347
244 823
245 244
1597 271
271 719
1042 2328
246 2130
2328 246
822 635
1359 2439
1223 689
464 1798
247 464
689 464
635 464
2439 464
684 2118
352 248
321 1187
321 997
248 321
248 2118
1870 249
249 541
2205 251
251 250
252 424
1936 252
1361 253
2182 514
2182 2330
2182 906
253 2182
1425 506
2225 939
255 2225
506 2225
1962 258
1663 256
258 257
256 257
404 799
548 681
1108 259
259 1129
799 1129
681 1129
2096 263
951 261
1499 861
263 1499
261 1499
1321 931
2265 343
1054 986
343 1054
343 931
504 1485
400 2391
1485 400
264 1002
265 264
1409 266
2188 1496
266 2188
391 268
1945 743
594 1387
268 594
743 594
2073 269
526 914
269 526
1362 2156
270 1759
270 1530
2156 270
1765 274
274 273
272 273
905 2297
1077 868
275 2119
2297 275
868 275
1252 677
276 2145
677 276
1859 278
277 598
277 1665
278 277
330 1379
341 1277
1051 1749
1379 1051
1277 1051
2229 1838
2363 839
1838 2363
2353 283
1598 280
281 2417
283 281
280 281
2070 1482
1651 2070
534 285
284 456
285 284
1265 1167
1265 815
1265 1463
286 1265
631 2235
287 964
2235 287
289 288
362 291
290 1879
290 1184
291 290
795 292
573 1274
292 573
1381 1124
1124 1195
1718 294
293 2357
294 293
1171 1660
363 295
296 1027
295 296
295 1660
362 418
1012 1357
1012 2143
1012 1963
418 1012
2096 345
822 297
298 642
345 298
301 298
300 298
297 298
302 1597
2096 304
665 305
1055 303
2186 2404
847 1473
305 847
2404 847
304 847
303 847
1323 545
942 712
306 483
545 306
712 306
1042 308
307 2153
308 307
560 309
310 2030
310 1423
310 995
309 310
309 311
1765 550
550 360
312 360
1361 373
314 1790
373 314
313 314
1276 316
2355 1261
316 2355
793 318
317 941
318 317
954 317
729 1804
1804 1323
1235 320
319 1839
320 319
1013 323
1472 445
322 1514
445 322
445 323
1182 327
793 325
2382 328
328 326
327 326
325 326
730 1789
1548 1038
1977 340
340 329
1789 329
1038 329
771 331
331 330
2028 333
1709 332
1136 1805
332 1136
332 333
1641 335
1555 2350
633 336
334 661
336 334
335 334
2350 334
1172 344
1150 338
1616 1414
341 1536
341 1778
341 1370
1414 341
344 341
338 341
1223 350
348 1579
350 348
349 348
346 348
1984 1109
352 1019
1109 352
1410 355
2228 353
354 1392
355 354
353 354
356 1735
357 356
1328 359
1335 358
1529 769
359 1529
358 1529
1498 361
1971 2388
665 426
665 439
665 494
665 2089
665 880
665 1487
665 1037
2388 665
2388 361
1326 2415
362 2364
362 1585
362 2370
2415 362
1088 364
363 1028
364 363
1988 365
1948 1707
365 1948
1988 2033
2033 693
1223 615
615 1632
366 1632
575 789
367 1617
367 1181
789 367
368 1737
2215 368
1970 971
640 737
971 640
581 369
1015 2398
369 1015
876 371
371 1945
1609 374
1328 376
376 1113
1418 1113
374 1113
2211 378
1628 1065
378 1074
1065 1074
2096 488
1817 379
1239 383
488 380
383 380
382 380
379 380
480 398
1799 384
385 486
1392 385
398 385
384 385
850 1959
386 1448
386 697
1959 386
2401 387
1988 2329
1988 2279
1988 2105
1988 1026
1988 2055
1988 2044
1988 965
1988 1787
1988 1581
1988 1712
1988 1474
1988 2048
387 1988
388 620
389 388
1213 390
474 2117
390 474
1496 474
751 2178
391 1739
2178 391
2178 393
1009 397
2168 394
395 992
397 395
394 395
1223 401
1646 399
700 1680
700 1020
401 700
399 700
2198 403
402 1773
402 1207
1022 402
1022 403
2444 747
404 1449
747 404
583 2189
405 2358
2189 405
2442 407
406 723
407 406
662 408
408 1870
1380 411
410 1141
410 2097
410 870
411 410
2053 413
2233 960
413 2233
1276 537
1701 1874
1701 1432
537 1701
414 1701
501 2098
416 553
2098 416
2423 419
417 1446
417 1605
419 417
1806 423
422 862
423 422
420 422
425 432
425 1519
425 704
425 2437
424 425
424 429
427 2322
428 427
426 427
576 430
1958 433
433 431
432 431
430 431
1241 1010
1355 434
434 513
434 1010
1678 701
974 435
2132 2253
701 2132
435 2132
453 436
1733 1368
438 1733
437 1733
436 1733
2186 441
1055 442
440 1669
440 2446
440 630
440 1794
442 440
441 440
439 440
505 447
2436 444
669 448
448 446
447 446
444 446
1157 449
1895 1142
1895 1123
449 1895
2412 1976
450 1979
450 1114
1976 450
1956 452
2164 1076
452 2164
2110 455
891 453
891 455
2059 458
1213 571
1213 1097
1213 2063
1213 1078
1213 1350
456 1213
456 458
459 2378
460 459
1594 1826
670 465
1830 461
462 716
465 462
461 462
1916 2039
1409 468
466 1307
468 466
2039 466
748 466
2146 1075
469 530
469 1922
1075 469
1075 1642
2421 1120
470 1218
1120 470
1217 1208
1262 1208
1923 471
1815 2356
471 1815
521 865
472 521
1521 473
1907 882
1094 2399
1669 1094
473 1094
882 1094
1452 476
475 589
476 475
2317 478
477 1851
478 477
1931 946
485 479
946 480
479 480
1820 702
1399 481
1437 863
863 1689
702 1689
481 1689
482 1021
483 482
1807 484
485 707
485 2065
484 485
484 486
729 1875
2316 487
489 2354
1875 489
487 489
721 492
1437 490
2314 496
491 1006
494 491
496 491
492 491
490 491
1601 1302
1218 1601
497 2431
497 1110
498 497
2303 503
1643 499
503 501
499 501
850 2196
504 1627
2196 504
1663 1319
2173 505
1319 505
1295 956
1512 507
703 1792
956 703
507 703
1543 963
508 780
508 2306
508 2104
508 797
508 903
1482 508
1482 963
776 2054
510 568
510 1919
510 746
2054 510
1228 511
2061 1717
514 2061
511 2061
2027 516
515 2262
516 515
1502 518
517 1933
518 517
2246 1285
519 2414
1285 519
751 2418
522 1867
2418 522
750 1298
1481 523
1333 877
1298 1333
523 1333
1743 1697
1554 524
525 1431
525 1310
524 525
524 1697
1736 1404
850 1637
1404 850
993 527
648 1395
527 1395
1243 529
1137 528
767 1834
529 767
528 767
1552 918
2089 1552
530 1552
533 1465
531 533
1994 535
535 534
1341 1547
1684 536
1547 2059
536 2059
538 2326
1027 538
567 2395
974 1565
2395 974
2405 540
539 1607
539 758
539 1475
540 539
1441 544
2159 1542
542 1832
1542 542
1542 544
2397 821
546 1720
821 546
2432 547
805 913
728 656
913 728
913 547
2379 725
856 1229
725 856
2303 1016
1016 548
549 1405
1199 549
1199 551
1171 2200
552 1171
552 553
771 558
557 1860
557 1118
558 557
554 557
1193 2386
998 1272
2210 764
2386 2210
1272 2210
1093 561
561 560
1822 1873
564 563
1873 563
934 1492
565 934
1797 643
1802 1131
763 1802
643 1802
1768 566
935 2036
566 935
568 567
1889 567
1872 569
1526 607
571 1526
569 1526
1507 848
572 1924
572 777
589 572
589 848
1276 1491
1491 575
574 575
1958 577
577 576
1519 576
1635 578
2353 2260
893 1858
578 893
2260 893
1861 579
580 2046
580 1788
579 580
579 2378
1055 582
2186 1821
582 581
1821 581
1422 584
584 583
2115 586
585 1769
586 585
783 1160
587 2321
1160 587
1501 1287
1242 590
670 2101
1287 670
590 670
1134 595
595 593
592 593
1128 596
596 1252
1636 597
2216 1470
597 2216
598 1970
599 1040
599 2243
785 599
776 602
601 1471
602 601
600 601
1548 605
1533 604
809 1893
605 809
604 809
2068 2090
606 1850
607 606
2090 606
757 610
1923 608
609 1433
608 609
608 610
2389 611
655 1354
655 1204
611 655
2043 614
1399 613
1063 2179
614 1063
613 1063
1928 1882
616 1311
1882 616
1434 616
1362 619
1228 617
618 1550
619 618
617 618
1269 1917
1328 1303
1328 2181
1328 690
1328 1244
620 1328
620 1917
2446 1137
1409 2425
2096 2197
2096 1972
2096 671
2096 1324
2425 2096
2375 2230
2445 1134
2230 1134
2116 1946
1918 2324
1946 1918
2115 2438
2442 2155
2442 714
2442 1111
2438 2442
2436 2337
2436 2094
2436 1151
941 2436
2047 921
1382 1427
1382 2102
921 1382
1214 2435
1309 1702
2435 1309
1801 1795
790 814
1795 790
2431 790
1354 1908
1219 1091
1228 1299
2240 1358
1091 2240
1299 2240
2384 2429
1721 1067
2429 1721
1412 2362
2428 2231
2362 2428
1596 1456
1954 2427
1456 1954
2424 1774
1446 2424
1446 1981
1188 1633
1633 2423
1518 2420
2420 2421
1420 2224
867 1372
2224 867
2417 867
2206 1381
2084 2272
2414 2084
1055 2148
1820 741
2148 1820
1477 1731
2413 1658
1303 2413
1617 2413
1731 2413
932 1455
1150 675
2368 959
1455 2368
675 2368
1215 2140
1460 2236
2140 2412
2236 2412
2329 2270
2411 2270
1179 1836
637 2217
637 1618
1836 637
1033 817
817 2410
1426 2409
1234 2124
2030 1234
780 1234
2409 1234
2408 884
1448 2408
692 2406
2406 2108
770 1770
860 1322
1770 860
1157 1612
1612 2401
1612 2399
1243 2131
1437 2377
2398 1437
2131 1437
1228 2393
1191 650
1327 2392
2392 2316
2393 2316
650 2316
1980 1317
1990 2434
1317 1990
1422 2319
2390 2147
2319 2390
787 1438
1438 2389
1501 1386
2296 1494
2296 713
1386 2296
2387 1681
2351 2387
1819 1484
2385 1819
994 2383
1043 1897
2383 1043
1419 2007
2028 2026
2007 2028
2186 2381
998 1159
1159 2382
2381 2382
2377 2382
1978 2295
1483 2040
1483 1394
2295 1483
959 1483
1108 1619
1619 2379
1449 2379
1930 2380
1842 1397
2380 1842
1080 1729
2376 1881
2376 2372
1729 2376
2279 2292
2375 2256
2375 1600
2017 2375
2373 695
1405 2373
2085 2027
2251 2022
1429 2371
2022 2371
1368 2371
1409 2323
1239 858
1138 1466
1576 644
2369 1576
1466 1576
2323 1576
858 1576
1223 1226
1548 2087
1548 1985
1548 1888
1548 923
1548 1753
1548 1126
1548 991
1226 1548
2366 1081
2364 2366
1598 1890
2227 710
2183 2227
1890 2227
2361 2227
2358 1502
1763 1939
1763 1668
1427 1763
2357 1763
1327 883
2356 1327
2356 2354
1069 1738
2213 1776
1738 2353
1776 2353
1125 1480
1881 1125
875 841
1585 875
1008 2345
2349 2309
2345 2349
1681 2344
1896 2342
2342 2091
1205 1301
1104 2341
1767 2339
727 1052
2341 727
2339 727
1301 727
2322 727
768 2325
1439 2335
2335 757
2325 757
2337 757
1830 1825
1830 1796
1830 2334
756 1830
2333 2139
2333 2332
1219 2327
1599 1904
2327 1599
2330 1599
2105 2338
796 1278
1470 796
1470 2324
1583 2320
1638 1090
2320 1638
1563 2318
1937 1467
1467 1684
1769 1684
2318 1684
1131 2121
2313 2443
1465 2313
621 2311
754 1608
2123 2192
2311 2123
1608 2123
977 1868
953 855
2128 624
2128 1183
855 2128
855 1868
2309 1235
1801 1723
857 652
1149 1194
1723 1149
652 1149
1931 1929
2305 1025
1929 2305
2306 2305
825 2169
1646 2302
2303 2081
2303 866
2303 1779
2303 2252
2302 2303
2169 2303
1040 2303
2301 2208
2301 1402
2300 2301
2062 2301
1913 2308
1877 2299
2291 2298
2308 2298
2299 2298
1412 2287
2290 1117
2290 1734
2287 2290
1973 1703
2001 1610
2001 1745
1703 2001
1170 2284
1223 668
2286 632
2284 2286
668 2286
649 773
1204 649
1204 2310
2434 1203
1941 694
2277 806
694 2277
2100 2275
1464 2276
1460 2285
2276 1460
2276 2275
2272 1898
1219 1901
1219 672
2269 1219
1928 2266
2266 2268
2155 2268
1179 1824
1357 1179
2262 2265
2430 1100
1205 1719
1100 1205
1214 1602
1879 1214
731 1921
1921 1178
1128 1800
2261 1011
1800 2261
1663 2258
1662 2259
889 778
2181 889
2258 889
2259 889
782 2190
811 1949
811 881
2256 811
2190 811
1345 2255
2255 1422
779 1876
1052 779
2253 779
2251 1775
2251 1451
2251 1353
2251 957
2249 2251
1989 1378
2248 1989
786 2239
2239 2146
2246 1784
1081 2246
1808 2232
2031 2244
2234 1791
2232 2234
2244 2234
2119 2228
707 2228
1670 2228
698 2222
2405 1290
2226 1220
2222 2226
1290 2226
722 2218
1174 1271
2220 706
2220 826
2220 659
1271 2220
1271 2218
2217 2000
1409 1396
2214 1049
1396 2214
2213 1535
2213 1023
1536 2213
1695 2212
2245 1400
2212 2245
1031 1947
2209 1031
2077 1031
2187 1031
783 2207
968 878
968 2207
1296 2202
2202 2205
825 1761
2315 2312
1761 2315
2243 2315
663 1059
1026 663
2200 663
1698 2199
1411 715
2197 1411
2199 1411
2195 631
1831 2194
2336 1991
2194 2336
2115 1846
2193 762
2192 2193
1846 2193
1122 1754
2191 1122
2186 2170
2186 2092
2186 1017
837 2186
793 1900
2184 683
2081 2184
2179 2184
1900 2184
1777 770
1602 1380
1375 2177
1236 1373
2177 1236
1974 2041
2175 1435
2041 2175
1378 2159
1531 1058
1388 2352
2352 1609
1058 1609
1658 1609
1980 1407
1407 1188
1980 2367
2367 2347
2163 1121
1716 1885
1121 1716
814 1716
764 1716
1399 2174
1409 1855
895 1932
2174 895
1855 895
1223 2172
827 912
729 1724
729 1082
2172 729
912 729
2170 1182
2171 1182
1229 1182
1388 2052
2422 937
2326 2422
2052 2422
2254 2167
1311 1822
2167 1822
2083 752
2094 2083
720 2165
2165 2158
1399 1444
2163 709
2163 1428
1444 2163
1490 2025
2162 1728
2162 1525
2025 2162
1867 2161
2157 1709
724 2154
658 2416
2154 1419
2416 1419
753 1468
1468 1849
1342 2151
2152 2138
2151 2152
2147 2150
1069 628
2101 1069
2102 1069
2143 2144
2141 949
2138 2141
962 2137
1223 2136
2374 2009
2136 2374
1102 2374
2137 2374
1768 2346
2134 708
2346 2134
2346 2046
1242 742
1242 1967
1242 1625
1242 916
1278 1242
2133 2278
2130 2133
1993 1942
1993 926
2040 1993
2125 1751
1484 1751
1410 1746
2426 1164
1746 2426
2124 2426
2433 1648
1372 2433
1916 1417
2115 808
1417 2115
1969 2115
2117 2115
633 1099
2114 1878
2114 1823
2114 1785
1099 2114
1690 1730
1141 1690
793 2106
2106 2110
2111 2110
1750 2103
853 1315
2103 853
2097 2099
1610 1258
1786 2093
2204 1286
2204 1119
2204 1406
2093 2204
1055 2020
825 2088
2444 1084
2088 2444
2092 2444
2020 2444
1809 966
927 2079
2082 1812
2079 2082
966 2082
2087 2082
1116 2078
2078 1916
2024 2072
2074 1000
2072 2074
2208 2074
1616 1686
932 678
932 2135
1686 932
2071 994
2065 2068
2104 2068
2069 2068
1532 2060
733 2042
2042 1477
2042 2060
1687 2058
2055 1806
2058 1806
1247 2050
2050 2053
2047 1748
2047 1631
2047 2271
2047 1454
2045 2047
2044 2211
1732 2037
2037 1390
810 1173
1173 1554
720 2032
2032 2035
1068 761
761 1507
2026 2031
740 2024
1962 929
2360 1962
909 1251
1345 829
1251 1345
2011 967
1752 1245
967 1752
1150 2019
2019 1571
933 2015
1931 2016
1223 2013
2013 1425
2015 1425
2016 1425
2289 1630
1232 2289
1330 2010
2005 961
2002 2005
2010 2005
1971 984
1998 2242
984 1998
864 1996
1997 849
1996 1997
1117 1995
1991 1994
1340 1987
1527 1549
1987 1527
1047 1523
2073 1146
1523 2073
1626 1661
1986 1314
1661 1986
1979 2100
1676 2100
1985 2100
1172 1975
1975 1978
1036 1973
1699 1966
1966 1971
1964 1152
1167 1964
2405 1957
1957 1958
1286 1958
1274 1956
1743 1520
1955 1743
1955 1952
732 1580
1784 732
1949 1814
1228 1943
1944 2095
1943 1944
1947 1944
1939 1635
1942 1635
1042 1938
1938 1831
2049 1935
1935 1937
1115 1937
1532 791
1933 1532
1933 1435
1932 1108
2372 1930
2372 1924
1919 2430
1922 2430
1757 1048
1914 1757
857 1032
1801 2365
1911 1139
2365 1911
1032 1911
1194 1911
1415 1910
1905 1211
1707 1905
1910 1905
1606 1780
1780 622
1902 1096
1901 1902
906 1902
1904 1902
820 1611
1611 1215
626 1818
1818 834
1818 775
1886 1375
1897 1172
1897 1791
1896 1385
2443 1896
2443 1893
1892 1459
1892 1344
1892 1133
2370 1892
658 1891
724 1595
724 1155
1152 724
1152 1891
647 1887
1885 2198
1887 2198
1888 2198
996 1883
1884 801
1883 1884
1668 1877
1878 1877
2067 1316
1478 2067
1874 2067
1872 1961
1872 1127
1866 1872
1584 1281
1863 894
1281 1863
1963 1861
2008 1857
1857 1859
1693 1852
1513 636
1097 1513
1852 1513
923 1513
1851 1583
1851 1850
1848 890
737 1848
1683 1342
1263 1847
793 1351
760 657
1845 760
1847 760
1351 760
1839 953
1834 1835
965 1828
1832 1828
1555 1593
1726 744
1823 1726
1593 1726
1825 1726
1613 803
1817 1810
803 1817
803 1812
1811 1907
630 1907
1719 1907
2014 772
772 1809
1810 1809
1805 1808
2397 1053
1803 2397
1801 1168
1801 1337
894 1801
894 1798
1297 1797
1340 1704
1920 2034
1920 1230
1704 1920
1796 1920
820 873
917 1510
873 917
2285 917
1767 1793
1793 1575
1794 1575
1488 1760
1488 1098
1790 1488
1792 1488
1140 915
1787 1140
1788 1140
1249 840
1314 1249
1050 1782
1783 1551
1778 1783
2034 1783
1782 1783
1785 1783
1773 647
1775 647
908 2307
2307 759
1321 1772
1771 1329
1581 1771
1772 1771
1490 1766
1766 1768
1764 1765
1972 1765
1590 1070
1762 1590
2321 1590
1759 684
1760 684
1786 1758
1756 2348
1758 2348
1006 1498
1735 1498
1753 1498
1138 1105
1105 2014
1745 1750
1245 1472
904 792
1730 904
1549 621
1748 621
1749 621
1744 1965
1744 1912
1740 1744
1824 1736
1728 1732
1295 1725
1573 1652
1727 2250
1725 1727
1652 1727
1537 1714
1714 1722
1717 1722
1724 1722
1151 1269
778 1269
1238 1545
2334 1238
1713 1348
1712 1713
1711 820
1711 2009
1708 833
1605 1708
1086 2021
734 660
1961 734
2021 734
1377 1145
1702 1377
1047 1696
1696 1699
1694 1695
977 1692
2203 2160
1692 1693
806 1693
629 1693
2160 1693
1553 1685
1540 705
1687 1180
705 1687
705 1685
1682 1024
1206 1682
1546 1682
1243 1674
1767 1673
1673 1678
1674 1678
1680 1678
1671 1461
2242 1671
1667 679
1667 1953
1664 1667
1710 1497
1663 1659
1657 1662
1497 1662
1659 1662
1033 1654
988 2049
1654 2049
1655 2049
1634 1840
1653 1634
1629 1649
1648 2116
1649 2116
687 1647
951 1369
800 951
1647 951
1228 1189
2340 755
623 2340
1189 2340
2095 2340
899 1041
1041 626
845 1197
845 1489
632 845
1394 633
2145 977
2145 636
1103 638
638 1540
1098 641
1530 641
1363 1376
1126 1363
644 1363
1490 879
1691 920
879 1691
926 1960
1370 1960
793 654
1515 651
653 925
654 653
651 653
981 1539
861 1439
1539 1439
983 2109
857 885
2109 857
2109 877
691 978
656 691
1114 2419
832 1501
832 657
1223 1755
1755 1341
2063 1341
660 1341
2273 662
1223 736
1799 1156
1799 1313
736 1799
666 1799
1062 1442
1276 625
2343 2396
625 669
2396 669
1409 1393
2043 673
822 2086
671 1515
2086 1515
1393 1515
673 1515
983 1621
1621 787
1899 1915
1474 1899
791 1899
1362 674
836 1827
674 1827
1517 812
678 1517
1567 1517
679 983
1273 818
1193 1589
715 1193
680 1623
808 680
1283 682
769 1095
682 1095
880 825
815 2043
815 683
1088 973
973 795
1071 1161
1161 1046
1598 1591
686 987
661 686
1591 686
692 1556
697 692
704 698
1871 1440
1965 1871
706 1871
708 1335
1181 1335
1000 1335
1020 1104
714 1977
710 1977
1747 717
1002 658
1002 717
720 2064
2036 720
744 2127
1551 2127
1545 730
723 730
1228 982
2250 1191
1264 1191
982 1191
1222 1112
1112 733
964 1128
738 1528
801 738
801 1180
746 1130
741 1130
739 1130
762 1420
1243 1367
1487 1243
1486 930
930 1464
1463 786
1409 1816
1999 1359
1168 1359
1816 1359
1139 1359
1786 2247
2264 980
2247 2264
1607 2264
1288 1198
1288 1014
2278 1288
2278 749
742 771
1055 1294
1534 1055
2343 1092
752 750
1927 750
1092 750
1734 753
1503 2274
2274 2008
1072 1615
1048 1072
843 1624
1624 783
1588 768
758 768
1535 754
1230 754
1843 1781
690 1843
773 1843
1432 1843
1013 1196
838 1013
838 624
1595 827
2257 827
776 969
777 776
1397 776
993 781
1631 1033
781 1033
784 782
1880 782
978 1283
972 1283
1781 1283
792 1636
797 905
1088 1364
2018 1192
1364 2018
1336 805
1457 851
1915 1457
936 1457
2440 1508
812 2440
1318 990
1228 948
1228 1210
990 1228
841 1042
1584 830
1584 1143
1737 1584
1018 819
816 1135
1615 816
1615 819
1282 822
1282 925
1644 667
1347 2203
2149 2203
667 2203
824 1349
865 824
865 826
915 664
992 664
1019 1570
828 1035
829 828
830 1980
1586 831
1292 896
1451 1292
798 1292
833 1518
1469 1493
839 1469
840 2011
2048 1009
1029 952
844 843
842 843
1666 859
998 1005
998 2113
998 1620
849 998
849 859
864 1568
1568 1984
1322 1080
1934 1253
866 1934
862 1934
1066 869
989 1574
869 989
869 1558
1967 1340
871 1340
1170 1003
1086 874
1003 876
874 876
883 1295
960 1239
960 886
1145 1447
2201 919
1017 2201
969 2201
887 1383
890 887
896 892
1101 892
897 1254
1369 897
900 1533
709 1533
1353 1533
1385 1533
1398 2012
1564 1086
1564 2012
902 1224
627 902
1600 902
1840 902
793 1360
2135 1563
1360 1563
1409 1087
687 1338
1087 1663
1338 1663
1223 907
793 1284
907 793
1494 1718
1625 1718
1450 1209
2427 1450
1035 908
914 910
1200 1504
1504 1807
1767 726
919 927
918 927
726 927
1410 922
1541 1154
924 1541
922 1541
2120 928
928 933
928 939
1142 940
948 942
943 942
1550 942
955 1557
949 955
949 1876
996 813
1192 996
957 2254
1637 2229
947 2293
1461 947
975 1511
979 975
1786 1279
1279 981
1475 981
980 981
1779 1974
851 1974
2293 1267
2293 1968
1480 1103
672 985
1210 985
1358 985
1334 1531
986 1531
1028 2317
1089 1645
1579 1666
1645 1666
2271 1641
1257 1522
1665 1257
1639 794
2004 1639
1754 1629
991 1629
2241 1384
1630 2241
1627 1047
1720 1626
1492 1296
937 1560
2129 1321
2129 1067
813 909
794 2120
1623 1266
1227 1266
1618 899
920 1616
920 2112
1209 731
1833 1066
2064 1071
1186 1237
1084 1186
2312 1186
2153 1606
1023 1598
716 1598
1184 1596
1083 1441
1387 1398
1388 1587
2223 1462
1402 2223
1587 2223
1018 1202
1580 1018
1580 1431
1856 1366
1198 1445
1578 1445
1337 1445
1366 1445
1409 2185
1409 1391
1011 1409
1011 1574
1577 950
1373 1577
1928 2283
2283 1941
1049 1941
1384 1613
1565 1521
1250 2057
2057 1561
1348 1561
2231 1403
1253 1553
1316 1710
1164 1543
1025 1543
1156 1543
1428 1089
1197 1089
1318 1256
1256 1537
1096 1537
1528 1201
1525 1157
1516 2023
1329 1516
961 1516
1059 1643
1211 1643
999 1436
1349 999
1512 1030
1371 1512
1082 1165
755 1165
1508 962
1510 962
2029 962
2343 1505
1505 2441
1462 2441
1146 1222
885 1481
1489 1481
1170 1162
2185 1170
1471 2314
1473 2314
2391 1255
1079 2432
1079 1511
1860 1050
1454 1050
1302 1604
1302 1127
1293 1443
1436 1241
1440 1241
1443 1241
1459 1490
1841 1361
1433 2405
1953 1503
1423 1426
903 1426
745 1320
1119 1320
1254 1320
2294 1486
1858 1263
987 1263
1111 1263
884 1412
687 1039
1424 1865
1039 1424
1276 1305
1844 1276
1061 1044
1044 1150
713 993
916 993
1177 1362
1177 1021
1622 1476
1004 1622
1344 1923
1367 721
1005 721
1077 1057
995 1077
950 1138
950 1376
870 1247
2252 2384
2023 2384
1118 1555
687 696
1261 1068
1244 1068
929 1068
696 1068
1315 1008
1037 1524
1237 1524
1294 1767
976 1339
2437 1339
1284 1603
642 1603
1556 864
1522 1061
1522 1070
1452 1132
1132 1389
1076 810
1493 1174
1078 1928
1166 1116
1166 1307
1133 1088
1582 1064
1476 1582
695 1582
1090 1582
2113 1856
1110 1856
1589 1856
823 1644
852 1644
1912 1293
659 1293
1053 1786
1053 1413
1400 1200
1383 1355
1030 1573
1500 1573
1620 1399
1410 1190
1190 788
1057 788
1143 1452
1176 751
1305 1388
1774 1388
628 1913
1406 687
1220 687
1931 1270
1391 1931
881 1931
1224 2122
1024 2122
1313 2122
1270 1410
1538 1225
1162 2343
1865 2343
1187 1318
1324 1318
1123 1093
